43
56
55
54
43
43
45
33
28
37
28
32
22
34
32
57
37
35
31
50
38
41
28
30
56
32
39
32
26
46
46
24
46
42
44
39
43
52
30
31
30
32
40
51
30
42
30
32
45
39
38
42
44
35
33
36
50
42
45
40
44
41
50
40
39
41
34
45
49
40
39
36
44
34
38
39
39
38
34
33
43
33
47
43
40
39
36
38
29
45
37
38
36
49
30
41
35
43
42
38
44
43
49
33
34
33
42
28
30
33
56
42
31
41
46
50
50
33
41
44
35
26
25
33
29
50
35
25
36
30
36
36
36
50
39
37
42
41
32
48
34
42
42
36
33
42
41
38
39
33
36
35
54
35
44
35
35
33
40
47
34
35
54
28
37
46
46
32
33
29
36
33
28
25
40
31
41
17
28
42
40
25
43
23
44
40
33
39
28
30
29
24
35
48
48
47
35
41
37
44
20
52
69
32
20
23
34
35
39
51
61
51
52
59
44
56
49
58
39
39
39
50
36
51
47
57
42
52
49
41
39
40
41
48
43
49
45
46
37
41
0
0
0
0
