4 0.02583979375 0.538163384375 0.0337352875 0.5500894421875 0.049526271875 0.5277280828124999 0.047372953125 0.4964221796875 0.0466551828125 0.487477640625 0.038759690624999996 0.4725700640625 0.0294286546875 0.4755515828125 0.025122021875 0.484496121875 0.022968703125 0.5172927828125 0.02583979375 0.538163384375
4 0.0868504171875 0.4740608203125 0.07393051875 0.4621347625 0.056703990625 0.4740608203125 0.048808496875 0.5023852109375 0.0531151296875 0.532200359375 0.06603502812499999 0.539654146875 0.08541487343750001 0.5217650578125 0.0868504171875 0.488968396875 0.0868504171875 0.4740608203125
4 0.1299167375 0.47107930781249996 0.12345679062499999 0.45617173749999995 0.10766580625 0.46064400625 0.10335917343750001 0.4934406671875 0.11197243750000001 0.5187835453125 0.1263278796875 0.5247465703125 0.1406833171875 0.5277280828124999 0.145707721875 0.530709603125 0.1485788125 0.5500894421875 0.1593453921875 0.5694692890625 0.170111971875 0.5694692890625 0.1650875671875 0.5217650578125 0.163652025 0.5023852109375 0.162934253125 0.478533096875 0.1514498984375 0.45617173749999995 0.14140108906249998 0.46064400625 0.131352284375 0.478533096875 0.1299167375 0.47107930781249996
4 0.3452483484375 0.4725700640625 0.3452483484375 0.49493142343749996 0.3538616140625 0.50834824375 0.35888601875 0.5128205125 0.3703703703125 0.5023852109375 0.37108814218749997 0.49493142343749996 0.35601492968750004 0.4621347625 0.3452483484375 0.4725700640625
4 0.3883146703125 0.48300536562499996 0.389750215625 0.5158020249999999 0.4084122875 0.5202743015625 0.4112833765625 0.5202743015625 0.4206144140625 0.49791294218750004 0.41559000937499996 0.484496121875 0.39764570625 0.48002385312499996 0.3883146703125 0.48300536562499996
4 0.4615274203125 0.47107930781249996 0.447171978125 0.485986878125 0.447171978125 0.5217650578125 0.45291415468749996 0.5247465703125 0.462245190625 0.5158020249999999 0.4694229109375 0.5008944546875 0.47229400000000005 0.478533096875 0.47229400000000005 0.4755515828125 0.4615274203125 0.47107930781249996
4 0.553402240625 0.4502087046875 0.545506746875 0.4457364359375 0.53689348125 0.44424567968749995 0.5268446734375 0.44722719218749996 0.519666953125 0.45468098125 0.5175136390625 0.478533096875 0.521102496875 0.5008944546875 0.5261269015625001 0.5172927828125 0.53689348125 0.529218846875 0.5512489234375 0.5172927828125 0.5591444171875 0.50685748125 0.562733275 0.5008944546875 0.5641688203124999 0.481514609375 0.562733275 0.4621347625 0.553402240625 0.4502087046875
4 0.5835486640624999 0.4531902171875 0.5749354015625 0.45617173749999995 0.5727820828125 0.481514609375 0.5742176296875 0.5008944546875 0.5849842093750001 0.5158020249999999 0.5979041046875 0.5232558140625 0.611541775 0.5172927828125 0.6230261265625 0.50834824375 0.628768303125 0.49493142343749996 0.6294860734375 0.487477640625 0.62517944375 0.45915324999999996 0.6057995984375 0.44722719218749996 0.593597471875 0.4531902171875 0.5835486640624999 0.4531902171875
4 0.6892058734375001 0.508747621875 0.6892058734375001 0.490350628125 0.69363478125 0.471953634375 0.689546559375 0.45992482656250006 0.6803480625 0.4450657171875 0.6735343609375 0.439405109375 0.6670613453125 0.4365748015625 0.6575221640625 0.44789602500000003 0.6547966828125 0.46770817343750004 0.6571814781249999 0.4839824359375 0.6537746265625 0.499549121875 0.6486643515625 0.5165309609375 0.6496864078125 0.5349279546875 0.6605883296874999 0.5462491796875 0.67046819375 0.5370506859375 0.6810294328125 0.5264370390625001 0.6875024468750001 0.5151158078125 0.6892058734375001 0.508747621875
4 0.7726737124999999 0.44294298750000005 0.73690178125 0.4365748015625 0.7290660250000001 0.43728237812500004 0.715779309375 0.4422354109375 0.7076028671875 0.453556640625 0.7011298515625 0.469830903125 0.6994264265625 0.4917657828125 0.7035146484375 0.510870346875 0.7185047906250001 0.5335128015625 0.7246371203125 0.5328052249999999 0.7375831515625 0.5257294609375001 0.7481443890625 0.5129930765624999 0.7679041234375 0.5037945828125 0.7852790625 0.4896430515625 0.7839163203124999 0.47053848125000003 0.7781246765625001 0.4585096734375 0.7726737124999999 0.44294298750000005
4 0.8748792312499999 0.4960112375 0.8694282718749999 0.479029396875 0.8663621046875001 0.46558544218750003 0.867043475 0.45567937187499996 0.8496685375 0.44152783281249997 0.8404700406250001 0.43869753281249996 0.827524009375 0.4436505640625 0.8176441421874999 0.46275513437500004 0.8125338640624999 0.483274859375 0.8111711265625001 0.508747621875 0.81560003125 0.5264370390625001 0.8244578421875 0.544834025 0.83570045 0.554032525 0.8513719625 0.53988099375 0.861592515625 0.5271446156249999 0.8673841609374999 0.5299749171875 0.8748792312499999 0.5384658390625 0.8830556734374999 0.5377582624999999 0.8796488203124999 0.51016276875 0.8748792312499999 0.4960112375
4 0.9157614374999999 0.4252535703125 0.89940855625 0.42737630156249995 0.896001703125 0.4514339109375 0.8983865 0.4641702890625 0.8980458140625001 0.4896430515625 0.8912321140625 0.5073324671874999 0.894638965625 0.545541603125 0.9045188296875001 0.5441264546875 0.915420753125 0.5483719109375 0.9413128171875 0.5625234421875 0.9525554265625 0.5427113015625 0.9597098125000001 0.5412961468749999 0.9617539203125001 0.49247335937500003 0.9607318671874999 0.4691233265625 0.9535774781249999 0.4585096734375 0.9314329499999999 0.45567937187499996 0.9157614374999999 0.4252535703125
4 1 0.47973697499999995 0.9988885921874999 0.44648087187499996 0.9985479078124999 0.43091418593749997 0.994119003125 0.41534750000000004 0.9910528359375 0.404026275 0.989008725 0.3997808140625 0.975722009375 0.4033186984375 0.970271046875 0.41534750000000004 0.9682269375000001 0.4344520703125 0.9695896796874999 0.4563869484375 0.970271046875 0.46629301874999995 0.96924899375 0.4804445515625 0.96924899375 0.5023794296874999 0.970271046875 0.5271446156249999 0.9716337875000001 0.5476643328125 0.9753813234375001 0.5575704109374999 0.9852611906250001 0.5703067890625 0.9924155765625 0.563938596875 0.995481740625 0.5512022171875001 0.9975258515625001 0.5384658390625 0.9999106484375 0.520068846875 1 0.47973697499999995