4 0.5130208328125 0.1279296875 0.5221354171875 0.1328125 0.5286458328125 0.1318359375 0.5390625 0.1240234375 0.5325520828125 0.1171875 0.5221354171875 0.1171875 0.5130208328125 0.1220703125 0.5130208328125 0.1279296875
4 0.3802083328125 0.9072265625 0.3828125 0.8994140625 0.3736979171875 0.892578125 0.3658854171875 0.892578125 0.359375 0.8974609375 0.3658854171875 0.908203125 0.3802083328125 0.9072265625
4 0.2994791671875 0.6923828125 0.30859375 0.69921875 0.3125 0.6982421875 0.3203125 0.6865234375 0.30859375 0.677734375 0.2981770828125 0.677734375 0.2942708328125 0.6845703125 0.2994791671875 0.6923828125
4 0.09635416718749999 0.4833984375 0.1002604171875 0.486328125 0.1171875 0.4853515625 0.1223958328125 0.4755859375 0.1158854171875 0.46875 0.1080729171875 0.466796875 0.09635416718749999 0.4736328125 0.09635416718749999 0.4833984375
5 0.265625 0.8642578125 0.2682291671875 0.8525390625 0.26171875 0.84765625 0.24479166718749998 0.8505859375 0.24479166718749998 0.8603515625 0.24869791718749998 0.86328125 0.265625 0.8642578125
4 0.1901041671875 0.5419921875 0.20182291718749998 0.546875 0.20833333281250002 0.5458984375 0.2109375 0.5361328125 0.20182291718749998 0.52734375 0.1966145828125 0.52734375 0.1901041671875 0.5322265625 0.1901041671875 0.5419921875
4 0.2916666671875 0.3447265625 0.2981770828125 0.34765625 0.3098958328125 0.3466796875 0.3151041671875 0.3388671875 0.3125 0.3330078125 0.3059895828125 0.33203125 0.2916666671875 0.3408203125 0.2916666671875 0.3447265625
4 0.2799479171875 0.400390625 0.2786458328125 0.4052734375 0.2838541671875 0.4111328125 0.2955729171875 0.419921875 0.2994791671875 0.4189453125 0.3098958328125 0.4111328125 0.3098958328125 0.4072265625 0.2903645828125 0.3984375 0.2799479171875 0.400390625
4 0.140625 0.8525390625 0.1536458328125 0.8466796875 0.15234375 0.8359375 0.1354166671875 0.8388671875 0.1328125 0.8486328125 0.13671875 0.853515625 0.140625 0.8525390625
4 0.24479166718749998 0.8505859375 0.24479166718749998 0.8603515625 0.2604166671875 0.8662109375 0.2682291671875 0.8623046875 0.2682291671875 0.8525390625 0.26171875 0.84765625 0.2513020828125 0.84765625 0.24479166718749998 0.8505859375
4 0.140625 0.5029296875 0.14453125 0.5078125 0.1536458328125 0.5087890625 0.1640625 0.5029296875 0.1640625 0.4990234375 0.1471354171875 0.494140625 0.140625 0.4990234375 0.140625 0.5029296875
4 0.234375 0.3134765625 0.2421875 0.3095703125 0.24348958281250002 0.30078125 0.22265625 0.30078125 0.21354166718749998 0.3056640625 0.22265625 0.314453125 0.234375 0.3134765625
4 0.1393229171875 0.69140625 0.1276041671875 0.7001953125 0.1276041671875 0.7080078125 0.1315104171875 0.7109375 0.140625 0.7099609375 0.1458333328125 0.7080078125 0.1510416671875 0.6982421875 0.1471354171875 0.69140625 0.1393229171875 0.69140625
4 0.34375 0.4326171875 0.35546875 0.4375 0.3619791671875 0.4365234375 0.3671875 0.4306640625 0.3645833328125 0.4228515625 0.3502604171875 0.421875 0.34375 0.4267578125 0.34375 0.4326171875
4 0.28125 0.9716796875 0.2903645828125 0.978515625 0.2994791671875 0.9775390625 0.3020833328125 0.9755859375 0.2994791671875 0.9599609375 0.2877604171875 0.95703125 0.28125 0.9638671875 0.28125 0.9716796875
5 0.1666666671875 0.2255859375 0.171875 0.2177734375 0.171875 0.2080078125 0.1627604171875 0.205078125 0.1614583328125 0.2138671875 0.1510416671875 0.2216796875 0.1666666671875 0.2255859375
4 0.3333333328125 0.7333984375 0.3359375 0.7294921875 0.32421875 0.72265625 0.3151041671875 0.7275390625 0.3151041671875 0.7314453125 0.3216145828125 0.734375 0.3333333328125 0.7333984375
4 0.0234375 0.3798828125 0.03125 0.3701171875 0.02734375 0.361328125 0.0182291671875 0.3662109375 0.013020832812499999 0.3740234375 0.0169270828125 0.380859375 0.0234375 0.3798828125
4 0.1458333328125 0.4521484375 0.1549479171875 0.458984375 0.1614583328125 0.4580078125 0.1666666671875 0.4541015625 0.1666666671875 0.4404296875 0.16015625 0.43359375 0.1484375 0.4404296875 0.1458333328125 0.4521484375
4 0.3411458328125 0.2958984375 0.34765625 0.30078125 0.3567708328125 0.2998046875 0.3645833328125 0.2958984375 0.3606770828125 0.2890625 0.3528645828125 0.287109375 0.3411458328125 0.2919921875 0.3411458328125 0.2958984375
4 0.3658854171875 0.552734375 0.3619791671875 0.5615234375 0.3645833328125 0.5673828125 0.3736979171875 0.57421875 0.3854166671875 0.5751953125 0.3932291671875 0.5712890625 0.3958333328125 0.5615234375 0.3763020828125 0.55078125 0.3658854171875 0.552734375
4 0.2265625 0.4013671875 0.23697916718749998 0.3876953125 0.22265625 0.3828125 0.21484375 0.384765625 0.20572916718749998 0.3955078125 0.21223958281250002 0.40234375 0.2265625 0.4013671875
4 0.4244791671875 0.6064453125 0.4283854171875 0.609375 0.4375 0.6083984375 0.4401041671875 0.5986328125 0.43359375 0.59375 0.42578125 0.59375 0.421875 0.5986328125 0.4244791671875 0.6064453125
4 0.1549479171875 0.166015625 0.1692708328125 0.1650390625 0.17578125 0.1640625 0.1770833328125 0.1611328125 0.1653645828125 0.16015625 0.1497395828125 0.15234375 0.1432291671875 0.1416015625 0.1341145828125 0.134765625 0.1236979171875 0.134765625 0.1145833328125 0.1396484375 0.1119791671875 0.1474609375 0.1184895828125 0.158203125 0.13671875 0.16015625 0.1549479171875 0.166015625
4 0.3736979171875 0.12890625 0.38671875 0.134765625 0.40234375 0.1328125 0.40625 0.1298828125 0.4036458328125 0.1181640625 0.3893229171875 0.111328125 0.3346354171875 0.111328125 0.3307291671875 0.1142578125 0.3307291671875 0.1259765625 0.33984375 0.1328125 0.359375 0.1376953125 0.3736979171875 0.12890625
4 0.4270833328125 0.1396484375 0.43359375 0.14453125 0.4557291671875 0.1455078125 0.4635416671875 0.1396484375 0.4596354171875 0.130859375 0.4388020828125 0.12890625 0.4270833328125 0.1337890625 0.4270833328125 0.1396484375
4 0.1510416671875 0.2197265625 0.1549479171875 0.224609375 0.1666666671875 0.2255859375 0.171875 0.2158203125 0.16796875 0.205078125 0.1614583328125 0.2080078125 0.1614583328125 0.2138671875 0.1510416671875 0.2197265625
4 0.0260416671875 0.3251953125 0.0325520828125 0.33203125 0.046875 0.3310546875 0.06770833281250001 0.3251953125 0.06510416718749999 0.3173828125 0.0481770828125 0.30859375 0.03515625 0.3125 0.0260416671875 0.3251953125
4 0.1028645828125 0.318359375 0.08333333281250001 0.3232421875 0.08723958281250001 0.328125 0.09895833281250001 0.3291015625 0.1041666671875 0.3271484375 0.1028645828125 0.318359375
4 0.06770833281250001 0.2392578125 0.078125 0.2333984375 0.078125 0.2294921875 0.07421875 0.2265625 0.07161458281250001 0.228515625 0.06380208281250001 0.220703125 0.05338541718749999 0.220703125 0.0416666671875 0.2353515625 0.0416666671875 0.2412109375 0.0481770828125 0.24609375 0.06510416718749999 0.2470703125 0.06770833281250001 0.2392578125
4 0.2916666671875 0.2490234375 0.2994791671875 0.2451171875 0.2955729171875 0.23828125 0.27734375 0.23828125 0.2682291671875 0.2431640625 0.2708333328125 0.2509765625 0.2682291671875 0.2587890625 0.27734375 0.265625 0.2838541671875 0.2646484375 0.2890625 0.2626953125 0.2916666671875 0.2490234375
4 0.453125 0.2509765625 0.43359375 0.2421875 0.4231770828125 0.244140625 0.40234375 0.2421875 0.3880208328125 0.2626953125 0.390625 0.2666015625 0.4244791671875 0.2666015625 0.4466145828125 0.259765625 0.453125 0.2548828125 0.453125 0.2509765625
4 0.4479166671875 0.3466796875 0.4440104171875 0.330078125 0.42578125 0.33203125 0.4205729171875 0.328125 0.3815104171875 0.328125 0.3723958328125 0.3330078125 0.3723958328125 0.3408203125 0.37890625 0.345703125 0.3880208328125 0.3466796875 0.39453125 0.361328125 0.4322916671875 0.3603515625 0.4479166671875 0.3466796875
4 0.3776041671875 0.4677734375 0.3815104171875 0.4765625 0.3958333328125 0.4775390625 0.4036458328125 0.4736328125 0.4036458328125 0.4697265625 0.3971354171875 0.46484375 0.3841145828125 0.46484375 0.3776041671875 0.4677734375
4 0.4388020828125 0.486328125 0.421875 0.4873046875 0.421875 0.4951171875 0.4296875 0.5009765625 0.4401041671875 0.4951171875 0.4388020828125 0.486328125
4 0.5442708328125 0.5263671875 0.546875 0.5146484375 0.54296875 0.51171875 0.5299479171875 0.513671875 0.5286458328125 0.5244140625 0.5325520828125 0.52734375 0.5442708328125 0.5263671875
4 0.3020833328125 0.5693359375 0.3072916671875 0.5576171875 0.2955729171875 0.55078125 0.2890625 0.5556640625 0.2864583328125 0.5654296875 0.29296875 0.5703125 0.3020833328125 0.5693359375
4 0.2669270828125 0.6171875 0.2630208328125 0.6201171875 0.2630208328125 0.6298828125 0.2747395828125 0.63671875 0.2864583328125 0.6357421875 0.2955729171875 0.6328125 0.2994791671875 0.6259765625 0.2825520828125 0.615234375 0.2669270828125 0.6171875
4 0.06770833281250001 0.6650390625 0.06510416718749999 0.6708984375 0.06901041718749999 0.67578125 0.07682291718749999 0.677734375 0.09375 0.6767578125 0.1015625 0.6708984375 0.1015625 0.6591796875 0.08463541718749999 0.654296875 0.06770833281250001 0.6650390625
4 0.1328125 0.6474609375 0.13671875 0.654296875 0.1432291671875 0.6533203125 0.1510416671875 0.6416015625 0.1471354171875 0.63671875 0.13671875 0.63671875 0.1328125 0.6396484375 0.1328125 0.6474609375
4 0 0.5048828125 0.0078125 0.5048828125 0.0234375 0.4931640625 0.0221354171875 0.48828125 0 0.4873046875 0 0.5048828125
4 0.1354166671875 0.8076171875 0.1393229171875 0.8125 0.1549479171875 0.80859375 0.1627604171875 0.814453125 0.1692708328125 0.8134765625 0.16796875 0.8046875 0.1549479171875 0.8046875 0.1471354171875 0.798828125 0.1354166671875 0.8076171875
4 0.4778645828125 0.6953125 0.4557291671875 0.6982421875 0.4622395828125 0.70703125 0.4791666671875 0.7060546875 0.4817708328125 0.6982421875 0.4778645828125 0.6953125
4 0.1953125 0.4794921875 0.20703125 0.4921875 0.21614583281250002 0.4912109375 0.22395833281250002 0.4853515625 0.22395833281250002 0.4677734375 0.21223958281250002 0.462890625 0.20052083281250002 0.4677734375 0.1953125 0.4794921875
4 0.6640625 0.8134765625 0.671875 0.8095703125 0.6744791671875 0.8037109375 0.671875 0.7919921875 0.65625 0.7783203125 0.6484375 0.7646484375 0.6510416671875 0.7587890625 0.6484375 0.7255859375 0.6614583328125 0.6806640625 0.6614583328125 0.6591796875 0.6744791671875 0.6396484375 0.671875 0.6357421875 0.6744791671875 0.6220703125 0.6692708328125 0.6103515625 0.6796875 0.5849609375 0.6822916671875 0.5537109375 0.6848958328125 0.5478515625 0.6927083328125 0.5458984375 0.6927083328125 0.5341796875 0.6979166671875 0.5263671875 0.6901041671875 0.5087890625 0.6822916671875 0.5029296875 0.6744791671875 0.4560546875 0.6770833328125 0.4306640625 0.68359375 0.423828125 0.6901041671875 0.4228515625 0.6953125 0.4111328125 0.6927083328125 0.3740234375 0.6875 0.3603515625 0.6822916671875 0.3564453125 0.6822916671875 0.3447265625 0.6901041671875 0.3427734375 0.6927083328125 0.3349609375 0.6901041671875 0.3251953125 0.6979166671875 0.3056640625 0.6953125 0.2939453125 0.7005208328125 0.2880859375 0.7005208328125 0.2783203125 0.6927083328125 0.2666015625 0.6953125 0.2529296875 0.69140625 0.24609375 0.6770833328125 0.2470703125 0.6796875 0.2412109375 0.6770833328125 0.2373046875 0.6822916671875 0.2314453125 0.6666666671875 0.1767578125 0.6458333328125 0.1435546875 0.6354166671875 0.1162109375 0.625 0.1083984375 0.6197916671875 0.0927734375 0.59765625 0.0703125 0.5872395828125 0.06640625 0.58203125 0.068359375 0.5533854171875 0.046875 0.5403645828125 0.046875 0.5416666671875 0.0400390625 0.5377604171875 0.037109375 0.5247395828125 0.0390625 0.5247395828125 0.03515625 0.5338541671875 0.0341796875 0.53125 0.0263671875 0.5234375 0.0244140625 0.5234375 0.0185546875 0.5065104171875 0.00390625 0.4908854171875 0 0.4778645828125 0.001953125 0.4388020828125 0 0.43359375 0.00390625 0.39453125 0.005859375 0.3893229171875 0.00390625 0.37109375 0.009765625 0.3580729171875 0.0078125 0.33984375 0.013671875 0.3372395828125 0.01171875 0.3294270828125 0.015625 0.32421875 0.013671875 0.3033854171875 0.01953125 0.2838541671875 0.0361328125 0.2890625 0.0400390625 0.2864583328125 0.0498046875 0.2825520828125 0.05078125 0.2734375 0.0439453125 0.2760416671875 0.0400390625 0.2721354171875 0.0390625 0.2669270828125 0.05078125 0.2565104171875 0.048828125 0.2526041671875 0.0517578125 0.2552083328125 0.0576171875 0.23567708281250002 0.078125 0.20442708281250002 0.087890625 0.1940104171875 0.0859375 0.1888020828125 0.08984375 0.1809895828125 0.08984375 0.1809895828125 0.09375 0.1901041671875 0.0947265625 0.1861979171875 0.09765625 0.1549479171875 0.095703125 0.1393229171875 0.099609375 0.1263020828125 0.109375 0.10546875 0.11328125 0.06901041718749999 0.134765625 0.0546875 0.1455078125 0.0494791671875 0.1591796875 0.0182291671875 0.1884765625 0.0052083328125 0.2080078125 0.0052083328125 0.4345703125 0.0078125 0.4365234375 0.0052083328125 0.4384765625 0.0078125 0.4423828125 0.0052083328125 0.4443359375 0.0078125 0.4501953125 0.0052083328125 0.4990234375 0.010416667187500001 0.5009765625 0.0052083328125 0.5068359375 0.0052083328125 0.9951171875 0.1002604171875 0.99609375 0.10546875 0.994140625 0.11328125 0.998046875 0.1158854171875 0.99609375 0.1770833328125 0.9970703125 0.5533854171875 0.99609375 0.56640625 0.9921875 0.578125 0.9794921875 0.5755208328125 0.9658203125 0.6015625 0.9482421875 0.609375 0.9384765625 0.6067708328125 0.9365234375 0.6197916671875 0.8974609375 0.6484375 0.8642578125 0.6536458328125 0.8466796875 0.6614583328125 0.8408203125 0.6640625 0.8134765625
2 0.75390625 0.31640625 0.7486979171875 0.314453125 0.7434895828125 0.32421875 0.734375 0.3076171875 0.7369791671875 0.2998046875 0.7252604171875 0.294921875 0.7213541671875 0.2978515625 0.7265625 0.3017578125 0.7291666671875 0.3115234375 0.7317708328125 0.3388671875 0.734375 0.3466796875 0.7447916671875 0.3505859375 0.7421875 0.3564453125 0.7486979171875 0.361328125 0.7643229171875 0.36328125 0.7682291671875 0.3720703125 0.7903645828125 0.3828125 0.8020833328125001 0.3818359375 0.8125 0.3759765625 0.8203125 0.3623046875 0.8177083328125001 0.3544921875 0.80859375 0.34765625 0.7994791671875 0.3466796875 0.8046875 0.3388671875 0.8020833328125001 0.3212890625 0.7825520828125 0.31640625 0.7643229171875 0.306640625 0.7630208328125 0.3212890625 0.7591145828125 0.314453125 0.75390625 0.31640625