5 0.81640625 0.59375 0.8372395828125001 0.59375 0.8502604171874999 0.587890625 0.8567708328125001 0.5791015625 0.859375 0.5615234375 0.8515625 0.5224609375 0.82421875 0.5078125 0.7486979171875 0.478515625 0.73046875 0.478515625 0.7239583328125 0.4833984375 0.7239583328125 0.4931640625 0.7317708328125 0.5166015625 0.7864583328125 0.5830078125 0.81640625 0.59375
5 0.890625 0.6533203125 0.87109375 0.62109375 0.8424479171874999 0.61328125 0.8294270828125001 0.61328125 0.8125 0.6259765625 0.8072916671874999 0.6416015625 0.8138020828125001 0.646484375 0.8528645828125001 0.658203125 0.8841145828125001 0.662109375 0.890625 0.6533203125
5 0.5221354171875 0.875 0.5338541671875 0.8623046875 0.5338541671875 0.8447265625 0.5169270828125 0.828125 0.5013020828125 0.8203125 0.4856770828125 0.8203125 0.4765625 0.8251953125 0.4713541671875 0.8447265625 0.4739583328125 0.8623046875 0.4830729171875 0.87109375 0.5143229171875 0.876953125 0.5221354171875 0.875
5 0.3424479171875 0.7421875 0.3541666671875 0.7333984375 0.3567708328125 0.7138671875 0.3489583328125 0.7021484375 0.3346354171875 0.69140625 0.3059895828125 0.6875 0.2942708328125 0.6943359375 0.2864583328125 0.7236328125 0.2890625 0.7314453125 0.2981770828125 0.73828125 0.3294270828125 0.74609375 0.3424479171875 0.7421875
5 0.5911458328125 0.9306640625 0.5911458328125 0.9150390625 0.5559895828125 0.900390625 0.5299479171875 0.904296875 0.5130208328125 0.9189453125 0.515625 0.9306640625 0.5377604171875 0.943359375 0.57421875 0.9453125 0.5859375 0.9384765625 0.5911458328125 0.9306640625
5 0.5794270828125 0.9453125 0.61328125 0.92578125 0.6197916671875 0.9208984375 0.6197916671875 0.9130859375 0.60546875 0.90234375 0.5377604171875 0.900390625 0.5169270828125 0.90625 0.5104166671875 0.9130859375 0.5104166671875 0.9248046875 0.5221354171875 0.9375 0.55859375 0.947265625 0.5794270828125 0.9453125
5 0.6979166671875 0.5576171875 0.6861979171875 0.548828125 0.6783854171875 0.548828125 0.6692708328125 0.5576171875 0.6692708328125 0.5634765625 0.6809895828125 0.572265625 0.69140625 0.5703125 0.6979166671875 0.5654296875 0.6979166671875 0.5576171875
5 0.6145833328125 0.4716796875 0.60546875 0.46484375 0.5950520828125 0.462890625 0.5859375 0.4697265625 0.5859375 0.4794921875 0.59765625 0.486328125 0.61328125 0.486328125 0.6171875 0.4833984375 0.6145833328125 0.4716796875
5 0.7005208328125 0.4365234375 0.6888020828125 0.423828125 0.6783854171875 0.423828125 0.6666666671875 0.4326171875 0.6666666671875 0.4443359375 0.6783854171875 0.451171875 0.69140625 0.451171875 0.7005208328125 0.4443359375 0.7005208328125 0.4365234375
5 0.5598958328125 0.4794921875 0.5598958328125 0.4677734375 0.5481770828125 0.462890625 0.5442708328125 0.4658203125 0.546875 0.4755859375 0.5598958328125 0.4794921875
5 0.9544270828125001 0.69140625 0.9505208328125001 0.6943359375 0.953125 0.7158203125 0.9622395828125001 0.7265625 0.9778645828125001 0.728515625 0.9765625 0.7021484375 0.96484375 0.69140625 0.9544270828125001 0.69140625
5 0.9401041671874999 0.6787109375 0.9440104171874999 0.685546875 0.9635416671874999 0.6865234375 0.96875 0.6767578125 0.9622395828125001 0.669921875 0.9518229171874999 0.669921875 0.9401041671874999 0.6787109375
5 0.24869791718749998 0.34375 0.2799479171875 0.345703125 0.2838541671875 0.3427734375 0.2838541671875 0.3193359375 0.2708333328125 0.2998046875 0.2643229171875 0.294921875 0.2565104171875 0.294921875 0.23567708281250002 0.30078125 0.22395833281250002 0.3115234375 0.22395833281250002 0.3251953125 0.22916666718749998 0.3330078125 0.24869791718749998 0.34375
5 0.2604166671875 0.1318359375 0.24869791718749998 0.125 0.23567708281250002 0.125 0.20182291718749998 0.1328125 0.1953125 0.1396484375 0.1953125 0.1474609375 0.2109375 0.1865234375 0.22526041718749998 0.1953125 0.24739583281250002 0.1884765625 0.2604166671875 0.1318359375
5 0.1861979171875 0.208984375 0.1588541671875 0.2119140625 0.1940104171875 0.216796875 0.1953125 0.2138671875 0.1861979171875 0.208984375
5 0.30859375 0.22265625 0.23046875 0.21484375 0.20833333281250002 0.2158203125 0.20833333281250002 0.2197265625 0.21484375 0.22265625 0.2955729171875 0.240234375 0.31640625 0.240234375 0.3229166671875 0.2314453125 0.30859375 0.22265625
5 0.6549479171875 0.0546875 0.62109375 0.0546875 0.6041666671875 0.0654296875 0.6119791671875 0.0830078125 0.6315104171875 0.091796875 0.66015625 0.095703125 0.6770833328125 0.0888671875 0.6796875 0.0732421875 0.6549479171875 0.0546875
5 0.714847965625 0.0426706609375 0.7157783156249999 0.0168534703125 0.7069399984375 0.0098758515625 0.6892633625 0.0022004703125 0.6706563796875 0.0032471125000000005 0.6548404421875 0.0091780890625 0.6478628234375 0.0206911609375 0.6492583468750001 0.036041921875 0.6655394578125 0.0492993984375 0.6976365062500001 0.0534859703125 0.714847965625 0.0426706609375
5 0.8854166671874999 0.1767578125 0.8880208328125001 0.1591796875 0.8802083328125001 0.1455078125 0.8684895828125001 0.13671875 0.8502604171874999 0.130859375 0.8294270828125001 0.134765625 0.8177083328125001 0.1416015625 0.8125 0.1591796875 0.8372395828125001 0.181640625 0.8736979171874999 0.18359375 0.8854166671874999 0.1767578125
5 0.8893229171874999 0.095703125 0.8828125 0.1005859375 0.88671875 0.111328125 0.90234375 0.11328125 0.90625 0.1103515625 0.9088541671874999 0.1044921875 0.90234375 0.095703125 0.8893229171874999 0.095703125
5 0.9055695546875 0.074418828125 0.9134775234375001 0.058370303125 0.9013829828125001 0.0492993984375 0.8841715234375 0.04755499375 0.8763020828125001 0.05078125 0.8730073328125 0.0531370890625 0.8697916671874999 0.0556640625 0.8645833328125001 0.0634765625 0.8678904109375001 0.0779076375 0.8906839671875 0.0852341375 0.9055695546875 0.074418828125
5 0.8730073328125 0.021737803125 0.8581217453125 0.014411303125 0.8450520828125001 0.015625 0.828125 0.0263671875 0.8294270828125001 0.037109375 0.8483530781249999 0.0531370890625 0.8664948875 0.047903875 0.8762635546875 0.034995279687500006 0.8730073328125 0.021737803125
5 1 0.1240234375 0.98828125 0.1171875 0.9778645828125001 0.1171875 0.9635416671874999 0.1298828125 0.9661458328125001 0.1396484375 0.98046875 0.1484375 0.9934895828125001 0.1484375 1 0.1435546875 1 0.1240234375
5 0.79296875 0.42578125 0.796875 0.4130859375 0.78515625 0.408203125 0.7734375 0.4169921875 0.7825520828125 0.42578125 0.79296875 0.42578125
5 0.7864583328125 0.3876953125 0.7903645828125 0.392578125 0.7981770828125 0.392578125 0.7955729171875 0.384765625 0.7864583328125 0.3876953125
5 0.6028645828125 0.3828125 0.6067708328125 0.3779296875 0.6002604171875 0.37109375 0.5950520828125 0.37109375 0.5911458328125 0.3798828125 0.6028645828125 0.3828125
5 0.6848958328125 0.3505859375 0.6848958328125 0.3583984375 0.7018229171875 0.361328125 0.7057291671875 0.3486328125 0.7018229171875 0.34375 0.69140625 0.34375 0.6848958328125 0.3505859375
5 0.3541666671875 0.2197265625 0.3541666671875 0.2294921875 0.3684895828125 0.232421875 0.375 0.2275390625 0.375 0.2158203125 0.36328125 0.20703125 0.3541666671875 0.2197265625
5 0.24739583281250002 0.1005859375 0.25 0.0947265625 0.23697916718749998 0.0751953125 0.20703125 0.056640625 0.1940104171875 0.056640625 0.1549479171875 0.06640625 0.140625 0.0751953125 0.1510416671875 0.0947265625 0.18359375 0.111328125 0.24088541718749998 0.10546875 0.24739583281250002 0.1005859375
5 0.25 0.5517578125 0.23828125 0.548828125 0.22526041718749998 0.552734375 0.21875 0.5576171875 0.22135416718749998 0.5673828125 0.23046875 0.57421875 0.24609375 0.576171875 0.2552083328125 0.5693359375 0.25 0.5517578125
5 0.16015625 0.58203125 0.1497395828125 0.583984375 0.1484375 0.5947265625 0.1549479171875 0.599609375 0.1653645828125 0.599609375 0.1692708328125 0.5966796875 0.1666666671875 0.5869140625 0.16015625 0.58203125
5 0.06901041718749999 0.5234375 0.06770833281250001 0.5322265625 0.07942708281250001 0.537109375 0.0859375 0.5283203125 0.06901041718749999 0.5234375
5 0.1302083328125 0.6376953125 0.1263020828125 0.6328125 0.1158854171875 0.630859375 0.1067708328125 0.6357421875 0.1067708328125 0.6416015625 0.11328125 0.6484375 0.1236979171875 0.6484375 0.1302083328125 0.6435546875 0.1302083328125 0.6376953125
5 0.21614583281250002 0.6533203125 0.21875 0.6416015625 0.20442708281250002 0.638671875 0.20052083281250002 0.6513671875 0.20703125 0.65625 0.21614583281250002 0.6533203125
5 0.71875 0.8623046875 0.7096354171875 0.85546875 0.6966145828125 0.853515625 0.6875 0.8603515625 0.6901041671875 0.8759765625 0.69921875 0.884765625 0.7122395828125 0.87890625 0.71875 0.8740234375 0.71875 0.8623046875
5 0.7994791671875 0.9228515625 0.8020833328125001 0.9150390625 0.7903645828125 0.908203125 0.7760416671875 0.9169921875 0.7877604171875 0.92578125 0.7994791671875 0.9228515625
5 0.9036458328125001 0.9814453125 0.8919270828125001 0.97265625 0.87890625 0.970703125 0.8723958328125001 0.9755859375 0.8776041671874999 0.9892578125 0.88671875 0.994140625 0.8971354171874999 0.994140625 0.9036458328125001 0.9892578125 0.9036458328125001 0.9814453125
5 0.68359375 0.94921875 0.6901041671875 0.9443359375 0.6901041671875 0.9384765625 0.67578125 0.935546875 0.671875 0.9443359375 0.68359375 0.94921875
5 0.7291666671875 0.5830078125 0.74609375 0.59375 0.7552083328125 0.5888671875 0.7578125 0.5654296875 0.7486979171875 0.556640625 0.734375 0.5673828125 0.7291666671875 0.5830078125
5 0.6780669640625 0.91938101875 0.6883818500000001 0.9226383515625001 0.6997825140625 0.9218240171875 0.70738295625 0.9144950203125 0.7057542906250001 0.9100161874999999 0.692182071875 0.9055373546875 0.676438296875 0.9116448546875 0.6780669640625 0.91938101875