4 0.0703125 0.0478515625 0.06770833281250001 0.0615234375 0.07291666718749999 0.0693359375 0.09505208281250001 0.08203125 0.1197916671875 0.0810546875 0.16015625 0.078125 0.1940104171875 0.064453125 0.20052083281250002 0.0576171875 0.1979166671875 0.0400390625 0.18359375 0.029296875 0.1653645828125 0.0234375 0.1393229171875 0.0234375 0.12109375 0.029296875 0.08723958281250001 0.025390625 0.08333333281250001 0.0283203125 0.08333333281250001 0.0361328125 0.0703125 0.0478515625
5 0.4192708328125 0.1826171875 0.4192708328125 0.1884765625 0.4322916671875 0.1943359375 0.4375 0.1923828125 0.4375 0.1826171875 0.43359375 0.177734375 0.42578125 0.177734375 0.4192708328125 0.1826171875
4 0.21614583281250002 0.1455078125 0.21614583281250002 0.1533203125 0.22916666718749998 0.1533203125 0.23697916718749998 0.1474609375 0.23697916718749998 0.1416015625 0.23307291718749998 0.13671875 0.22265625 0.13671875 0.21614583281250002 0.1455078125
5 0.8294270828125001 0.66015625 0.828125 0.6689453125 0.83203125 0.671875 0.8385416671874999 0.6708984375 0.8411458328125001 0.6630859375 0.8294270828125001 0.66015625
5 0.421875 0.0966796875 0.4244791671875 0.0869140625 0.4153645828125 0.08203125 0.4114583328125 0.0849609375 0.4114583328125 0.0927734375 0.41796875 0.09765625 0.421875 0.0966796875
5 0.3619791671875 0.4619140625 0.3671875 0.4580078125 0.3580729171875 0.455078125 0.3541666671875 0.4599609375 0.3619791671875 0.4619140625
4 0.21614583281250002 0.1767578125 0.22265625 0.181640625 0.23177083281250002 0.1806640625 0.23697916718749998 0.1630859375 0.23046875 0.158203125 0.22005208281250002 0.158203125 0.21354166718749998 0.1689453125 0.21614583281250002 0.1767578125
4 0.21875 0.0185546875 0.2265625 0.0146484375 0.2265625 0.0009765625 0.20703125 0 0.1979166671875 0.0146484375 0.20442708281250002 0.01953125 0.21875 0.0185546875
4 0.22265625 0.13671875 0.21614583281250002 0.1455078125 0.21354166718749998 0.1708984375 0.22265625 0.181640625 0.23177083281250002 0.1806640625 0.23697916718749998 0.1767578125 0.23697916718749998 0.1416015625 0.23307291718749998 0.13671875 0.22265625 0.13671875
5 0.5546875 0.9853515625 0.5598958328125 0.9794921875 0.55078125 0.974609375 0.546875 0.9814453125 0.5546875 0.9853515625
5 0.07291666718749999 0.6748046875 0.07161458281250001 0.66796875 0.0625 0.6708984375 0.06640625 0.67578125 0.07291666718749999 0.6748046875
5 0.0234375 0.3076171875 0.0169270828125 0.30078125 0.015625 0.3076171875 0.0234375 0.3076171875
2 0.1002604171875 0.40234375 0.0403645828125 0.3984375 0.0299479171875 0.39453125 0.009114582812499999 0.3984375 0.0026041671875 0.4072265625 0 0.4482421875 0.0026041671875 0.4560546875 0 0.4658203125 0.0078125 0.4833984375 0.0221354171875 0.490234375 0.03515625 0.4921875 0.05859375 0.4921875 0.08203125 0.48828125 0.08072916718749999 0.4951171875 0.09765625 0.5078125 0.1510416671875 0.5126953125 0.1861979171875 0.509765625 0.21223958281250002 0.5 0.23958333281250002 0.4755859375 0.2552083328125 0.4501953125 0.2552083328125 0.4228515625 0.2526041671875 0.4052734375 0.24739583281250002 0.3974609375 0.22265625 0.388671875 0.19921875 0.388671875 0.17578125 0.3984375 0.1184895828125 0.396484375 0.1002604171875 0.40234375
4 0 0.4716796875 0.01171875 0.478515625 0.0390625 0.4775390625 0.0494791671875 0.4697265625 0.0494791671875 0.4541015625 0.0169270828125 0.44140625 0.0013020828125 0.443359375 0 0.4716796875
4 0.23046875 0.30859375 0.22135416718749998 0.3173828125 0.21875 0.3427734375 0.22265625 0.345703125 0.2421875 0.3447265625 0.24739583281250002 0.3408203125 0.24739583281250002 0.3212890625 0.2421875 0.3095703125 0.23046875 0.30859375
5 0.09244791718749999 0.35546875 0.0859375 0.3603515625 0.08854166718749999 0.3740234375 0.1028645828125 0.3828125 0.1145833328125 0.3818359375 0.1171875 0.3779296875 0.1145833328125 0.3681640625 0.1002604171875 0.357421875 0.09244791718749999 0.35546875
2 0.5559895828125 0.296875 0.54296875 0.302734375 0.5299479171875 0.302734375 0.5208333328125 0.3095703125 0.5182291671875 0.3173828125 0.5234375 0.3251953125 0.5234375 0.3408203125 0.5286458328125 0.3564453125 0.53125 0.4111328125 0.5520833328125 0.4365234375 0.5729166671875 0.4541015625 0.5833333328125 0.4775390625 0.5963541671875 0.4951171875 0.6080729171875 0.50390625 0.6497395828125 0.509765625 0.6666666671875 0.5087890625 0.6783854171875 0.505859375 0.6848958328125 0.4990234375 0.6875 0.4599609375 0.6744791671875 0.4306640625 0.6614583328125 0.4208984375 0.6510416671875 0.4013671875 0.640625 0.3486328125 0.640625 0.3251953125 0.6328125 0.3017578125 0.62109375 0.294921875 0.5716145828125 0.294921875 0.5559895828125 0.296875
5 0.8294270828125001 0.53515625 0.8111979171874999 0.533203125 0.7942708328125 0.5400390625 0.7955729171875 0.548828125 0.8125 0.5498046875 0.81640625 0.546875 0.8294270828125001 0.546875 0.8333333328125001 0.5380859375 0.8294270828125001 0.53515625
5 0.4036458328125 0.4599609375 0.4088541671875 0.4560546875 0.3997395828125 0.447265625 0.3932291671875 0.4501953125 0.3932291671875 0.4560546875 0.3971354171875 0.4609375 0.4036458328125 0.4599609375
5 0.2643229171875 0.638671875 0.2578125 0.6552734375 0.26171875 0.658203125 0.2786458328125 0.6572265625 0.28125 0.6396484375 0.2643229171875 0.638671875
5 0.22395833281250002 0.6494140625 0.22916666718749998 0.6455078125 0.22395833281250002 0.6357421875 0.21484375 0.630859375 0.20833333281250002 0.6337890625 0.2109375 0.6455078125 0.22395833281250002 0.6494140625
5 0.1588541671875 0.7529296875 0.1588541671875 0.7431640625 0.1471354171875 0.740234375 0.1432291671875 0.7431640625 0.1458333328125 0.7509765625 0.1497395828125 0.75390625 0.1588541671875 0.7529296875
5 0.1236979171875 0.82421875 0.109375 0.8349609375 0.1145833328125 0.8486328125 0.12109375 0.853515625 0.1302083328125 0.8544921875 0.1458333328125 0.8486328125 0.1458333328125 0.8330078125 0.1393229171875 0.82421875 0.1236979171875 0.82421875
5 0.1640625 0.8271484375 0.1705729171875 0.83203125 0.1822916671875 0.8310546875 0.1848958328125 0.8212890625 0.1822916671875 0.8154296875 0.16796875 0.814453125 0.1640625 0.8173828125 0.1640625 0.8271484375
5 0.23307291718749998 0.810546875 0.2265625 0.8193359375 0.23567708281250002 0.828125 0.23958333281250002 0.8271484375 0.2421875 0.8173828125 0.23307291718749998 0.810546875
5 0.1966145828125 0.8828125 0.1875 0.8896484375 0.1901041671875 0.9072265625 0.1940104171875 0.912109375 0.20052083281250002 0.9111328125 0.21875 0.9013671875 0.21875 0.8896484375 0.20963541718749998 0.8828125 0.1966145828125 0.8828125
5 0.359375 0.8232421875 0.359375 0.8310546875 0.36328125 0.833984375 0.3776041671875 0.8330078125 0.3736979171875 0.82421875 0.359375 0.8232421875
5 0.5533854171875 0.7421875 0.5494791671875 0.7451171875 0.5494791671875 0.7568359375 0.5559895828125 0.76171875 0.5651041671875 0.7626953125 0.5729166671875 0.7587890625 0.5703125 0.7490234375 0.5638020828125 0.744140625 0.5533854171875 0.7421875
5 0.8723958328125001 0.6650390625 0.875 0.6630859375 0.8723958328125001 0.6533203125 0.8606770828125001 0.650390625 0.859375 0.6611328125 0.8658854171874999 0.666015625 0.8723958328125001 0.6650390625
5 0.828125 0.6298828125 0.828125 0.6201171875 0.8216145828125001 0.615234375 0.8111979171874999 0.615234375 0.8098958328125001 0.6220703125 0.8151041671874999 0.6298828125 0.828125 0.6298828125