5 0.6494140625 0.4270833328125 0.6552734375 0.4375 0.6650390625 0.4427083328125 0.6767578125 0.4427083328125 0.6796875 0.4388020828125 0.689453125 0.4205729171875 0.689453125 0.3997395828125 0.6767578125 0.3776041671875 0.6650390625 0.3776041671875 0.650390625 0.3893229171875 0.6494140625 0.4270833328125
5 0.82421875 0.75390625 0.826171875 0.73828125 0.8212890625 0.7317708328125 0.810546875 0.7356770828125 0.8115234375 0.7526041671875 0.8173828125 0.7578125 0.82421875 0.75390625
5 0.740234375 0.2877604171875 0.7294921875 0.2734375 0.7236328125 0.2734375 0.716796875 0.2799479171875 0.7158203125 0.2942708328125 0.716796875 0.30078125 0.7255859375 0.3098958328125 0.73828125 0.30078125 0.740234375 0.2877604171875
5 0.6845703125 0.9192708328125001 0.693359375 0.91796875 0.6923828125 0.90625 0.6884765625 0.9036458328125001 0.68359375 0.91015625 0.6845703125 0.9192708328125001
5 0.65625 0.8190104171874999 0.6572265625 0.8307291671874999 0.6650390625 0.8385416671874999 0.6708984375 0.8385416671874999 0.67578125 0.8294270828125001 0.673828125 0.8111979171874999 0.6591796875 0.8125 0.65625 0.8190104171874999
5 0.712890625 0.3919270828125 0.7099609375 0.3854166671875 0.7021484375 0.3828125 0.6953125 0.3893229171875 0.6962890625 0.3984375 0.7060546875 0.4010416671875 0.712890625 0.3919270828125
5 0.9619140625 0.1223958328125 0.9697265625 0.125 0.974609375 0.1158854171875 0.9677734375 0.109375 0.9609375 0.1158854171875 0.9619140625 0.1223958328125
5 0.8134765625 0.5182291671875 0.814453125 0.5091145828125 0.8056640625 0.5052083328125 0.80078125 0.51171875 0.8017578125 0.5182291671875 0.8056640625 0.5208333328125 0.8134765625 0.5182291671875
5 0.87109375 0.1471354171875 0.8720703125 0.15625 0.8818359375 0.1588541671875 0.88671875 0.15234375 0.88671875 0.1471354171875 0.8818359375 0.140625 0.8779296875 0.140625 0.87109375 0.1471354171875
5 0.7685546875 0.1744791671875 0.7734375 0.1731770828125 0.7783203125 0.1484375 0.7705078125 0.1484375 0.767578125 0.15234375 0.7685546875 0.1744791671875
5 0.701171875 0.5846354171875 0.6982421875 0.5807291671875 0.6904296875 0.5807291671875 0.685546875 0.5872395828125 0.6865234375 0.5963541671875 0.6943359375 0.5989583328125 0.701171875 0.5846354171875
5 0.6640625 0.7955729171875 0.6572265625 0.7864583328125 0.6376953125 0.7890625 0.634765625 0.79296875 0.6357421875 0.8151041671874999 0.6396484375 0.8203125 0.6533203125 0.8177083328125001 0.654296875 0.8294270828125001 0.6669921875 0.8411458328125001 0.67578125 0.8294270828125001 0.673828125 0.8111979171874999 0.6640625 0.8033854171874999 0.6640625 0.7955729171875
5 0.8427734375 0.3776041671875 0.8505859375 0.3802083328125 0.853515625 0.3684895828125 0.8505859375 0.3645833328125 0.8427734375 0.3671875 0.8427734375 0.3776041671875
5 0.1904296875 0.28125 0.18359375 0.29296875 0.1845703125 0.3151041671875 0.1943359375 0.3385416671875 0.2119140625 0.3411458328125 0.2216796875 0.3359375 0.228515625 0.3268229171875 0.236328125 0.3111979171875 0.236328125 0.3033854171875 0.2197265625 0.2786458328125 0.1982421875 0.2760416671875 0.1904296875 0.28125
5 0.9150390625 0.1510416671875 0.9228515625 0.1536458328125 0.927734375 0.14453125 0.9248046875 0.140625 0.9169921875 0.140625 0.9150390625 0.1510416671875
5 0.8134765625 0.5182291671875 0.814453125 0.5091145828125 0.8056640625 0.5052083328125 0.80078125 0.51171875 0.8017578125 0.5182291671875 0.8037109375 0.5208333328125 0.8134765625 0.5182291671875
5 0.7685546875 0.5546875 0.7763671875 0.5598958328125 0.779296875 0.5481770828125 0.7724609375 0.5442708328125 0.767578125 0.55078125 0.7685546875 0.5546875
2 0.373046875 0.6028645828125 0.3759765625 0.6041666671875 0.375 0.5950520828125 0.380859375 0.5846354171875 0.37890625 0.5716145828125 0.3857421875 0.5598958328125 0.3876953125 0.5625 0.390625 0.55859375 0.390625 0.5481770828125 0.384765625 0.5325520828125 0.3857421875 0.5104166671875 0.3740234375 0.5104166671875 0.369140625 0.5143229171875 0.365234375 0.5221354171875 0.3623046875 0.546875 0.36328125 0.5611979171875 0.37109375 0.5794270828125 0.373046875 0.6028645828125
2 0.3798828125 0.8203125 0.39453125 0.93359375 0.38671875 0.9986979171874999 0.4130859375 1 0.419921875 0.9856770828125001 0.419921875 0.9544270828125001 0.41796875 0.9440104171874999 0.41015625 0.9309895828125001 0.41796875 0.91796875 0.41796875 0.9075520828125001 0.421875 0.91015625 0.4228515625 0.9192708328125001 0.43359375 0.90234375 0.43359375 0.89453125 0.419921875 0.86328125 0.39453125 0.77734375 0.39453125 0.7669270828125 0.3896484375 0.7578125 0.3857421875 0.7578125 0.380859375 0.76953125 0.3798828125 0.8203125