5 0.16015625 0.736328125 0.13671875 0.736328125 0.1223958328125 0.7451171875 0.125 0.7568359375 0.13671875 0.765625 0.1653645828125 0.767578125 0.1744791671875 0.7607421875 0.1770833328125 0.7509765625 0.16015625 0.736328125
5 0.33203125 0.642578125 0.3138020828125 0.640625 0.2994791671875 0.6455078125 0.2942708328125 0.6630859375 0.3033854171875 0.671875 0.3294270828125 0.673828125 0.3411458328125 0.6669921875 0.34375 0.6572265625 0.33203125 0.642578125
5 0.1302083328125 0.9150390625 0.1236979171875 0.91015625 0.1106770828125 0.91015625 0.1015625 0.9169921875 0.1015625 0.9228515625 0.1106770828125 0.9296875 0.1236979171875 0.931640625 0.1328125 0.9248046875 0.1302083328125 0.9150390625
5 0.09765625 0.96484375 0.1015625 0.9541015625 0.08463541718749999 0.94921875 0.078125 0.9560546875 0.08072916718749999 0.9619140625 0.09765625 0.96484375
5 0.1848958328125 0.9873046875 0.1875 0.9814453125 0.17578125 0.9765625 0.171875 0.9814453125 0.1744791671875 0.9873046875 0.1848958328125 0.9873046875
5 0.6393229171875 0.673828125 0.6549479171875 0.67578125 0.6588541671875 0.6728515625 0.6614583328125 0.6669921875 0.6549479171875 0.662109375 0.6380208328125 0.6650390625 0.6393229171875 0.673828125
5 0.5872395828125 0.708984375 0.5911458328125 0.7060546875 0.5872395828125 0.697265625 0.5703125 0.7001953125 0.5768229171875 0.7109375 0.5872395828125 0.708984375
5 0.7252604171875 0.791015625 0.7291666671875 0.7841796875 0.72265625 0.779296875 0.71484375 0.779296875 0.7109375 0.7880859375 0.7252604171875 0.791015625
5 0.5065104171875 0.275390625 0.48046875 0.27734375 0.46875 0.2900390625 0.4739583328125 0.3037109375 0.4856770828125 0.310546875 0.5013020828125 0.310546875 0.515625 0.2998046875 0.5234375 0.2861328125 0.5065104171875 0.275390625
5 0.6276041671875 0.2626953125 0.6184895828125 0.25390625 0.5924479171875 0.25390625 0.58203125 0.2578125 0.5703125 0.2705078125 0.5729166671875 0.2783203125 0.5872395828125 0.28515625 0.6028645828125 0.28515625 0.625 0.2724609375 0.6276041671875 0.2626953125
5 0.81640625 0.1875 0.7981770828125 0.1875 0.7864583328125 0.1982421875 0.7890625 0.2080078125 0.80078125 0.21484375 0.8138020828125001 0.21484375 0.828125 0.2041015625 0.8307291671874999 0.1943359375 0.81640625 0.1875
5 0.6536458328125 0.1064453125 0.66015625 0.111328125 0.6692708328125 0.1064453125 0.671875 0.0947265625 0.6627604171875 0.091796875 0.6536458328125 0.0986328125 0.6536458328125 0.1064453125
5 0.5221354171875 0.052734375 0.5286458328125 0.0478515625 0.5286458328125 0.0419921875 0.5143229171875 0.0390625 0.5104166671875 0.0478515625 0.5221354171875 0.052734375
5 0.7864583328125 0.3056640625 0.79296875 0.30859375 0.80078125 0.306640625 0.8020833328125001 0.2958984375 0.7955729171875 0.29296875 0.7877604171875 0.294921875 0.7864583328125 0.3056640625
5 0.64453125 0.3046875 0.6484375 0.2958984375 0.6419270828125 0.291015625 0.6341145828125 0.291015625 0.6302083328125 0.3037109375 0.64453125 0.3046875
5 0.5807291671875 0.2998046875 0.5872395828125 0.306640625 0.5950520828125 0.3046875 0.5950520828125 0.296875 0.5807291671875 0.2998046875
5 0.3645833328125 0.8701171875 0.3645833328125 0.8603515625 0.3528645828125 0.857421875 0.3489583328125 0.8681640625 0.3528645828125 0.87109375 0.3645833328125 0.8701171875
5 0.3294270828125 0.84375 0.3255208328125 0.8525390625 0.33203125 0.85546875 0.3359375 0.8466796875 0.3294270828125 0.84375
5 0.3125 0.8544921875 0.3138020828125 0.859375 0.3216145828125 0.859375 0.3190104171875 0.853515625 0.3125 0.8544921875
5 0.06119791718749999 0.791015625 0.05729166718749999 0.7998046875 0.06640625 0.802734375 0.07291666718749999 0.7958984375 0.06119791718749999 0.791015625
5 0.02734375 0.763671875 0.03125 0.7607421875 0.0286458328125 0.7548828125 0.01953125 0.75390625 0.015625 0.7587890625 0.02734375 0.763671875
2 0.69990079375 0.5982142859375 0.6862599203124999 0.58984375 0.6540178578125 0.588913690625 0.6106150796875001 0.5926339281249999 0.6205357140625 0.608444940625 0.6329365078125 0.61123511875 0.644097221875 0.614025296875 0.658978175 0.6168154765625 0.6738591265625 0.6130952375 0.69990079375 0.5982142859375
2 0.43948412656249997 0.6261160718750001 0.44940476250000005 0.62890625 0.46304563437499996 0.6316964281249999 0.48040674531249994 0.6354166671875 0.49776785781250005 0.63076636875 0.5101686515625 0.6223958328125 0.525049603125 0.614025296875 0.546130953125 0.610305059375 0.5076884921875 0.59170386875 0.4742063484375 0.58984375 0.43328372968749995 0.58984375 0.39732142812500004 0.5935639875 0.3960813484375 0.6065848218750001 0.4109623015625 0.610305059375 0.422123015625 0.6130952375 0.4295634921875 0.6223958328125 0.43948412656249997 0.6261160718750001
5 0.6027468921875 0.96705473125 0.61356949375 0.9689646015625 0.6186624828125 0.965622328125 0.617389234375 0.9594152484375 0.6091131296875 0.9541631031250001 0.6014736453125 0.9560729734375 0.5944707859375 0.962280053125 0.6027468921875 0.96705473125
5 0.537174665625 0.9441362812499999 0.5308084296875 0.945568684375 0.53017180625 0.94986589375 0.5327183 0.9522532328125 0.537174665625 0.9532081671875 0.540357784375 0.9536856359374999 0.545450771875 0.9522532328125 0.5460873953125 0.9503433609374999 0.5448141484375 0.9474785562499999 0.539721159375 0.94461375 0.537174665625 0.9441362812499999