5 0.609375 0.4013671875 0.6119791671875 0.3935546875 0.60546875 0.390625 0.6015625 0.3994140625 0.609375 0.4013671875
5 0.4166666671875 0.7958984375 0.4244791671875 0.7900390625 0.4270833328125 0.7744140625 0.4231770828125 0.76953125 0.41015625 0.767578125 0.3984375 0.7783203125 0.3984375 0.7861328125 0.4049479171875 0.794921875 0.4166666671875 0.7958984375
5 0.3489583328125 0.4755859375 0.3528645828125 0.478515625 0.359375 0.4775390625 0.3619791671875 0.4697265625 0.3502604171875 0.466796875 0.3489583328125 0.4755859375
5 0.3723958328125 0.5068359375 0.3658854171875 0.5 0.3606770828125 0.5 0.3541666671875 0.5068359375 0.3541666671875 0.5146484375 0.3606770828125 0.521484375 0.3697916671875 0.5205078125 0.3723958328125 0.5068359375
5 0.4479166671875 0.4892578125 0.4518229171875 0.494140625 0.4739583328125 0.4951171875 0.45703125 0.482421875 0.4505208328125 0.4833984375 0.4479166671875 0.4892578125
5 0.5572916671875 0.5283203125 0.5638020828125 0.533203125 0.5703125 0.5322265625 0.5729166671875 0.5224609375 0.5611979171875 0.51953125 0.5572916671875 0.5283203125
5 0.21354166718749998 0.2783203125 0.2109375 0.2724609375 0.20442708281250002 0.26953125 0.1953125 0.2783203125 0.1953125 0.2841796875 0.19921875 0.287109375 0.2109375 0.2861328125 0.21354166718749998 0.2783203125
5 0.2825520828125 0.326171875 0.2591145828125 0.328125 0.2421875 0.3330078125 0.24609375 0.345703125 0.26171875 0.34765625 0.2669270828125 0.3515625 0.28125 0.3505859375 0.2825520828125 0.326171875
5 0.4739583328125 0.2060546875 0.4778645828125 0.208984375 0.4869791671875 0.2080078125 0.4869791671875 0.2001953125 0.4778645828125 0.197265625 0.4739583328125 0.2060546875
5 0.6692708328125 0.1826171875 0.6692708328125 0.1904296875 0.6770833328125 0.1904296875 0.6770833328125 0.1826171875 0.6731770828125 0.1796875 0.6692708328125 0.1826171875
5 0.7981770828125 0.26953125 0.7877604171875 0.26953125 0.78125 0.2861328125 0.7877604171875 0.2890625 0.8020833328125001 0.2880859375 0.8046875 0.2744140625 0.7981770828125 0.26953125
5 0.8463541671874999 0.3310546875 0.8424479171874999 0.322265625 0.8333333328125001 0.3251953125 0.8372395828125001 0.33203125 0.8463541671874999 0.3310546875
5 0.9361979171874999 0.455078125 0.92578125 0.455078125 0.9244791671874999 0.4619140625 0.9309895828125001 0.466796875 0.9375 0.4658203125 0.9401041671874999 0.4580078125 0.9361979171874999 0.455078125
5 0.6197916671875 0.6259765625 0.6263020828125 0.6328125 0.6328125 0.6318359375 0.6354166671875 0.6220703125 0.6263020828125 0.6171875 0.6197916671875 0.6259765625
5 0.5364583328125 0.5732421875 0.5364583328125 0.5771484375 0.546875 0.5810546875 0.5520833328125 0.5751953125 0.54296875 0.5703125 0.5364583328125 0.5732421875
5 0.6966145828125 0.58203125 0.6901041671875 0.5830078125 0.6875 0.5869140625 0.69140625 0.591796875 0.703125 0.5908203125 0.703125 0.5869140625 0.6966145828125 0.58203125
5 0.6328125 0.9501953125 0.6549479171875 0.962890625 0.6666666671875 0.9619140625 0.6848958328125 0.9521484375 0.6875 0.9306640625 0.67578125 0.921875 0.66796875 0.923828125 0.6497395828125 0.921875 0.63671875 0.92578125 0.6302083328125 0.9326171875 0.6328125 0.9501953125
5 0.9348958328125001 0.9990234375 0.9375 0.9931640625 0.9348958328125001 0.9833984375 0.9205729171874999 0.96875 0.9075520828125001 0.966796875 0.8880208328125001 0.9794921875 0.8854166671874999 0.9912109375 0.8893229171874999 1 0.9348958328125001 0.9990234375
5 0.9309895828125001 0.376953125 0.9205729171874999 0.388671875 0.9049479171874999 0.39453125 0.8958333328125001 0.4072265625 0.8958333328125001 0.4228515625 0.90625 0.4326171875 0.9114583328125001 0.4482421875 0.9231770828125001 0.451171875 0.9348958328125001 0.4501953125 0.9466145828125001 0.447265625 0.9557291671874999 0.4404296875 0.9765625 0.4130859375 0.9765625 0.3955078125 0.9674479171874999 0.388671875 0.9518229171874999 0.384765625 0.9388020828125001 0.375 0.9309895828125001 0.376953125
2 0.6783854171875 0.23828125 0.6705729171875 0.244140625 0.6263020828125 0.26171875 0.59765625 0.27734375 0.5859375 0.2880859375 0.5833333328125 0.3212890625 0.5911458328125 0.3369140625 0.6028645828125 0.345703125 0.6263020828125 0.35546875 0.6471354171875 0.361328125 0.6536458328125 0.3603515625 0.640625 0.3232421875 0.6432291671875 0.2880859375 0.65234375 0.279296875 0.6614583328125 0.2783203125 0.671875 0.2646484375 0.6744791671875 0.2529296875 0.6888020828125 0.236328125 0.6783854171875 0.23828125