5 0.2158203125 0.24479166718749998 0.2060546875 0.23958333281250002 0.1962890625 0.2421875 0.19140625 0.25390625 0.193359375 0.2643229171875 0.2001953125 0.2682291671875 0.22265625 0.2669270828125 0.22265625 0.25390625 0.2158203125 0.24479166718749998
5 0.228515625 0.77734375 0.23046875 0.76171875 0.2265625 0.7434895828125 0.2138671875 0.7369791671875 0.1982421875 0.7473958328125 0.19140625 0.7643229171875 0.2041015625 0.78125 0.2138671875 0.7864583328125 0.21875 0.78515625 0.228515625 0.77734375
5 0.46484375 0.67578125 0.4541015625 0.6536458328125 0.419921875 0.67578125 0.4228515625 0.6822916671875 0.4326171875 0.6875 0.4384765625 0.6953125 0.453125 0.6966145828125 0.466796875 0.69140625 0.46484375 0.67578125
5 0.3515625 0.2513020828125 0.3388671875 0.234375 0.3251953125 0.23177083281250002 0.314453125 0.24088541718749998 0.314453125 0.24609375 0.3251953125 0.2604166671875 0.345703125 0.26171875 0.3515625 0.2591145828125 0.3515625 0.2513020828125
5 0.822265625 0.2877604171875 0.8115234375 0.2760416671875 0.763671875 0.2799479171875 0.765625 0.2877604171875 0.7724609375 0.2942708328125 0.8017578125 0.3020833328125 0.818359375 0.30078125 0.822265625 0.2955729171875 0.822265625 0.2877604171875
5 0.552734375 0.014322917187500001 0.5478515625 0.0078125 0.5322265625 0.0078125 0.5234375 0.0169270828125 0.5234375 0.0247395828125 0.5283203125 0.03125 0.546875 0.0325520828125 0.552734375 0.0247395828125 0.552734375 0.014322917187500001
5 0.1513671875 0.3515625 0.146484375 0.3580729171875 0.146484375 0.3684895828125 0.1494140625 0.3723958328125 0.16796875 0.3736979171875 0.171875 0.36328125 0.1689453125 0.3489583328125 0.1513671875 0.3515625
5 0.349609375 0.7278645828125 0.3544921875 0.7265625 0.359375 0.7174479171875 0.357421875 0.7044270828125 0.3505859375 0.6901041671875 0.3173828125 0.6927083328125 0.3046875 0.7096354171875 0.3115234375 0.7161458328125 0.3212890625 0.7161458328125 0.3369140625 0.7291666671875 0.349609375 0.7278645828125
5 0.080078125 0.2799479171875 0.080078125 0.26171875 0.0751953125 0.2552083328125 0.0693359375 0.2526041671875 0.0595703125 0.2552083328125 0.048828125 0.26953125 0.0517578125 0.2760416671875 0.0654296875 0.2864583328125 0.07421875 0.28515625 0.080078125 0.2799479171875
5 0.17578125 0.6627604171875 0.1708984375 0.65625 0.1591796875 0.6588541671875 0.1484375 0.6731770828125 0.150390625 0.6809895828125 0.1591796875 0.6927083328125 0.166015625 0.69140625 0.17578125 0.68359375 0.17578125 0.6627604171875
5 0.1123046875 0.22395833281250002 0.107421875 0.23046875 0.107421875 0.23828125 0.1142578125 0.24479166718749998 0.119140625 0.24348958281250002 0.123046875 0.24088541718749998 0.123046875 0.23046875 0.1123046875 0.22395833281250002
4 0.283203125 0.5455729171875 0.2763671875 0.5390625 0.2626953125 0.5390625 0.259765625 0.54296875 0.259765625 0.55859375 0.2685546875 0.5677083328125 0.2734375 0.56640625 0.28515625 0.5559895828125 0.283203125 0.5455729171875
4 0.439453125 0.5221354171875 0.4345703125 0.5182291671875 0.4208984375 0.5208333328125 0.412109375 0.5403645828125 0.412109375 0.5533854171875 0.4169921875 0.5598958328125 0.4296875 0.55859375 0.439453125 0.5325520828125 0.439453125 0.5221354171875
5 0.41015625 0.70703125 0.4072265625 0.7005208328125 0.4033203125 0.7005208328125 0.3984375 0.70703125 0.3984375 0.7122395828125 0.4013671875 0.7161458328125 0.40625 0.71484375 0.41015625 0.7122395828125 0.41015625 0.70703125
4 0.505859375 0.21744791718749998 0.5087890625 0.22916666718749998 0.525390625 0.23046875 0.525390625 0.21744791718749998 0.5224609375 0.2109375 0.5107421875 0.2109375 0.505859375 0.21744791718749998
5 0.517578125 0.7591145828125 0.5185546875 0.75 0.5107421875 0.7473958328125 0.5078125 0.7513020828125 0.5087890625 0.7578125 0.517578125 0.7591145828125
4 0.2763671875 0.09114583281250001 0.2685546875 0.09635416718749999 0.265625 0.10546875 0.2705078125 0.1119791671875 0.28125 0.1158854171875 0.28515625 0.1080729171875 0.28515625 0.09244791718749999 0.2763671875 0.09114583281250001
5 0.9765625 0.23046875 0.9833984375 0.23958333281250002 1 0.24088541718749998 0.9990234375 0.21354166718749998 0.9873046875 0.2109375 0.978515625 0.22005208281250002 0.9765625 0.23046875
4 0.470703125 0.6080729171875 0.47265625 0.6028645828125 0.4677734375 0.5963541671875 0.4609375 0.6002604171875 0.4619140625 0.609375 0.470703125 0.6080729171875
4 0.8291015625 0.4869791671875 0.8173828125 0.484375 0.80859375 0.4934895828125 0.8115234375 0.5104166671875 0.830078125 0.5091145828125 0.833984375 0.50390625 0.833984375 0.4934895828125 0.8291015625 0.4869791671875
4 0.322265625 0.4856770828125 0.3271484375 0.4947916671875 0.341796875 0.4934895828125 0.34375 0.4830729171875 0.3388671875 0.4765625 0.3271484375 0.4765625 0.322265625 0.4856770828125
4 0.0302734375 0.08333333281250001 0.0166015625 0.08854166718749999 0.0078125 0.1002604171875 0.0107421875 0.1067708328125 0.0234375 0.10546875 0.03125 0.09505208281250001 0.033203125 0.08723958281250001 0.0302734375 0.08333333281250001
4 0.712890625 0.1341145828125 0.716796875 0.1236979171875 0.716796875 0.1158854171875 0.7099609375 0.109375 0.7021484375 0.1119791671875 0.6953125 0.1236979171875 0.6953125 0.1341145828125 0.7021484375 0.140625 0.70703125 0.1393229171875 0.712890625 0.1341145828125
4 0.599609375 0.11328125 0.6025390625 0.125 0.611328125 0.1236979171875 0.62109375 0.1106770828125 0.6162109375 0.1015625 0.6044921875 0.1041666671875 0.599609375 0.11328125
4 0.2275390625 0.203125 0.2177734375 0.20052083281250002 0.2119140625 0.203125 0.208984375 0.20963541718749998 0.2119140625 0.21614583281250002 0.2177734375 0.21875 0.232421875 0.21744791718749998 0.232421875 0.20703125 0.2275390625 0.203125
5 0.57421875 0.7669270828125 0.576171875 0.7591145828125 0.5732421875 0.7552083328125 0.55859375 0.76171875 0.5654296875 0.7682291671875 0.57421875 0.7669270828125
4 0.2275390625 0.4635416671875 0.2158203125 0.46875 0.2109375 0.4752604171875 0.2138671875 0.4869791671875 0.22265625 0.4856770828125 0.232421875 0.4752604171875 0.232421875 0.4700520828125 0.2275390625 0.4635416671875
4 0.091796875 0.4856770828125 0.0947265625 0.4921875 0.1015625 0.4934895828125 0.111328125 0.48046875 0.1103515625 0.46875 0.1005859375 0.4713541671875 0.091796875 0.4856770828125
4 0.328125 0.08984375 0.3291015625 0.09635416718749999 0.345703125 0.1002604171875 0.353515625 0.09505208281250001 0.3505859375 0.07291666718749999 0.3427734375 0.07291666718749999 0.328125 0.08984375
5 0.080078125 0.9205729171874999 0.083984375 0.9153645828125001 0.0810546875 0.90625 0.072265625 0.9153645828125001 0.0732421875 0.921875 0.080078125 0.9205729171874999
4 0.125 0.4700520828125 0.1279296875 0.4765625 0.134765625 0.4752604171875 0.14453125 0.4622395828125 0.1416015625 0.4557291671875 0.1318359375 0.4609375 0.125 0.4700520828125
4 0.44921875 0.5611979171875 0.4521484375 0.5651041671875 0.462890625 0.5638020828125 0.46484375 0.55859375 0.4580078125 0.546875 0.44921875 0.55078125 0.44921875 0.5611979171875
4 0.0517578125 0.1536458328125 0.046875 0.16015625 0.048828125 0.1731770828125 0.0517578125 0.1770833328125 0.0625 0.17578125 0.06640625 0.1731770828125 0.064453125 0.1575520828125 0.0517578125 0.1536458328125
5 0.126953125 0.20963541718749998 0.126953125 0.20442708281250002 0.1142578125 0.1875 0.1044921875 0.1822916671875 0.091796875 0.1861979171875 0.091796875 0.20182291718749998 0.0966796875 0.20833333281250002 0.1162109375 0.21614583281250002 0.12109375 0.21484375 0.126953125 0.20963541718749998
4 0.546875 0.1080729171875 0.5478515625 0.1171875 0.5546875 0.1158854171875 0.5625 0.1080729171875 0.5595703125 0.1015625 0.5517578125 0.1015625 0.546875 0.1080729171875
4 0.23828125 0.57421875 0.2392578125 0.5833333328125 0.248046875 0.5846354171875 0.25390625 0.57421875 0.2529296875 0.5677083328125 0.2431640625 0.5677083328125 0.23828125 0.57421875
4 0.072265625 0.1861979171875 0.0693359375 0.1822916671875 0.0615234375 0.1822916671875 0.056640625 0.1888020828125 0.056640625 0.1966145828125 0.0595703125 0.20052083281250002 0.068359375 0.19921875 0.072265625 0.1940104171875 0.072265625 0.1861979171875
4 0.0791015625 0.1901041671875 0.0712890625 0.1875 0.06640625 0.20182291718749998 0.0732421875 0.2109375 0.080078125 0.20963541718749998 0.083984375 0.20442708281250002 0.083984375 0.1966145828125 0.0791015625 0.1901041671875
4 0.0869140625 0.1953125 0.0791015625 0.1927083328125 0.07421875 0.20442708281250002 0.0791015625 0.2109375 0.087890625 0.21223958281250002 0.09375 0.20703125 0.091796875 0.20182291718749998 0.0869140625 0.1953125
4 0.021484375 0.20703125 0.0244140625 0.21354166718749998 0.03515625 0.21223958281250002 0.037109375 0.20963541718749998 0.0322265625 0.20052083281250002 0.0244140625 0.20052083281250002 0.021484375 0.20703125
4 0.021484375 0.20963541718749998 0.021484375 0.19921875 0.0185546875 0.1953125 0 0.1966145828125 0.0048828125 0.2109375 0.021484375 0.20963541718749998
4 0.1611328125 0.20052083281250002 0.1455078125 0.1979166671875 0.130859375 0.20963541718749998 0.1376953125 0.21875 0.19140625 0.21744791718749998 0.203125 0.21223958281250002 0.1923828125 0.1979166671875 0.1611328125 0.20052083281250002
4 0.203125 0.1888020828125 0.2080078125 0.1927083328125 0.216796875 0.19140625 0.21875 0.18359375 0.2138671875 0.1770833328125 0.203125 0.18359375 0.203125 0.1888020828125
4 0.1953125 0.1966145828125 0.1953125 0.20182291718749998 0.201171875 0.20442708281250002 0.20703125 0.1966145828125 0.2041015625 0.1901041671875 0.2001953125 0.1901041671875 0.1953125 0.1966145828125
4 0.248046875 0.08463541718749999 0.2568359375 0.1015625 0.26171875 0.1002604171875 0.271484375 0.08463541718749999 0.2666015625 0.07291666718749999 0.2568359375 0.07291666718749999 0.248046875 0.08463541718749999
4 0.328125 0.17578125 0.3154296875 0.1536458328125 0.2998046875 0.1510416671875 0.287109375 0.1653645828125 0.287109375 0.1783854171875 0.2998046875 0.1927083328125 0.322265625 0.1940104171875 0.328125 0.1888020828125 0.328125 0.17578125
4 0.3115234375 0.1510416671875 0.2998046875 0.1510416671875 0.294921875 0.1575520828125 0.2978515625 0.1666666671875 0.3125 0.1653645828125 0.3173828125 0.1640625 0.318359375 0.16015625 0.3115234375 0.1510416671875
4 0.28515625 0.17578125 0.2900390625 0.1848958328125 0.296875 0.1861979171875 0.298828125 0.16015625 0.2939453125 0.15625 0.287109375 0.1653645828125 0.28515625 0.17578125
4 0.2998046875 0.1875 0.306640625 0.1861979171875 0.3134765625 0.1848958328125 0.31640625 0.1731770828125 0.314453125 0.1653645828125 0.3056640625 0.1614583328125 0.302734375 0.1575520828125 0.306640625 0.1549479171875 0.3017578125 0.1536458328125 0.294921875 0.1653645828125 0.294921875 0.1731770828125 0.2998046875 0.1875
4 0.314453125 0.1627604171875 0.3125 0.1940104171875 0.322265625 0.1940104171875 0.328125 0.1888020828125 0.328125 0.17578125 0.3173828125 0.1588541671875 0.314453125 0.1627604171875
4 0.32421875 0.21223958281250002 0.3369140625 0.21875 0.341796875 0.21744791718749998 0.34375 0.20442708281250002 0.3291015625 0.1875 0.32421875 0.1940104171875 0.32421875 0.21223958281250002
4 0.3017578125 0.1953125 0.296875 0.20182291718749998 0.296875 0.20703125 0.3017578125 0.21354166718749998 0.3125 0.21223958281250002 0.314453125 0.20703125 0.3076171875 0.1979166671875 0.3017578125 0.1953125
4 0.341796875 0.1236979171875 0.341796875 0.12890625 0.349609375 0.1315104171875 0.353515625 0.12890625 0.353515625 0.12109375 0.3466796875 0.1171875 0.341796875 0.1236979171875
4 0.3544921875 0.140625 0.3466796875 0.140625 0.34375 0.14453125 0.34375 0.1575520828125 0.35546875 0.1575520828125 0.359375 0.1549479171875 0.359375 0.1471354171875 0.3544921875 0.140625
4 0.376953125 0.1497395828125 0.38671875 0.1419270828125 0.390625 0.1263020828125 0.38671875 0.10546875 0.3818359375 0.09635416718749999 0.3701171875 0.09895833281250001 0.36328125 0.1080729171875 0.359375 0.1236979171875 0.365234375 0.1471354171875 0.3681640625 0.1510416671875 0.376953125 0.1497395828125
4 0.458984375 0.07682291718749999 0.4541015625 0.0703125 0.4423828125 0.0703125 0.4326171875 0.07552083281250001 0.4296875 0.08203125 0.431640625 0.09765625 0.44921875 0.1002604171875 0.45703125 0.09244791718749999 0.458984375 0.07682291718749999
4 0.392578125 0.20963541718749998 0.3974609375 0.21614583281250002 0.408203125 0.21744791718749998 0.41015625 0.20703125 0.4072265625 0.203125 0.392578125 0.20182291718749998 0.392578125 0.20963541718749998
4 0.421875 0.21223958281250002 0.4248046875 0.22395833281250002 0.4375 0.22526041718749998 0.44140625 0.22005208281250002 0.4384765625 0.2109375 0.4248046875 0.20833333281250002 0.421875 0.21223958281250002
4 0.5244140625 0.09114583281250001 0.5146484375 0.09114583281250001 0.50390625 0.1028645828125 0.5048828125 0.1145833328125 0.51953125 0.1158854171875 0.529296875 0.1028645828125 0.529296875 0.09765625 0.5244140625 0.09114583281250001
4 0.53125 0.08203125 0.533203125 0.09244791718749999 0.5390625 0.09505208281250001 0.54296875 0.09244791718749999 0.54296875 0.07942708281250001 0.5341796875 0.078125 0.53125 0.08203125
4 0.572265625 0.08203125 0.576171875 0.07682291718749999 0.5751953125 0.0703125 0.568359375 0.07161458281250001 0.568359375 0.07942708281250001 0.572265625 0.08203125
4 0.501953125 0.23046875 0.5078125 0.22526041718749998 0.5029296875 0.21614583281250002 0.49609375 0.22005208281250002 0.49609375 0.22786458281250002 0.501953125 0.23046875
4 0.517578125 0.23307291718749998 0.5205078125 0.23697916718749998 0.52734375 0.23567708281250002 0.529296875 0.23307291718749998 0.52734375 0.22526041718749998 0.5205078125 0.22135416718749998 0.517578125 0.23307291718749998
4 0.53125 0.22786458281250002 0.5322265625 0.234375 0.54296875 0.23307291718749998 0.5380859375 0.2265625 0.53125 0.22786458281250002
4 0.5810546875 0.203125 0.5732421875 0.203125 0.572265625 0.21223958281250002 0.5751953125 0.21614583281250002 0.580078125 0.21484375 0.583984375 0.21223958281250002 0.583984375 0.20703125 0.5810546875 0.203125
4 0.572265625 0.23046875 0.572265625 0.22265625 0.5673828125 0.21614583281250002 0.556640625 0.22005208281250002 0.5576171875 0.22916666718749998 0.572265625 0.23046875
4 0.58984375 0.22786458281250002 0.5908203125 0.21614583281250002 0.5849609375 0.21354166718749998 0.580078125 0.21744791718749998 0.5791015625 0.2265625 0.58984375 0.22786458281250002
4 0.6044921875 0.20572916718749998 0.591796875 0.21223958281250002 0.59375 0.22265625 0.5986328125 0.22916666718749998 0.607421875 0.22786458281250002 0.611328125 0.22526041718749998 0.611328125 0.21484375 0.6044921875 0.20572916718749998
4 0.59765625 0.23307291718749998 0.599609375 0.23046875 0.5947265625 0.22395833281250002 0.58984375 0.22786458281250002 0.5908203125 0.234375 0.59765625 0.23307291718749998
4 0.6181640625 0.1770833328125 0.6083984375 0.171875 0.6005859375 0.1744791671875 0.595703125 0.1809895828125 0.595703125 0.1888020828125 0.6025390625 0.20052083281250002 0.626953125 0.20182291718749998 0.626953125 0.1861979171875 0.6181640625 0.1770833328125
4 0.6337890625 0.1588541671875 0.6201171875 0.1614583328125 0.619140625 0.17578125 0.6298828125 0.1901041671875 0.634765625 0.1888020828125 0.642578125 0.1809895828125 0.640625 0.1653645828125 0.6337890625 0.1588541671875
4 0.6318359375 0.1380208328125 0.6259765625 0.1380208328125 0.62109375 0.1471354171875 0.623046875 0.1549479171875 0.62890625 0.1575520828125 0.6337890625 0.15625 0.63671875 0.1471354171875 0.6318359375 0.1380208328125
4 0.6533203125 0.203125 0.6484375 0.20963541718749998 0.6484375 0.21484375 0.6533203125 0.21875 0.6640625 0.21744791718749998 0.666015625 0.21223958281250002 0.6591796875 0.203125 0.6533203125 0.203125
4 0.6171875 0.21744791718749998 0.6201171875 0.2265625 0.62890625 0.22526041718749998 0.630859375 0.21484375 0.6279296875 0.2109375 0.6220703125 0.2109375 0.6171875 0.21744791718749998
4 0.6689453125 0.1927083328125 0.6640625 0.19921875 0.6650390625 0.20572916718749998 0.6728515625 0.2109375 0.677734375 0.20963541718749998 0.6796875 0.19921875 0.6767578125 0.1953125 0.6689453125 0.1927083328125
4 0.669921875 0.20703125 0.6728515625 0.21614583281250002 0.677734375 0.21484375 0.6787109375 0.20572916718749998 0.669921875 0.20703125
4 0.677734375 0.21744791718749998 0.6806640625 0.22916666718749998 0.697265625 0.23046875 0.701171875 0.22526041718749998 0.6962890625 0.21614583281250002 0.6845703125 0.21354166718749998 0.677734375 0.21744791718749998
4 0.693359375 0.21223958281250002 0.6982421875 0.22135416718749998 0.705078125 0.22005208281250002 0.7021484375 0.20833333281250002 0.693359375 0.21223958281250002
4 0.7412109375 0.21614583281250002 0.7294921875 0.20833333281250002 0.716796875 0.20963541718749998 0.71484375 0.21484375 0.7216796875 0.22916666718749998 0.7294921875 0.234375 0.740234375 0.23307291718749998 0.744140625 0.22786458281250002 0.7412109375 0.21614583281250002
4 0.7265625 0.24088541718749998 0.73046875 0.23567708281250002 0.7197265625 0.22916666718749998 0.716796875 0.23828125 0.7216796875 0.2421875 0.7265625 0.24088541718749998
4 0.75 0.21484375 0.7529296875 0.22395833281250002 0.765625 0.22526041718749998 0.7724609375 0.22395833281250002 0.7734375 0.22005208281250002 0.7646484375 0.21354166718749998 0.75 0.21484375
4 0.7734375 0.23046875 0.7783203125 0.23958333281250002 0.796875 0.23828125 0.80078125 0.23307291718749998 0.7978515625 0.2265625 0.7802734375 0.22395833281250002 0.7734375 0.23046875
4 0.7734375 0.24088541718749998 0.7734375 0.23567708281250002 0.7666015625 0.23177083281250002 0.759765625 0.23567708281250002 0.7626953125 0.2421875 0.7734375 0.24088541718749998
4 0.818359375 0.22005208281250002 0.8212890625 0.2265625 0.83203125 0.22526041718749998 0.833984375 0.21744791718749998 0.8291015625 0.2109375 0.8212890625 0.21354166718749998 0.818359375 0.22005208281250002
4 0.078125 0.49609375 0.0751953125 0.4895833328125 0.0693359375 0.4869791671875 0.0625 0.4934895828125 0.056640625 0.51953125 0.0634765625 0.5286458328125 0.072265625 0.52734375 0.078125 0.5169270828125 0.078125 0.49609375
4 0.087890625 0.55859375 0.0927734375 0.5651041671875 0.10546875 0.5638020828125 0.10546875 0.5533854171875 0.0986328125 0.5416666671875 0.087890625 0.5481770828125 0.087890625 0.55859375
4 0.080078125 0.58203125 0.0810546875 0.5703125 0.0751953125 0.5677083328125 0.068359375 0.57421875 0.0712890625 0.5833333328125 0.080078125 0.58203125
4 0.103515625 0.5846354171875 0.0966796875 0.5729166671875 0.0869140625 0.5729166671875 0.08203125 0.5794270828125 0.08203125 0.5846354171875 0.0888671875 0.59375 0.09765625 0.5924479171875 0.1025390625 0.5911458328125 0.103515625 0.5846354171875
4 0.109375 0.57421875 0.1123046875 0.5833333328125 0.12109375 0.58203125 0.1201171875 0.5755208328125 0.109375 0.57421875
4 0.1318359375 0.5833333328125 0.1220703125 0.5833333328125 0.119140625 0.5872395828125 0.1220703125 0.5989583328125 0.1328125 0.59765625 0.13671875 0.5950520828125 0.13671875 0.58984375 0.1318359375 0.5833333328125
4 0.13671875 0.5872395828125 0.1376953125 0.5911458328125 0.142578125 0.58984375 0.1416015625 0.5859375 0.13671875 0.5872395828125
4 0.1484375 0.5950520828125 0.1494140625 0.5989583328125 0.169921875 0.6002604171875 0.171875 0.5950520828125 0.1591796875 0.5859375 0.1533203125 0.5859375 0.1484375 0.5950520828125
4 0.14453125 0.4752604171875 0.1455078125 0.4817708328125 0.154296875 0.48046875 0.162109375 0.4700520828125 0.1591796875 0.4635416671875 0.1474609375 0.46875 0.14453125 0.4752604171875
5 0.20703125 0.4544270828125 0.2041015625 0.4479166671875 0.1943359375 0.4453125 0.1875 0.4544270828125 0.1875 0.4674479171875 0.1923828125 0.4739583328125 0.19921875 0.47265625 0.205078125 0.46484375 0.20703125 0.4544270828125
4 0.21484375 0.5950520828125 0.2177734375 0.6041666671875 0.2421875 0.6028645828125 0.2421875 0.5950520828125 0.2373046875 0.5911458328125 0.2216796875 0.5911458328125 0.21484375 0.5950520828125
4 0.2685546875 0.5755208328125 0.2587890625 0.5729166671875 0.25390625 0.5924479171875 0.2568359375 0.5963541671875 0.263671875 0.5950520828125 0.2705078125 0.59375 0.275390625 0.5846354171875 0.2685546875 0.5755208328125
4 0.263671875 0.6028645828125 0.2626953125 0.59375 0.2548828125 0.59375 0.251953125 0.59765625 0.2568359375 0.6041666671875 0.263671875 0.6028645828125
4 0.3125 0.58984375 0.3017578125 0.5755208328125 0.2900390625 0.5729166671875 0.28515625 0.5794270828125 0.287109375 0.59765625 0.2900390625 0.6015625 0.30859375 0.6002604171875 0.3125 0.59765625 0.3125 0.58984375
4 0.314453125 0.5846354171875 0.31640625 0.5768229171875 0.3076171875 0.5677083328125 0.3046875 0.5716145828125 0.3046875 0.58203125 0.314453125 0.5846354171875
4 0.337890625 0.59765625 0.3359375 0.58984375 0.3291015625 0.5833333328125 0.3203125 0.5872395828125 0.3232421875 0.5989583328125 0.337890625 0.59765625
4 0.3349609375 0.515625 0.3251953125 0.515625 0.3203125 0.5221354171875 0.318359375 0.5325520828125 0.32421875 0.5377604171875 0.3291015625 0.5364583328125 0.3359375 0.52734375 0.3349609375 0.515625
4 0.3203125 0.5533854171875 0.3232421875 0.5572916671875 0.33203125 0.5559895828125 0.333984375 0.54296875 0.3232421875 0.5390625 0.3203125 0.54296875 0.3203125 0.5533854171875
4 0.357421875 0.49609375 0.3505859375 0.4895833328125 0.3447265625 0.4895833328125 0.33984375 0.49609375 0.3359375 0.5143229171875 0.3408203125 0.5208333328125 0.349609375 0.51953125 0.357421875 0.51171875 0.357421875 0.49609375
4 0.3798828125 0.5208333328125 0.390625 0.50390625 0.390625 0.4908854171875 0.3837890625 0.484375 0.3798828125 0.484375 0.365234375 0.5065104171875 0.365234375 0.5221354171875 0.3681640625 0.5260416671875 0.373046875 0.5247395828125 0.3798828125 0.5208333328125
4 0.396484375 0.4856770828125 0.3955078125 0.4765625 0.3857421875 0.4765625 0.3828125 0.48046875 0.3876953125 0.4869791671875 0.396484375 0.4856770828125
4 0.42578125 0.4778645828125 0.4306640625 0.4869791671875 0.43359375 0.4856770828125 0.439453125 0.48046875 0.4365234375 0.4713541671875 0.4306640625 0.4713541671875 0.42578125 0.4778645828125
4 0.4345703125 0.484375 0.431640625 0.48828125 0.4296875 0.4986979171875 0.4326171875 0.5026041671875 0.4375 0.5013020828125 0.4453125 0.4908854171875 0.4443359375 0.484375 0.4345703125 0.484375
4 0.41015625 0.5403645828125 0.412109375 0.5325520828125 0.4091796875 0.5286458328125 0.400390625 0.5325520828125 0.4052734375 0.5416666671875 0.41015625 0.5403645828125
4 0.408203125 0.5611979171875 0.41015625 0.55078125 0.4072265625 0.546875 0.396484375 0.5481770828125 0.3974609375 0.5625 0.408203125 0.5611979171875
5 0.36328125 0.5950520828125 0.37109375 0.58984375 0.3701171875 0.5703125 0.357421875 0.5768229171875 0.359375 0.5924479171875 0.36328125 0.5950520828125
4 0.484375 0.4986979171875 0.4892578125 0.5078125 0.494140625 0.5065104171875 0.505859375 0.4908854171875 0.5029296875 0.4791666671875 0.4951171875 0.4817708328125 0.484375 0.4986979171875
4 0.5234375 0.4986979171875 0.5234375 0.48828125 0.5205078125 0.484375 0.5166015625 0.484375 0.505859375 0.4986979171875 0.50390625 0.5065104171875 0.51171875 0.51171875 0.5185546875 0.5104166671875 0.5234375 0.4986979171875
4 0.50390625 0.5377604171875 0.509765625 0.5325520828125 0.5087890625 0.5208333328125 0.5048828125 0.5208333328125 0.49609375 0.5377604171875 0.50390625 0.5377604171875
4 0.4921875 0.5377604171875 0.4921875 0.52734375 0.4853515625 0.5208333328125 0.47265625 0.5377604171875 0.47265625 0.5481770828125 0.4755859375 0.5520833328125 0.48046875 0.55078125 0.4892578125 0.5442708328125 0.4921875 0.5377604171875
4 0.439453125 0.59765625 0.4423828125 0.6015625 0.44921875 0.6002604171875 0.451171875 0.5846354171875 0.4443359375 0.578125 0.439453125 0.58203125 0.439453125 0.59765625
4 0.525390625 0.59765625 0.5283203125 0.6067708328125 0.541015625 0.60546875 0.541015625 0.6002604171875 0.5361328125 0.59375 0.5283203125 0.59375 0.525390625 0.59765625
4 0.517578125 0.6158854171875 0.521484375 0.61328125 0.5185546875 0.6041666671875 0.5078125 0.60546875 0.5087890625 0.6145833328125 0.517578125 0.6158854171875
4 0.4853515625 0.578125 0.4794921875 0.578125 0.478515625 0.58984375 0.4833984375 0.5963541671875 0.48828125 0.5950520828125 0.4921875 0.5924479171875 0.4921875 0.5872395828125 0.4853515625 0.578125
4 0.5830078125 0.59375 0.5712890625 0.59375 0.5703125 0.6080729171875 0.5751953125 0.6145833328125 0.580078125 0.61328125 0.587890625 0.60546875 0.587890625 0.6002604171875 0.5830078125 0.59375
4 0.591796875 0.58203125 0.5947265625 0.59375 0.603515625 0.5950520828125 0.6044921875 0.5807291671875 0.591796875 0.58203125
4 0.623046875 0.6028645828125 0.6201171875 0.5885416671875 0.6142578125 0.5859375 0.609375 0.5924479171875 0.6123046875 0.6041666671875 0.623046875 0.6028645828125
4 0.59375 0.60546875 0.5966796875 0.6145833328125 0.60546875 0.61328125 0.6005859375 0.6041666671875 0.59375 0.60546875
4 0.607421875 0.6158854171875 0.6103515625 0.6223958328125 0.615234375 0.62109375 0.6123046875 0.6119791671875 0.607421875 0.6158854171875
4 0.646484375 0.5611979171875 0.6376953125 0.5494791671875 0.6298828125 0.5520833328125 0.625 0.55859375 0.625 0.57421875 0.6279296875 0.5807291671875 0.6328125 0.58203125 0.6484375 0.57421875 0.646484375 0.5611979171875
4 0.6416015625 0.5859375 0.634765625 0.5924479171875 0.634765625 0.59765625 0.6416015625 0.6067708328125 0.65234375 0.60546875 0.654296875 0.5950520828125 0.6494140625 0.5859375 0.6416015625 0.5859375
4 0.66015625 0.5846354171875 0.6552734375 0.5833333328125 0.65234375 0.5950520828125 0.6572265625 0.6041666671875 0.66015625 0.6028645828125 0.6640625 0.6002604171875 0.6640625 0.5950520828125 0.66015625 0.5846354171875
4 0.6689453125 0.6041666671875 0.6591796875 0.6041666671875 0.658203125 0.6184895828125 0.6630859375 0.625 0.669921875 0.6236979171875 0.673828125 0.6184895828125 0.673828125 0.6106770828125 0.6689453125 0.6041666671875
4 0.6650390625 0.4869791671875 0.6513671875 0.4895833328125 0.6435546875 0.4947916671875 0.640625 0.5013020828125 0.638671875 0.5091145828125 0.640625 0.5221354171875 0.65625 0.5221354171875 0.671875 0.49609375 0.6650390625 0.4869791671875
4 0.677734375 0.5455729171875 0.677734375 0.55078125 0.68359375 0.5533854171875 0.69140625 0.54296875 0.6865234375 0.53125 0.681640625 0.53515625 0.677734375 0.5455729171875
4 0.7041015625 0.4895833328125 0.6875 0.4986979171875 0.685546875 0.5091145828125 0.6923828125 0.515625 0.6953125 0.5143229171875 0.708984375 0.5013020828125 0.708984375 0.49609375 0.7041015625 0.4895833328125
4 0.71875 0.5794270828125 0.728515625 0.5533854171875 0.728515625 0.51171875 0.7216796875 0.4973958328125 0.7177734375 0.4973958328125 0.703125 0.51171875 0.697265625 0.5325520828125 0.703125 0.5455729171875 0.705078125 0.57421875 0.7119140625 0.5807291671875 0.71875 0.5794270828125
4 0.740234375 0.61328125 0.7294921875 0.5963541671875 0.7255859375 0.5963541671875 0.720703125 0.6028645828125 0.71875 0.61328125 0.7236328125 0.6223958328125 0.734375 0.6236979171875 0.740234375 0.6184895828125 0.740234375 0.61328125
4 0.80078125 0.5846354171875 0.8017578125 0.59375 0.80859375 0.5924479171875 0.8076171875 0.5833333328125 0.80078125 0.5846354171875
4 0.814453125 0.6184895828125 0.81640625 0.60546875 0.8095703125 0.6041666671875 0.806640625 0.6158854171875 0.8095703125 0.6197916671875 0.814453125 0.6184895828125
4 0.802734375 0.6236979171875 0.8017578125 0.6171875 0.7900390625 0.6197916671875 0.7841796875 0.6145833328125 0.7744140625 0.6145833328125 0.771484375 0.6184895828125 0.7734375 0.6263020828125 0.7802734375 0.6302083328125 0.796875 0.62890625 0.802734375 0.6236979171875
4 0.779296875 0.4908854171875 0.7841796875 0.5 0.791015625 0.4986979171875 0.798828125 0.4908854171875 0.7958984375 0.4817708328125 0.7841796875 0.484375 0.779296875 0.4908854171875
4 0.8056640625 0.5260416671875 0.80078125 0.5325520828125 0.802734375 0.5455729171875 0.8056640625 0.5494791671875 0.81640625 0.5481770828125 0.818359375 0.5325520828125 0.8134765625 0.5260416671875 0.8056640625 0.5260416671875
4 0.841796875 0.5872395828125 0.8505859375 0.5833333328125 0.861328125 0.56640625 0.859375 0.5403645828125 0.8466796875 0.5286458328125 0.8369140625 0.5286458328125 0.8271484375 0.5364583328125 0.8203125 0.5559895828125 0.822265625 0.5768229171875 0.8310546875 0.5859375 0.841796875 0.5872395828125
4 0.890625 0.5221354171875 0.884765625 0.5013020828125 0.8798828125 0.4947916671875 0.8583984375 0.4895833328125 0.853515625 0.49609375 0.853515625 0.5143229171875 0.861328125 0.5299479171875 0.8759765625 0.5416666671875 0.888671875 0.5403645828125 0.890625 0.5221354171875
4 0.837890625 0.48828125 0.8408203125 0.4973958328125 0.84765625 0.49609375 0.849609375 0.4908854171875 0.8466796875 0.4869791671875 0.8408203125 0.484375 0.837890625 0.48828125
4 0.8984375 0.5481770828125 0.9072265625 0.5520833328125 0.9111328125 0.546875 0.9169921875 0.5546875 0.923828125 0.5533854171875 0.927734375 0.5481770828125 0.919921875 0.5299479171875 0.9111328125 0.5208333328125 0.9052734375 0.5208333328125 0.8974609375 0.5026041671875 0.8916015625 0.5026041671875 0.890625 0.5091145828125 0.90234375 0.5247395828125 0.8984375 0.53515625 0.8984375 0.5481770828125
4 0.931640625 0.5403645828125 0.93359375 0.5325520828125 0.9287109375 0.5260416671875 0.921875 0.5299479171875 0.9267578125 0.5416666671875 0.931640625 0.5403645828125
4 0.93359375 0.5638020828125 0.9345703125 0.5755208328125 0.943359375 0.57421875 0.9404296875 0.5625 0.93359375 0.5638020828125
4 0.9296875 0.5794270828125 0.927734375 0.5924479171875 0.93359375 0.5924479171875 0.935546875 0.57421875 0.9326171875 0.5703125 0.927734375 0.57421875 0.9296875 0.5794270828125
4 0.8974609375 0.609375 0.90234375 0.6080729171875 0.9091796875 0.6015625 0.9208984375 0.5989583328125 0.92578125 0.5768229171875 0.931640625 0.5768229171875 0.931640625 0.5716145828125 0.9228515625 0.5572916671875 0.9072265625 0.5572916671875 0.89453125 0.56640625 0.892578125 0.60546875 0.8974609375 0.609375
4 0.8798828125 0.5416666671875 0.8662109375 0.5442708328125 0.865234375 0.5611979171875 0.8818359375 0.578125 0.88671875 0.5768229171875 0.892578125 0.5690104171875 0.890625 0.5533854171875 0.8798828125 0.5416666671875
4 0.87109375 0.62109375 0.8779296875 0.6197916671875 0.884765625 0.6080729171875 0.884765625 0.5846354171875 0.8740234375 0.5703125 0.8681640625 0.5703125 0.859375 0.5794270828125 0.853515625 0.6002604171875 0.85546875 0.61328125 0.8623046875 0.6223958328125 0.87109375 0.62109375
4 0.84375 0.6158854171875 0.84375 0.62109375 0.849609375 0.6236979171875 0.85546875 0.6184895828125 0.8525390625 0.609375 0.8466796875 0.609375 0.84375 0.6158854171875
5 0.0458984375 0.6015625 0.033203125 0.60546875 0.033203125 0.61328125 0.0380859375 0.6197916671875 0.044921875 0.6184895828125 0.048828125 0.6158854171875 0.048828125 0.60546875 0.0458984375 0.6015625
5 0.15234375 0.6471354171875 0.1533203125 0.6354166671875 0.1416015625 0.6354166671875 0.138671875 0.6393229171875 0.1416015625 0.6484375 0.15234375 0.6471354171875
5 0.521484375 0.2513020828125 0.5244140625 0.2552083328125 0.533203125 0.25390625 0.53515625 0.24869791718749998 0.5322265625 0.24479166718749998 0.5244140625 0.24479166718749998 0.521484375 0.2513020828125
5 0.640625 0.3033854171875 0.64453125 0.2981770828125 0.6435546875 0.2916666671875 0.630859375 0.29296875 0.6337890625 0.3020833328125 0.640625 0.3033854171875