5 0.12109375 0.03125 0.125 0.0283203125 0.125 0.0048828125 0.12109375 0 0.1145833328125 0.0009765625 0.1145833328125 0.0048828125 0.1067708328125 0.0107421875 0.1067708328125 0.0283203125 0.1106770828125 0.03125 0.12109375 0.03125
5 0.859375 0.5146484375 0.8567708328125001 0.5283203125 0.8684895828125001 0.53515625 0.87890625 0.533203125 0.8828125 0.5302734375 0.8828125 0.5185546875 0.8763020828125001 0.513671875 0.859375 0.5146484375
5 1 0.1513671875 0.9908854171874999 0.142578125 0.9661458328125001 0.1416015625 0.95703125 0.142578125 0.9296875 0.1669921875 0.9296875 0.1865234375 0.9244791671874999 0.1923828125 0.9244791671874999 0.2001953125 0.9322916671874999 0.2099609375 0.9466145828125001 0.21875 0.9622395828125001 0.21875 0.9752604171874999 0.21484375 1 0.1923828125 1 0.1513671875
5 0.013020832812499999 0.0107421875 0.010416667187500001 0.0283203125 0.0208333328125 0.0380859375 0.0377604171875 0.04296875 0.06119791718749999 0.041015625 0.06510416718749999 0.0361328125 0.0625 0.0263671875 0.03515625 0.0078125 0.0260416671875 0.0107421875 0.0286458328125 0.0185546875 0.0221354171875 0.021484375 0.0208333328125 0.0048828125 0.0182291671875 0.0048828125 0.013020832812499999 0.0107421875
5 0.8216145828125001 0.953125 0.8138020828125001 0.94921875 0.8020833328125001 0.9501953125 0.7955729171875 0.951171875 0.7916666671875 0.9560546875 0.7955729171875 0.97265625 0.8138020828125001 0.970703125 0.8229166671874999 0.9638671875 0.8216145828125001 0.953125
5 0.12109375 0.767578125 0.1380208328125 0.7548828125 0.1354166671875 0.7451171875 0.1263020828125 0.73828125 0.09635416718749999 0.7373046875 0.08854166718749999 0.7431640625 0.0859375 0.7548828125 0.08854166718749999 0.7626953125 0.09765625 0.76953125 0.12109375 0.767578125
5 0.0416666671875 0.2373046875 0.05208333281250001 0.2529296875 0.06640625 0.263671875 0.07942708281250001 0.265625 0.1119791671875 0.2529296875 0.1119791671875 0.2353515625 0.1015625 0.2138671875 0.08984375 0.205078125 0.06770833281250001 0.2041015625 0.05208333281250001 0.2080078125 0.0442708328125 0.2216796875 0.0416666671875 0.2373046875
5 0.1041666671875 0.8623046875 0.09375 0.8740234375 0.09895833281250001 0.8857421875 0.1106770828125 0.888671875 0.1197916671875 0.8818359375 0.1223958328125 0.8740234375 0.11328125 0.86328125 0.1041666671875 0.8623046875
2 0.1588541671875 0.8154296875 0.1640625 0.8271484375 0.1666666671875 0.8662109375 0.1640625 0.8720703125 0.171875 0.8837890625 0.1861979171875 0.89453125 0.1940104171875 0.892578125 0.20442708281250002 0.89453125 0.24479166718749998 0.8720703125 0.24739583281250002 0.8583984375 0.234375 0.8271484375 0.23177083281250002 0.7978515625 0.22395833281250002 0.7783203125 0.22395833281250002 0.7412109375 0.21614583281250002 0.7236328125 0.21354166718749998 0.7021484375 0.20703125 0.6953125 0.1940104171875 0.6953125 0.1809895828125 0.703125 0.16796875 0.701171875 0.1653645828125 0.6953125 0.1536458328125 0.6943359375 0.1536458328125 0.6982421875 0.1471354171875 0.703125 0.1393229171875 0.703125 0.1328125 0.7080078125 0.1354166671875 0.7294921875 0.1276041671875 0.7373046875 0.1354166671875 0.7470703125 0.1354166671875 0.7568359375 0.1276041671875 0.7646484375 0.1380208328125 0.7685546875 0.1354166671875 0.7763671875 0.1536458328125 0.7900390625 0.1588541671875 0.7998046875 0.1588541671875 0.8154296875
5 0.1119791671875 0.9833984375 0.1067708328125 0.9873046875 0.1080729171875 1 0.140625 0.9990234375 0.1432291671875 0.9951171875 0.140625 0.9912109375 0.12890625 0.982421875 0.1119791671875 0.9833984375
2 0.1145833328125 0.5595703125 0.1197916671875 0.5810546875 0.1171875 0.5908203125 0.1236979171875 0.59765625 0.12890625 0.59765625 0.1471354171875 0.5859375 0.1549479171875 0.5859375 0.1627604171875 0.59375 0.1692708328125 0.5810546875 0.1796875 0.5751953125 0.18359375 0.564453125 0.1848958328125 0.5771484375 0.19140625 0.583984375 0.1940104171875 0.58203125 0.19921875 0.583984375 0.203125 0.5810546875 0.20052083281250002 0.5712890625 0.203125 0.5576171875 0.1953125 0.5126953125 0.1848958328125 0.4912109375 0.1822916671875 0.4736328125 0.171875 0.4541015625 0.1471354171875 0.455078125 0.13671875 0.451171875 0.1328125 0.4443359375 0.125 0.4404296875 0.09635416718749999 0.4619140625 0.09895833281250001 0.4775390625 0.09375 0.4833984375 0.09375 0.4912109375 0.0859375 0.4931640625 0.0859375 0.5068359375 0.09114583281250001 0.5126953125 0.0859375 0.5166015625 0.0859375 0.5283203125 0.07552083281250001 0.5380859375 0.0859375 0.5517578125 0.1002604171875 0.556640625 0.1002604171875 0.560546875 0.1145833328125 0.5595703125
5 0 0.8388671875 0.00390625 0.83984375 0.015625 0.8271484375 0.0182291671875 0.8134765625 0.014322917187500001 0.810546875 0 0.8115234375 0 0.8388671875
5 0.4596354171875 0.669921875 0.4765625 0.6630859375 0.4791666671875 0.6513671875 0.4700520828125 0.640625 0.4505208328125 0.6396484375 0.4427083328125 0.6435546875 0.4401041671875 0.6533203125 0.4479166671875 0.6650390625 0.4544270828125 0.669921875 0.4596354171875 0.669921875
5 0.3854166671875 0.7099609375 0.3776041671875 0.7158203125 0.3776041671875 0.7216796875 0.38671875 0.7265625 0.39453125 0.7265625 0.3984375 0.7236328125 0.3984375 0.7099609375 0.3854166671875 0.7099609375
5 0.4322916671875 0.8251953125 0.4283854171875 0.822265625 0.4166666671875 0.8232421875 0.4036458328125 0.8271484375 0.4036458328125 0.8388671875 0.4075520828125 0.841796875 0.4309895828125 0.84375 0.4375 0.8388671875 0.4322916671875 0.8251953125
5 0.3294270828125 0.173828125 0.3333333328125 0.1669921875 0.3307291671875 0.1513671875 0.3268229171875 0.1484375 0.3203125 0.1494140625 0.3111979171875 0.15234375 0.3072916671875 0.1572265625 0.3098958328125 0.1708984375 0.31640625 0.17578125 0.3294270828125 0.173828125
5 0.2799479171875 0.349609375 0.3059895828125 0.359375 0.328125 0.3232421875 0.328125 0.3017578125 0.3203125 0.2939453125 0.3203125 0.2802734375 0.3151041671875 0.2685546875 0.3111979171875 0.265625 0.296875 0.2666015625 0.265625 0.3271484375 0.265625 0.3349609375 0.2799479171875 0.349609375
5 0.28515625 0.4140625 0.2981770828125 0.4140625 0.296875 0.3994140625 0.29296875 0.396484375 0.2864583328125 0.3974609375 0.2786458328125 0.4091796875 0.28515625 0.4140625
5 0.53515625 0.421875 0.5494791671875 0.4111328125 0.5494791671875 0.3994140625 0.54296875 0.392578125 0.53125 0.3916015625 0.5182291671875 0.4033203125 0.5182291671875 0.4091796875 0.5286458328125 0.4169921875 0.5286458328125 0.4208984375 0.53515625 0.421875