5 0.4697265625 0.1796875 0.4609375 0.19140625 0.458984375 0.20442708281250002 0.4697265625 0.22135416718749998 0.4853515625 0.22395833281250002 0.505859375 0.20182291718749998 0.5068359375 0.1901041671875 0.5048828125 0.1848958328125 0.4892578125 0.1770833328125 0.4755859375 0.1770833328125 0.4697265625 0.1796875
5 0.421875 0.3736979171875 0.4208984375 0.3645833328125 0.4130859375 0.3619791671875 0.412109375 0.3736979171875 0.4189453125 0.3776041671875 0.421875 0.3736979171875
5 0.716796875 0.57421875 0.7197265625 0.5885416671875 0.7412109375 0.5859375 0.75 0.57421875 0.7509765625 0.5442708328125 0.7333984375 0.53125 0.7275390625 0.53125 0.72265625 0.5377604171875 0.720703125 0.56640625 0.716796875 0.57421875
5 0.3046875 0.21744791718749998 0.3046875 0.22526041718749998 0.3173828125 0.23177083281250002 0.322265625 0.22786458281250002 0.3251953125 0.21354166718749998 0.3095703125 0.21354166718749998 0.3046875 0.21744791718749998
5 0.5771484375 0.1276041671875 0.576171875 0.1419270828125 0.5869140625 0.1484375 0.599609375 0.13671875 0.5986328125 0.1302083328125 0.5927734375 0.125 0.5771484375 0.1276041671875
4 0.9189453125 0.9348958328125001 0.9296875 0.9231770828125001 0.9287109375 0.9140625 0.9228515625 0.9036458328125001 0.9169921875 0.9010416671874999 0.90625 0.9127604171874999 0.90234375 0.92578125 0.9052734375 0.9322916671874999 0.9189453125 0.9348958328125001
4 0.8837890625 0.5416666671875 0.88671875 0.5377604171875 0.8857421875 0.5234375 0.8828125 0.5091145828125 0.8779296875 0.5078125 0.873046875 0.51171875 0.869140625 0.52734375 0.8759765625 0.5390625 0.8837890625 0.5416666671875
5 0.7998046875 0.1640625 0.806640625 0.1575520828125 0.8056640625 0.1536458328125 0.798828125 0.16015625 0.7998046875 0.1640625
5 0.8486328125 0.1875 0.8447265625 0.1822916671875 0.826171875 0.1809895828125 0.826171875 0.19140625 0.8349609375 0.20052083281250002 0.8447265625 0.20052083281250002 0.849609375 0.19140625 0.8486328125 0.1875
5 0.7412109375 1 0.7412109375 0.9869791671874999 0.7294921875 0.9817708328125001 0.72265625 0.98828125 0.72265625 0.9986979171874999 0.7412109375 1
5 0.8330078125 0.6145833328125 0.8271484375 0.6145833328125 0.8203125 0.6236979171875 0.814453125 0.6393229171875 0.8173828125 0.6510416671875 0.830078125 0.6393229171875 0.833984375 0.62890625 0.8330078125 0.6145833328125
5 0.7021484375 0.5677083328125 0.6865234375 0.5572916671875 0.681640625 0.5638020828125 0.681640625 0.57421875 0.6884765625 0.578125 0.6982421875 0.5755208328125 0.703125 0.5716145828125 0.7021484375 0.5677083328125
4 0.9150390625 0.5286458328125 0.923828125 0.5169270828125 0.9248046875 0.4869791671875 0.9208984375 0.4791666671875 0.9091796875 0.4765625 0.900390625 0.48828125 0.8984375 0.51171875 0.9052734375 0.5286458328125 0.9150390625 0.5286458328125
5 0.6904296875 0.5130208328125 0.6826171875 0.5026041671875 0.6650390625 0.5130208328125 0.662109375 0.51953125 0.6669921875 0.5260416671875 0.6826171875 0.5338541671875 0.689453125 0.52734375 0.6904296875 0.5130208328125
5 0.740234375 0.1002604171875 0.7490234375 0.1041666671875 0.7509765625 0.09635416718749999 0.7431640625 0.09375 0.740234375 0.1002604171875
5 0.7197265625 0.0390625 0.7080078125 0.0338541671875 0.703125 0.0403645828125 0.703125 0.0455729171875 0.7099609375 0.05729166718749999 0.7138671875 0.05729166718749999 0.720703125 0.05078125 0.7197265625 0.0390625
5 0.6611328125 0.2630208328125 0.6689453125 0.25 0.6572265625 0.24739583281250002 0.650390625 0.2565104171875 0.6533203125 0.2630208328125 0.6611328125 0.2630208328125
4 0.9326171875 0.9192708328125001 0.951171875 0.89453125 0.9501953125 0.8828125 0.9443359375 0.8802083328125001 0.9384765625 0.8880208328125001 0.92578125 0.8919270828125001 0.923828125 0.90234375 0.9287109375 0.9192708328125001 0.9326171875 0.9192708328125001
4 0.9072265625 1 0.9072265625 0.9739583328125001 0.9033203125 0.9635416671874999 0.8916015625 0.9635416671874999 0.884765625 0.9830729171874999 0.88671875 0.99609375 0.8896484375 1 0.9072265625 1
4 0.8525390625 0.0390625 0.8544921875 0.03125 0.8505859375 0.0208333328125 0.84375 0.0247395828125 0.8486328125 0.0390625 0.8525390625 0.0390625
4 0.8583984375 0.0703125 0.8505859375 0.05208333281250001 0.8466796875 0.05208333281250001 0.841796875 0.05859375 0.84375 0.06901041718749999 0.8525390625 0.08072916718749999 0.859375 0.07682291718749999 0.8583984375 0.0703125
4 0.8720703125 0.1145833328125 0.8603515625 0.08854166718749999 0.8525390625 0.08854166718749999 0.849609375 0.09244791718749999 0.849609375 0.1106770828125 0.8603515625 0.1276041671875 0.8720703125 0.125 0.8720703125 0.1145833328125
4 0.8828125 0.1315104171875 0.8828125 0.1419270828125 0.8896484375 0.1510416671875 0.892578125 0.1497395828125 0.8916015625 0.140625 0.8876953125 0.1302083328125 0.8828125 0.1315104171875
4 0.8681640625 0.1484375 0.8740234375 0.1484375 0.876953125 0.16015625 0.8837890625 0.1666666671875 0.8857421875 0.15625 0.8828125 0.1471354171875 0.8720703125 0.1328125 0.8681640625 0.1328125 0.86328125 0.1393229171875 0.8681640625 0.1484375
4 0.90234375 0.1627604171875 0.9072265625 0.171875 0.9150390625 0.1770833328125 0.9208984375 0.1770833328125 0.9208984375 0.171875 0.9091796875 0.1588541671875 0.90234375 0.1627604171875
5 0.5205078125 0.765625 0.513671875 0.78515625 0.501953125 0.80078125 0.5087890625 0.8020833328125001 0.5263671875 0.7942708328125 0.54296875 0.7669270828125 0.54296875 0.7591145828125 0.546875 0.75390625 0.5458984375 0.7473958328125 0.5400390625 0.7473958328125 0.5244140625 0.765625 0.5205078125 0.765625
5 0.2333984375 0.5625 0.2275390625 0.5572916671875 0.2197265625 0.5572916671875 0.216796875 0.5690104171875 0.2197265625 0.5729166671875 0.2275390625 0.5729166671875 0.234375 0.56640625 0.2333984375 0.5625
5 0.107421875 0.6419270828125 0.1123046875 0.6484375 0.1181640625 0.6484375 0.123046875 0.6419270828125 0.1220703125 0.6328125 0.1103515625 0.6302083328125 0.107421875 0.6419270828125
5 0.228515625 0.1028645828125 0.2275390625 0.09114583281250001 0.2158203125 0.08854166718749999 0.2109375 0.1002604171875 0.2216796875 0.109375 0.228515625 0.1028645828125
2 0.16796875 0.1497395828125 0.18359375 0.19921875 0.181640625 0.23567708281250002 0.173828125 0.2565104171875 0.1513671875 0.2916666671875 0.134765625 0.3059895828125 0.134765625 0.31640625 0.1396484375 0.3203125 0.1513671875 0.3203125 0.15625 0.3346354171875 0.1767578125 0.3645833328125 0.1962890625 0.3515625 0.2275390625 0.3541666671875 0.2548828125 0.3333333328125 0.28125 0.2903645828125 0.291015625 0.24869791718749998 0.2939453125 0.2109375 0.29296875 0.1888020828125 0.287109375 0.1783854171875 0.28515625 0.1627604171875 0.27734375 0.1419270828125 0.2373046875 0.09375 0.1943359375 0.0703125 0.1572265625 0.0703125 0.1240234375 0.08072916718749999 0.12109375 0.08463541718749999 0.119140625 0.1002604171875 0.1318359375 0.1067708328125 0.1455078125 0.125 0.1533203125 0.1276041671875 0.16796875 0.1497395828125
2 0.197265625 0.6028645828125 0.216796875 0.6393229171875 0.220703125 0.6575520828125 0.21484375 0.7174479171875 0.216796875 0.7200520828125 0.205078125 0.7486979171875 0.18359375 0.7825520828125 0.1953125 0.80078125 0.1982421875 0.8125 0.2021484375 0.8151041671874999 0.2373046875 0.8125 0.2705078125 0.7838541671875 0.291015625 0.75390625 0.298828125 0.73046875 0.296875 0.7018229171875 0.302734375 0.6783854171875 0.3017578125 0.6458333328125 0.298828125 0.6263020828125 0.2890625 0.60546875 0.2607421875 0.5677083328125 0.2470703125 0.5572916671875 0.2255859375 0.5442708328125 0.2099609375 0.5416666671875 0.1962890625 0.5442708328125 0.1845703125 0.5390625 0.1640625 0.5455729171875 0.169921875 0.55078125 0.1640625 0.5533854171875 0.169921875 0.5638020828125 0.16796875 0.5690104171875 0.197265625 0.6028645828125