5 0.0299479171875 0.751953125 0.01953125 0.748046875 0.015625 0.7607421875 0.02734375 0.76171875 0.0299479171875 0.751953125
5 0.5013020828125 0.30078125 0.4908854171875 0.302734375 0.484375 0.3095703125 0.484375 0.3193359375 0.48828125 0.322265625 0.50390625 0.322265625 0.5130208328125 0.3154296875 0.51171875 0.306640625 0.5091145828125 0.302734375 0.5013020828125 0.30078125
4 0.3098958328125 0.0830078125 0.3098958328125 0.1220703125 0.3203125 0.1474609375 0.328125 0.1572265625 0.3763020828125 0.19140625 0.3997395828125 0.19140625 0.4283854171875 0.181640625 0.4479166671875 0.1689453125 0.4739583328125 0.1435546875 0.484375 0.1259765625 0.4817708328125 0.1142578125 0.4895833328125 0.0478515625 0.48828125 0.017578125 0.4830729171875 0 0.3203125 0.0009765625 0.3151041671875 0.0732421875 0.3098958328125 0.0830078125
5 0.1666666671875 0.3330078125 0.1731770828125 0.337890625 0.1809895828125 0.337890625 0.1848958328125 0.3330078125 0.18359375 0.3203125 0.1822916671875 0.3115234375 0.1731770828125 0.310546875 0.1666666671875 0.3251953125 0.1666666671875 0.3330078125
4 0.4427083328125 0.0751953125 0.4518229171875 0.080078125 0.4596354171875 0.080078125 0.4635416671875 0.0771484375 0.46484375 0.0625 0.4596354171875 0.05859375 0.4466145828125 0.05859375 0.4427083328125 0.0615234375 0.4427083328125 0.0751953125
5 0.78515625 0.283203125 0.7838541671875 0.2705078125 0.7786458328125 0.2626953125 0.7669270828125 0.259765625 0.75 0.2919921875 0.75 0.3115234375 0.76171875 0.3359375 0.76953125 0.3359375 0.78125 0.3232421875 0.7864583328125 0.3017578125 0.78515625 0.283203125
4 0.4036458328125 0.0654296875 0.4127604171875 0.0703125 0.4205729171875 0.068359375 0.4270833328125 0.0634765625 0.42578125 0.056640625 0.41796875 0.05078125 0.4075520828125 0.05078125 0.4036458328125 0.0537109375 0.4036458328125 0.0654296875
4 0.7161458328125 0.0654296875 0.7161458328125 0.0771484375 0.7200520828125 0.080078125 0.7265625 0.0791015625 0.7278645828125 0.06640625 0.72265625 0.0625 0.7161458328125 0.0654296875
5 0.484375 0.3095703125 0.4869791671875 0.3232421875 0.50390625 0.322265625 0.5130208328125 0.3154296875 0.51171875 0.30859375 0.5091145828125 0.302734375 0.5013020828125 0.30078125 0.4908854171875 0.302734375 0.484375 0.3095703125
4 0.7877604171875 0.078125 0.7864583328125 0.0693359375 0.7747395828125 0.056640625 0.76171875 0.056640625 0.75 0.0693359375 0.7552083328125 0.0751953125 0.7526041671875 0.0869140625 0.7643229171875 0.09375 0.7799479171875 0.095703125 0.7890625 0.0869140625 0.7877604171875 0.078125
4 0.7513020828125 0 0.7473958328125 0.0029296875 0.7421875 0.0146484375 0.7421875 0.0244140625 0.74609375 0.029296875 0.7552083328125 0.0224609375 0.7630208328125 0.0068359375 0.76171875 0 0.7513020828125 0
5 0.3229166671875 0.2490234375 0.3151041671875 0.2607421875 0.3151041671875 0.2724609375 0.3216145828125 0.279296875 0.3372395828125 0.279296875 0.3411458328125 0.2763671875 0.3463541671875 0.2685546875 0.3450520828125 0.2578125 0.3346354171875 0.24609375 0.3229166671875 0.2490234375
5 0.3515625 0.2236328125 0.3528645828125 0.205078125 0.3450520828125 0.203125 0.3229166671875 0.2138671875 0.3177083328125 0.2275390625 0.3268229171875 0.236328125 0.3372395828125 0.234375 0.3515625 0.2236328125
5 0.3515625 0.2060546875 0.3541666671875 0.2119140625 0.3515625 0.2275390625 0.34375 0.2451171875 0.3567708328125 0.2744140625 0.3541666671875 0.2958984375 0.3606770828125 0.3046875 0.390625 0.2822265625 0.3984375 0.2548828125 0.3958333328125 0.2216796875 0.40234375 0.20703125 0.3997395828125 0.197265625 0.3893229171875 0.197265625 0.37890625 0.193359375 0.3658854171875 0.193359375 0.3515625 0.2060546875
5 0.7200520828125 0.2109375 0.7122395828125 0.2109375 0.7005208328125 0.2216796875 0.7005208328125 0.2294921875 0.7096354171875 0.240234375 0.7200520828125 0.2421875 0.734375 0.2294921875 0.7330729171875 0.224609375 0.7317708328125 0.2197265625 0.7200520828125 0.2109375
5 0.7434895828125 0.1875 0.7317708328125 0.2080078125 0.734375 0.2412109375 0.7434895828125 0.248046875 0.7565104171875 0.251953125 0.765625 0.2470703125 0.7734375 0.2353515625 0.7721354171875 0.193359375 0.7669270828125 0.185546875 0.7434895828125 0.1875
5 0.65234375 0.0625 0.6614583328125 0.0556640625 0.6627604171875 0.037109375 0.6588541671875 0.0302734375 0.6614583328125 0.0107421875 0.6549479171875 0.005859375 0.6497395828125 0.005859375 0.6432291671875 0.0185546875 0.6380208328125 0.0458984375 0.6380208328125 0.0595703125 0.6419270828125 0.0625 0.65234375 0.0625