5 0.2392578125 0.015625 0.23828125 0.02734375 0.248046875 0.0299479171875 0.251953125 0.01953125 0.2392578125 0.015625
5 0.693359375 0.51171875 0.697265625 0.5091145828125 0.69921875 0.5013020828125 0.697265625 0.4908854171875 0.6904296875 0.484375 0.6806640625 0.484375 0.677734375 0.48828125 0.677734375 0.50390625 0.6845703125 0.5130208328125 0.693359375 0.51171875
4 0.9990234375 0.3203125 0.9267578125 0.3151041671875 0.9169921875 0.3098958328125 0.8779296875 0.3098958328125 0.8525390625 0.3203125 0.8427734375 0.328125 0.80859375 0.3763020828125 0.80859375 0.3997395828125 0.818359375 0.4283854171875 0.8310546875 0.4479166671875 0.8564453125 0.4739583328125 0.8740234375 0.484375 0.8857421875 0.4817708328125 0.9521484375 0.4895833328125 0.982421875 0.48828125 1 0.4830729171875 0.9990234375 0.3203125
5 0.689453125 0.1731770828125 0.6748046875 0.1666666671875 0.6669921875 0.1666666671875 0.662109375 0.1731770828125 0.662109375 0.1809895828125 0.6669921875 0.1848958328125 0.6796875 0.18359375 0.6884765625 0.1822916671875 0.689453125 0.1731770828125
4 0.94140625 0.4466145828125 0.9384765625 0.4427083328125 0.9248046875 0.4427083328125 0.919921875 0.4518229171875 0.919921875 0.4596354171875 0.9228515625 0.4635416671875 0.9375 0.46484375 0.94140625 0.4596354171875 0.94140625 0.4466145828125
5 0.6767578125 0.78125 0.6982421875 0.7864583328125 0.716796875 0.78515625 0.7294921875 0.7838541671875 0.7373046875 0.7786458328125 0.740234375 0.7669270828125 0.7080078125 0.75 0.6884765625 0.75 0.6640625 0.76171875 0.6640625 0.76953125 0.6767578125 0.78125
4 0.94921875 0.4075520828125 0.9462890625 0.4036458328125 0.9345703125 0.4036458328125 0.9296875 0.4127604171875 0.931640625 0.4205729171875 0.9365234375 0.4270833328125 0.943359375 0.42578125 0.94921875 0.41796875 0.94921875 0.4075520828125
4 0.93359375 0.7278645828125 0.9375 0.72265625 0.9345703125 0.7161458328125 0.9228515625 0.7161458328125 0.919921875 0.7200520828125 0.9208984375 0.7265625 0.93359375 0.7278645828125
5 0.69921875 0.5013020828125 0.697265625 0.4908854171875 0.6904296875 0.484375 0.6767578125 0.4869791671875 0.677734375 0.50390625 0.6845703125 0.5130208328125 0.69140625 0.51171875 0.697265625 0.5091145828125 0.69921875 0.5013020828125
4 0.904296875 0.7799479171875 0.9130859375 0.7890625 0.921875 0.7877604171875 0.9306640625 0.7864583328125 0.943359375 0.7747395828125 0.943359375 0.76171875 0.9306640625 0.75 0.9248046875 0.7552083328125 0.9130859375 0.7526041671875 0.90625 0.7643229171875 0.904296875 0.7799479171875
4 1 0.7513020828125 0.9970703125 0.7473958328125 0.9853515625 0.7421875 0.9755859375 0.7421875 0.970703125 0.74609375 0.9775390625 0.7552083328125 0.9931640625 0.7630208328125 1 0.76171875 1 0.7513020828125
5 0.7421875 0.3450520828125 0.75390625 0.3346354171875 0.7509765625 0.3229166671875 0.7392578125 0.3151041671875 0.7275390625 0.3151041671875 0.720703125 0.3216145828125 0.720703125 0.3372395828125 0.7236328125 0.3411458328125 0.7314453125 0.3463541671875 0.7421875 0.3450520828125
5 0.763671875 0.3268229171875 0.765625 0.3372395828125 0.7763671875 0.3515625 0.794921875 0.3528645828125 0.796875 0.3450520828125 0.7861328125 0.3229166671875 0.7724609375 0.3177083328125 0.763671875 0.3268229171875
5 0.806640625 0.37890625 0.806640625 0.3658854171875 0.7939453125 0.3515625 0.7880859375 0.3541666671875 0.7724609375 0.3515625 0.7548828125 0.34375 0.7255859375 0.3567708328125 0.7041015625 0.3541666671875 0.6953125 0.3606770828125 0.7177734375 0.390625 0.7451171875 0.3984375 0.7783203125 0.3958333328125 0.79296875 0.40234375 0.802734375 0.3997395828125 0.802734375 0.3893229171875 0.806640625 0.37890625
5 0.775390625 0.7330729171875 0.7802734375 0.7317708328125 0.7890625 0.7200520828125 0.7890625 0.7122395828125 0.7783203125 0.7005208328125 0.7705078125 0.7005208328125 0.759765625 0.7096354171875 0.7578125 0.7200520828125 0.7705078125 0.734375 0.775390625 0.7330729171875
5 0.806640625 0.7721354171875 0.814453125 0.7669270828125 0.8125 0.7434895828125 0.7919921875 0.7317708328125 0.7587890625 0.734375 0.751953125 0.7434895828125 0.748046875 0.7565104171875 0.7529296875 0.765625 0.7646484375 0.7734375 0.806640625 0.7721354171875
5 0.9404296875 0.6380208328125 0.9375 0.6419270828125 0.9375 0.65234375 0.9443359375 0.6614583328125 0.962890625 0.6627604171875 0.9697265625 0.6588541671875 0.9892578125 0.6614583328125 0.994140625 0.6549479171875 0.994140625 0.6497395828125 0.9814453125 0.6432291671875 0.9541015625 0.6380208328125 0.9404296875 0.6380208328125