5 0.36349895781249997 0.251816375 0.3416275640625 0.22680261875 0.3089843390625 0.2464843765625 0.326005159375 0.29090040625 0.3556877546875 0.269013325 0.36349895781249997 0.251816375
5 0.635328846875 0.1220573703125 0.6587624562500001 0.0970436140625 0.6525134703125001 0.0626497140625 0.6136718390625 0.0726562515625 0.5993972656250001 0.10486042031250001 0.635328846875 0.1220573703125
5 0.8181110703125001 0.3346745109375 0.8415446796875001 0.3721952046875 0.8837251281249999 0.3706318078125 0.9118455078125001 0.3378012453125 0.8899739953125 0.30340728437500003 0.8402343390624999 0.2855468765625 0.8181110703125001 0.3346745109375
5 0.4652343390625 0.4417968765625 0.4478599734375 0.487883903125 0.46816915000000003 0.5128977203125 0.5134740328125 0.5128977203125 0.5525300468750001 0.4972641078125 0.5415944109375 0.45505334062499997 0.516598584375 0.4425464625 0.4652343390625 0.4417968765625
5 0.2291462890625 0.3721952046875 0.22289730156249998 0.390955553125 0.268202303125 0.40189903437499996 0.28226249375 0.3815753484375 0.28226249375 0.3565615921875 0.2464843390625 0.3539062515625 0.2291462890625 0.3721952046875
5 0.397868321875 0.248689640625 0.42130193125000004 0.251816375 0.429113134375 0.22367588437500002 0.4007812140625 0.2171875015625 0.3884947828125 0.234619425 0.397868321875 0.248689640625
5 0.125 0.01875 0.0265625 0.03125
5 0.10390625 0.0828125 0.03125 0.028125
5 0.01484375 0.015625 0.025 0.028125
5 0.52890625 0.14609375 0.01875 0.0296875
5 0.56328125 0.275 0.0203125 0.025
5 0.70078125 0.4421875 0.028125 0.04375
5 0.3578125 0.4453125 0.0234375 0.0421875
2 0.4296875 0.4140625 0.03125 0.0421875
2 0.21484375 0.61328125 0.046875 0.0375
2 0.775 0.5734375 0.0265625 0.0265625
2 0.807175434375 0.57230555625 0.8243599375 0.60357278125 0.8259222734374999 0.623896346875 0.8149866375 0.655163571875 0.827484371875 0.6770506546874999 0.852480315625 0.576995509375 0.8460937140624999 0.5550781265625 0.807175434375 0.57230555625
5 0.684375 0.31875 0.0171875 0.028125
5 0.46171875 0.36171875 0.0359375 0.0515625
5 0.6046875 0.04765625 0.0140625 0.028125
5 0.74140625 0.171875 0.025 0.034375
2 0.4609375 0.65078125 0.03125 0.196875