5 0.3190104171875 0.400390625 0.2799479171875 0.4140625 0.24739583281250002 0.4365234375 0.23697916718749998 0.4677734375 0.23697916718749998 0.4853515625 0.24479166718749998 0.5009765625 0.2747395828125 0.5234375 0.30078125 0.52734375 0.33984375 0.52734375 0.3723958328125 0.5146484375 0.390625 0.4873046875 0.390625 0.4794921875 0.375 0.4267578125 0.3528645828125 0.404296875 0.3190104171875 0.400390625
5 0.5690104171875 0.3359375 0.5169270828125 0.3515625 0.5052083328125 0.3603515625 0.4869791671875 0.3994140625 0.4869791671875 0.4267578125 0.4921875 0.4404296875 0.5247395828125 0.462890625 0.5455729171875 0.466796875 0.5651041671875 0.4658203125 0.6002604171875 0.4609375 0.6393229171875 0.44140625 0.6536458328125 0.4306640625 0.6588541671875 0.4208984375 0.6588541671875 0.4091796875 0.6510416671875 0.3955078125 0.6510416671875 0.3876953125 0.6432291671875 0.3818359375 0.6302083328125 0.3603515625 0.60546875 0.341796875 0.5950520828125 0.337890625 0.5690104171875 0.3359375
5 0.4375 0.3037109375 0.4348958328125 0.3212890625 0.4401041671875 0.3330078125 0.4700520828125 0.3515625 0.48046875 0.35546875 0.5026041671875 0.3564453125 0.5325520828125 0.345703125 0.5455729171875 0.337890625 0.5859375 0.3251953125 0.5885416671875 0.3193359375 0.5859375 0.3017578125 0.56640625 0.27734375 0.54296875 0.2734375 0.51171875 0.275390625 0.4856770828125 0.28125 0.48046875 0.28515625 0.4674479171875 0.28125 0.4375 0.3037109375
5 0.5833333328125 0.2919921875 0.5911458328125 0.3251953125 0.59765625 0.330078125 0.6263020828125 0.33984375 0.6666666671875 0.3408203125 0.67578125 0.33984375 0.6848958328125 0.3330078125 0.6848958328125 0.3291015625 0.6614583328125 0.2861328125 0.6393229171875 0.275390625 0.6328125 0.2666015625 0.6184895828125 0.2578125 0.6002604171875 0.255859375 0.5846354171875 0.26171875 0.5807291671875 0.2705078125 0.5703125 0.2802734375 0.5833333328125 0.2919921875
5 0.5989583328125 0.3037109375 0.5989583328125 0.3076171875 0.5911458328125 0.3134765625 0.59375 0.3291015625 0.59765625 0.33203125 0.62890625 0.33984375 0.6692708328125 0.3388671875 0.6744791671875 0.3369140625 0.66796875 0.33203125 0.6471354171875 0.33203125 0.64453125 0.322265625 0.62890625 0.330078125 0.6080729171875 0.328125 0.6041666671875 0.3251953125 0.6015625 0.3017578125 0.5924479171875 0.296875 0.5885416671875 0.2978515625 0.58984375 0.302734375 0.5989583328125 0.3037109375
5 0.6861979171875 0.1796875 0.6783854171875 0.173828125 0.6731770828125 0.1796875 0.6692708328125 0.1787109375 0.6666666671875 0.1865234375 0.66015625 0.1875 0.6171875 0.2216796875 0.6197916671875 0.2431640625 0.6145833328125 0.2529296875 0.6328125 0.2646484375 0.63671875 0.271484375 0.65234375 0.279296875 0.6627604171875 0.28125 0.6783854171875 0.291015625 0.6927083328125 0.2900390625 0.71484375 0.279296875 0.75390625 0.275390625 0.7643229171875 0.271484375 0.7916666671875 0.2509765625 0.796875 0.2431640625 0.796875 0.2216796875 0.7916666671875 0.2138671875 0.7513020828125 0.1796875 0.7278645828125 0.171875 0.71484375 0.171875 0.6940104171875 0.1796875 0.6861979171875 0.1796875
5 0.5963541671875 0.0537109375 0.6041666671875 0.0400390625 0.6067708328125 0.0205078125 0.6184895828125 0.0078125 0.6263020828125 0.0078125 0.6380208328125 0.0009765625 0.42578125 0 0.4244791671875 0.0048828125 0.4322916671875 0.0126953125 0.4401041671875 0.0341796875 0.4348958328125 0.0439453125 0.4401041671875 0.0634765625 0.4544270828125 0.06640625 0.4908854171875 0.087890625 0.51953125 0.091796875 0.5247395828125 0.091796875 0.5377604171875 0.080078125 0.5638020828125 0.076171875 0.5963541671875 0.0537109375
5 0.2903645828125 0.716796875 0.30078125 0.71484375 0.3098958328125 0.7080078125 0.3046875 0.6982421875 0.3072916671875 0.6884765625 0.3046875 0.6650390625 0.2825520828125 0.646484375 0.26953125 0.64453125 0.2708333328125 0.6376953125 0.26171875 0.630859375 0.2513020828125 0.630859375 0.25 0.6376953125 0.24479166718749998 0.6396484375 0.24479166718749998 0.6357421875 0.23307291718749998 0.62890625 0.21484375 0.62890625 0.1783854171875 0.6484375 0.16796875 0.658203125 0.1627604171875 0.658203125 0.1640625 0.6611328125 0.1588541671875 0.6650390625 0.15625 0.6748046875 0.1588541671875 0.6806640625 0.1666666671875 0.6845703125 0.1588541671875 0.6904296875 0.1692708328125 0.7001953125 0.1770833328125 0.7197265625 0.1888020828125 0.724609375 0.1940104171875 0.73046875 0.22005208281250002 0.740234375 0.24609375 0.744140625 0.27734375 0.73046875 0.2903645828125 0.716796875
5 0.7122395828125 0.5078125 0.6940104171875 0.51171875 0.6875 0.5185546875 0.6588541671875 0.5849609375 0.6588541671875 0.6142578125 0.6966145828125 0.638671875 0.7200520828125 0.6484375 0.7591145828125 0.646484375 0.79296875 0.62890625 0.8098958328125001 0.6103515625 0.8151041671874999 0.6005859375 0.8098958328125001 0.5595703125 0.7643229171875 0.5234375 0.7330729171875 0.51171875 0.7122395828125 0.5078125
5 0.5703125 0.8271484375 0.5729166671875 0.8701171875 0.59765625 0.8828125 0.63671875 0.876953125 0.6484375 0.8681640625 0.6536458328125 0.8564453125 0.6484375 0.8330078125 0.6223958328125 0.8095703125 0.60546875 0.80078125 0.5924479171875 0.80078125 0.5755208328125 0.8173828125 0.5703125 0.8271484375
5 0.5651041671875 0.7490234375 0.5651041671875 0.7294921875 0.5559895828125 0.72265625 0.53515625 0.71484375 0.5208333328125 0.7216796875 0.5104166671875 0.7333984375 0.5325520828125 0.75390625 0.5559895828125 0.75390625 0.5651041671875 0.7490234375
5 0.4739583328125 0.8603515625 0.44921875 0.8359375 0.40625 0.8623046875 0.40625 0.8759765625 0.42578125 0.888671875 0.4544270828125 0.892578125 0.4713541671875 0.8818359375 0.4739583328125 0.8603515625
5 0.7252604171875 0.935546875 0.7395833328125 0.9287109375 0.7421875 0.9052734375 0.7356770828125 0.900390625 0.7200520828125 0.89453125 0.7096354171875 0.89453125 0.7005208328125 0.9033203125 0.6979166671875 0.9306640625 0.7044270828125 0.935546875 0.7252604171875 0.935546875
5 0.6927083328125 0.8955078125 0.6927083328125 0.9228515625 0.6979166671875 0.9326171875 0.7018229171875 0.935546875 0.7278645828125 0.935546875 0.7356770828125 0.93359375 0.75 0.9189453125 0.7708333328125 0.8720703125 0.7513020828125 0.859375 0.7330729171875 0.861328125 0.6979166671875 0.8876953125 0.6927083328125 0.8955078125
5 0.6341145828125 0.802734375 0.6302083328125 0.8056640625 0.6315104171875 0.814453125 0.64453125 0.81640625 0.6510416671875 0.8134765625 0.6471354171875 0.802734375 0.6341145828125 0.802734375
5 0.6731770828125 0.8046875 0.6692708328125 0.8134765625 0.6783854171875 0.81640625 0.6848958328125 0.8076171875 0.6731770828125 0.8046875
5 0.5611979171875 0.65625 0.57421875 0.65625 0.6002604171875 0.646484375 0.6067708328125 0.6416015625 0.6067708328125 0.6357421875 0.5846354171875 0.630859375 0.5611979171875 0.640625 0.5546875 0.6455078125 0.5546875 0.6513671875 0.5611979171875 0.65625
5 0.5846354171875 0.572265625 0.5807291671875 0.5751953125 0.5846354171875 0.583984375 0.6015625 0.5830078125 0.6015625 0.5771484375 0.5950520828125 0.572265625 0.5846354171875 0.572265625
5 0.578125 0.5439453125 0.56640625 0.541015625 0.5611979171875 0.54296875 0.5520833328125 0.5537109375 0.5611979171875 0.560546875 0.5768229171875 0.560546875 0.5807291671875 0.5576171875 0.578125 0.5439453125
5 0.5143229171875 0.552734375 0.5078125 0.5576171875 0.51171875 0.5703125 0.5364583328125 0.5654296875 0.5390625 0.5595703125 0.5325520828125 0.552734375 0.5143229171875 0.552734375
5 0.1744791671875 0.9853515625 0.1744791671875 0.9736328125 0.1549479171875 0.96875 0.1484375 0.9736328125 0.1484375 0.9833984375 0.1575520828125 0.9921875 0.1653645828125 0.9921875 0.1744791671875 0.9853515625
5 0.0013020828125 0.470703125 0 0.4755859375 0.009114582812499999 0.48828125 0.0221354171875 0.490234375 0.0286458328125 0.4853515625 0.01953125 0.470703125 0.0013020828125 0.470703125
5 0.0442708328125 0.1748046875 0.0364583328125 0.1884765625 0.0481770828125 0.197265625 0.06380208281250001 0.19921875 0.07291666718749999 0.1923828125 0.05338541718749999 0.17578125 0.0442708328125 0.1748046875
5 0.7109375 0.4091796875 0.7044270828125 0.400390625 0.6848958328125 0.4111328125 0.6822916671875 0.4208984375 0.6861979171875 0.42578125 0.7018229171875 0.4296875 0.7109375 0.4228515625 0.7109375 0.4091796875