5 0.2587890625 0.1015625 0.2470703125 0.1015625 0.2421875 0.1080729171875 0.2421875 0.1236979171875 0.2490234375 0.1328125 0.2587890625 0.1354166671875 0.265625 0.12890625 0.265625 0.1158854171875 0.2587890625 0.1015625
5 0.375 0.0377604171875 0.3798828125 0.046875 0.3916015625 0.0494791671875 0.396484375 0.0455729171875 0.3935546875 0.0182291671875 0.3818359375 0.015625 0.375 0.0221354171875 0.375 0.0377604171875
5 0.099609375 0.4596354171875 0.0947265625 0.4505208328125 0.0888671875 0.4505208328125 0.083984375 0.45703125 0.083984375 0.46484375 0.0947265625 0.46875 0.099609375 0.4596354171875
5 0.1865234375 0.4869791671875 0.1787109375 0.4869791671875 0.171875 0.49609375 0.171875 0.50390625 0.1767578125 0.5104166671875 0.1884765625 0.5130208328125 0.193359375 0.5065104171875 0.193359375 0.49609375 0.1865234375 0.4869791671875
5 0.185546875 0.4153645828125 0.185546875 0.3997395828125 0.1650390625 0.3697916671875 0.1552734375 0.3697916671875 0.150390625 0.37890625 0.150390625 0.3893229171875 0.154296875 0.4049479171875 0.1650390625 0.421875 0.1787109375 0.4244791671875 0.185546875 0.4153645828125
5 0.169921875 0.6236979171875 0.1630859375 0.609375 0.1494140625 0.6067708328125 0.140625 0.62109375 0.142578125 0.6341145828125 0.1650390625 0.6328125 0.169921875 0.6236979171875
5 0.3642578125 0.8411458328125001 0.3564453125 0.8411458328125001 0.349609375 0.84765625 0.345703125 0.8763020828125001 0.3525390625 0.8854166671874999 0.3603515625 0.8880208328125001 0.369140625 0.8763020828125001 0.37109375 0.8502604171874999 0.3642578125 0.8411458328125001
5 0.4599609375 0.6588541671875 0.4521484375 0.6588541671875 0.4453125 0.66796875 0.4453125 0.6783854171875 0.4541015625 0.6875 0.4619140625 0.6901041671875 0.470703125 0.6809895828125 0.46875 0.66796875 0.4599609375 0.6588541671875
5 0.455078125 0.47265625 0.4443359375 0.46875 0.4326171875 0.4765625 0.4296875 0.48046875 0.4306640625 0.4947916671875 0.4521484375 0.4947916671875 0.455078125 0.47265625
5 0.51171875 0.8893229171874999 0.51171875 0.9231770828125001 0.5283203125 0.9427083328125001 0.5380859375 0.9453125 0.5537109375 0.9401041671874999 0.568359375 0.9205729171874999 0.580078125 0.8893229171874999 0.580078125 0.8815104171874999 0.5732421875 0.8697916671874999 0.5380859375 0.8645833328125001 0.517578125 0.87109375 0.51171875 0.8893229171874999
5 0.77734375 0.91796875 0.740234375 0.9830729171874999 0.736328125 0.9986979171874999 0.8271484375 1 0.8359375 0.9908854171874999 0.83984375 0.96484375 0.837890625 0.9466145828125001 0.830078125 0.9283854171874999 0.8134765625 0.9088541671874999 0.8056640625 0.9036458328125001 0.7919921875 0.9036458328125001 0.77734375 0.91796875