5 0.1044921875 0.6822916671875 0.1201171875 0.6848958328125 0.125 0.6705729171875 0.125 0.6575520828125 0.1142578125 0.6458333328125 0.1103515625 0.6458333328125 0.09765625 0.66796875 0.1044921875 0.6822916671875
5 0.1240234375 0.7786458328125 0.1171875 0.7903645828125 0.1171875 0.8033854171874999 0.1201171875 0.8072916671874999 0.1318359375 0.8072916671874999 0.138671875 0.7955729171875 0.138671875 0.78515625 0.1318359375 0.7760416671875 0.1240234375 0.7786458328125
5 0.0517578125 0.6354166671875 0.0615234375 0.6354166671875 0.068359375 0.6236979171875 0.0595703125 0.6067708328125 0.0556640625 0.6067708328125 0.044921875 0.6236979171875 0.044921875 0.62890625 0.0517578125 0.6354166671875
5 0.072265625 0.6471354171875 0.0634765625 0.6432291671875 0.056640625 0.6575520828125 0.0654296875 0.6614583328125 0.072265625 0.6471354171875
5 0.2734375 0.1861979171875 0.2822265625 0.1901041671875 0.287109375 0.18359375 0.291015625 0.16796875 0.2861328125 0.1536458328125 0.2802734375 0.1536458328125 0.2734375 0.1653645828125 0.2734375 0.1861979171875
5 0.61328125 0.1158854171875 0.61328125 0.1315104171875 0.6181640625 0.1432291671875 0.6259765625 0.1432291671875 0.634765625 0.12890625 0.634765625 0.11328125 0.6279296875 0.1067708328125 0.6181640625 0.1067708328125 0.61328125 0.1158854171875
5 0.5419921875 0.7265625 0.5517578125 0.7265625 0.5546875 0.7096354171875 0.548828125 0.67578125 0.5361328125 0.671875 0.529296875 0.6966145828125 0.53125 0.7096354171875 0.5419921875 0.7265625
5 0.458984375 0.7877604171875 0.45703125 0.80859375 0.4619140625 0.8177083328125001 0.4736328125 0.8229166671874999 0.482421875 0.8111979171874999 0.482421875 0.7903645828125 0.4736328125 0.7786458328125 0.4677734375 0.7786458328125 0.458984375 0.7877604171875
5 0.8935546875 0.5989583328125 0.8828125 0.62109375 0.8857421875 0.6432291671875 0.8935546875 0.6510416671875 0.8994140625 0.6510416671875 0.908203125 0.63671875 0.908203125 0.6184895828125 0.8994140625 0.5989583328125 0.8935546875 0.5989583328125
5 0.9716796875 0.1302083328125 0.96484375 0.14453125 0.966796875 0.16015625 0.9736328125 0.1692708328125 0.9833984375 0.1692708328125 0.98828125 0.1627604171875 0.98828125 0.14453125 0.9794921875 0.1328125 0.9716796875 0.1302083328125
5 0.951171875 0.36328125 0.9404296875 0.359375 0.9375 0.37109375 0.9501953125 0.375 0.951171875 0.36328125
5 0.796875 0.24869791718749998 0.796875 0.23828125 0.7900390625 0.23697916718749998 0.78515625 0.24348958281250002 0.78515625 0.2513020828125 0.7919921875 0.2578125 0.796875 0.24869791718749998
5 0.390625 0.6861979171875 0.390625 0.69921875 0.3974609375 0.7005208328125 0.40234375 0.6940104171875 0.3974609375 0.6822916671875 0.390625 0.6861979171875
5 0.501953125 0.7252604171875 0.5078125 0.7252604171875 0.513671875 0.7018229171875 0.513671875 0.69140625 0.5048828125 0.671875 0.498046875 0.67578125 0.498046875 0.7122395828125 0.501953125 0.7252604171875
5 0.400390625 0.48046875 0.400390625 0.48828125 0.4072265625 0.4921875 0.412109375 0.4856770828125 0.4091796875 0.4713541671875 0.400390625 0.48046875
5 0.4189453125 0.5885416671875 0.4140625 0.6002604171875 0.4169921875 0.6041666671875 0.4228515625 0.6015625 0.423828125 0.5924479171875 0.4189453125 0.5885416671875
2 0.4736328125 0.5416666671875 0.4423828125 0.546875 0.4296875 0.57421875 0.43359375 0.5950520828125 0.4423828125 0.6067708328125 0.4853515625 0.6067708328125 0.490234375 0.6002604171875 0.4921875 0.5872395828125 0.490234375 0.5559895828125 0.4736328125 0.5416666671875
2 0.09579613125 0.525049603125 0.09114583281250001 0.5114087296875 0.082775296875 0.49776785781250005 0.0697544640625 0.49280753906249997 0.073474703125 0.475446428125 0.0641741078125 0.4605654765625 0.0511532734375 0.46428571406249997 0.041852678125 0.46428571406249997 0.01953125 0.471726190625 0.0288318453125 0.4828869046875 0.039992559375 0.502728175 0.039992559375 0.51512896875 0.03720238125 0.5349702375 0.038132440625 0.5709325390625 0.053943453125 0.5833333328125 0.073474703125 0.5734126984375 0.082775296875 0.5610119046875 0.09579613125 0.5362103171875 0.09579613125 0.525049603125