5 0.5732421875 0.375 0.595703125 0.3528645828125 0.599609375 0.3190104171875 0.5859375 0.2799479171875 0.5634765625 0.24739583281250002 0.5322265625 0.23697916718749998 0.5146484375 0.23697916718749998 0.4990234375 0.24479166718749998 0.4765625 0.2747395828125 0.47265625 0.30078125 0.47265625 0.33984375 0.4853515625 0.3723958328125 0.5126953125 0.390625 0.5205078125 0.390625 0.5732421875 0.375
5 0.658203125 0.60546875 0.662109375 0.5950520828125 0.6640625 0.5690104171875 0.6484375 0.5169270828125 0.6396484375 0.5052083328125 0.6005859375 0.4869791671875 0.5732421875 0.4869791671875 0.5595703125 0.4921875 0.537109375 0.5247395828125 0.533203125 0.5455729171875 0.5341796875 0.5651041671875 0.5390625 0.6002604171875 0.55859375 0.6393229171875 0.5693359375 0.6536458328125 0.5791015625 0.6588541671875 0.5908203125 0.6588541671875 0.6044921875 0.6510416671875 0.6123046875 0.6510416671875 0.6181640625 0.6432291671875 0.6396484375 0.6302083328125 0.658203125 0.60546875
5 0.71484375 0.48046875 0.71875 0.4674479171875 0.6962890625 0.4375 0.6787109375 0.4348958328125 0.6669921875 0.4401041671875 0.6484375 0.4700520828125 0.64453125 0.48046875 0.6435546875 0.5026041671875 0.654296875 0.5325520828125 0.662109375 0.5455729171875 0.6748046875 0.5859375 0.6806640625 0.5885416671875 0.6982421875 0.5859375 0.72265625 0.56640625 0.7265625 0.54296875 0.724609375 0.51171875 0.71875 0.4856770828125 0.71484375 0.48046875
5 0.7294921875 0.5807291671875 0.7197265625 0.5703125 0.7080078125 0.5833333328125 0.6748046875 0.5911458328125 0.669921875 0.59765625 0.66015625 0.6263020828125 0.6591796875 0.6666666671875 0.66015625 0.67578125 0.6669921875 0.6848958328125 0.6708984375 0.6848958328125 0.7138671875 0.6614583328125 0.724609375 0.6393229171875 0.7333984375 0.6328125 0.7421875 0.6184895828125 0.744140625 0.6002604171875 0.73828125 0.5846354171875 0.7294921875 0.5807291671875
5 0.7021484375 0.5885416671875 0.697265625 0.58984375 0.6962890625 0.5989583328125 0.6923828125 0.5989583328125 0.6865234375 0.5911458328125 0.6708984375 0.59375 0.66796875 0.59765625 0.66015625 0.62890625 0.6611328125 0.6692708328125 0.6630859375 0.6744791671875 0.66796875 0.66796875 0.66796875 0.6471354171875 0.677734375 0.64453125 0.669921875 0.62890625 0.671875 0.6080729171875 0.6748046875 0.6041666671875 0.6982421875 0.6015625 0.703125 0.5924479171875 0.7021484375 0.5885416671875
5 0.828125 0.71484375 0.8203125 0.6940104171875 0.8203125 0.6861979171875 0.826171875 0.6783854171875 0.8203125 0.6731770828125 0.8212890625 0.6692708328125 0.8134765625 0.6666666671875 0.8125 0.66015625 0.7783203125 0.6171875 0.7568359375 0.6197916671875 0.7470703125 0.6145833328125 0.7353515625 0.6328125 0.728515625 0.63671875 0.720703125 0.65234375 0.71875 0.6627604171875 0.708984375 0.6783854171875 0.7099609375 0.6927083328125 0.720703125 0.71484375 0.724609375 0.75390625 0.728515625 0.7643229171875 0.7490234375 0.7916666671875 0.7568359375 0.796875 0.7783203125 0.796875 0.7861328125 0.7916666671875 0.8203125 0.7513020828125 0.828125 0.7278645828125 0.828125 0.71484375
5 0.919921875 0.5377604171875 0.923828125 0.5638020828125 0.9462890625 0.5963541671875 0.9599609375 0.6041666671875 0.9794921875 0.6067708328125 0.9921875 0.6184895828125 0.9921875 0.6263020828125 0.9990234375 0.6380208328125 1 0.42578125 0.9951171875 0.4244791671875 0.9873046875 0.4322916671875 0.9658203125 0.4401041671875 0.9560546875 0.4348958328125 0.9365234375 0.4401041671875 0.93359375 0.4544270828125 0.912109375 0.4908854171875 0.908203125 0.51953125 0.908203125 0.5247395828125 0.919921875 0.5377604171875
5 0.255859375 0.24609375 0.26953125 0.27734375 0.283203125 0.2903645828125 0.28515625 0.30078125 0.2919921875 0.3098958328125 0.3017578125 0.3046875 0.3115234375 0.3072916671875 0.3349609375 0.3046875 0.353515625 0.2825520828125 0.35546875 0.26953125 0.3623046875 0.2708333328125 0.369140625 0.26171875 0.369140625 0.2513020828125 0.3623046875 0.25 0.3603515625 0.24479166718749998 0.3642578125 0.24479166718749998 0.37109375 0.23307291718749998 0.37109375 0.21484375 0.3515625 0.1783854171875 0.341796875 0.16796875 0.341796875 0.1627604171875 0.3388671875 0.1640625 0.3349609375 0.1588541671875 0.3251953125 0.15625 0.3193359375 0.1588541671875 0.3154296875 0.1666666671875 0.3095703125 0.1588541671875 0.2998046875 0.1692708328125 0.2802734375 0.1770833328125 0.275390625 0.1888020828125 0.26953125 0.1940104171875 0.259765625 0.22005208281250002 0.255859375 0.24609375
5 0.4765625 0.7643229171875 0.48828125 0.7330729171875 0.4921875 0.7122395828125 0.48828125 0.6940104171875 0.4814453125 0.6875 0.4150390625 0.6588541671875 0.3857421875 0.6588541671875 0.361328125 0.6966145828125 0.3515625 0.7200520828125 0.353515625 0.7591145828125 0.37109375 0.79296875 0.3896484375 0.8098958328125001 0.3994140625 0.8151041671874999 0.4404296875 0.8098958328125001 0.4765625 0.7643229171875
5 0.19921875 0.5924479171875 0.1826171875 0.5755208328125 0.1728515625 0.5703125 0.1298828125 0.5729166671875 0.1171875 0.59765625 0.123046875 0.63671875 0.1318359375 0.6484375 0.1435546875 0.6536458328125 0.1669921875 0.6484375 0.1904296875 0.6223958328125 0.19921875 0.60546875 0.19921875 0.5924479171875
5 0.24609375 0.5325520828125 0.24609375 0.5559895828125 0.2509765625 0.5651041671875 0.2705078125 0.5651041671875 0.27734375 0.5559895828125 0.28515625 0.53515625 0.2783203125 0.5208333328125 0.2666015625 0.5104166671875 0.24609375 0.5325520828125
5 0.107421875 0.4544270828125 0.1181640625 0.4713541671875 0.1396484375 0.4739583328125 0.1640625 0.44921875 0.1376953125 0.40625 0.1240234375 0.40625 0.111328125 0.42578125 0.107421875 0.4544270828125
5 0.0693359375 0.6979166671875 0.064453125 0.7044270828125 0.064453125 0.7252604171875 0.0712890625 0.7395833328125 0.0947265625 0.7421875 0.099609375 0.7356770828125 0.10546875 0.7200520828125 0.10546875 0.7096354171875 0.0966796875 0.7005208328125 0.0693359375 0.6979166671875
5 0.138671875 0.7330729171875 0.1123046875 0.6979166671875 0.1044921875 0.6927083328125 0.0771484375 0.6927083328125 0.0673828125 0.6979166671875 0.064453125 0.7018229171875 0.064453125 0.7278645828125 0.06640625 0.7356770828125 0.0810546875 0.75 0.1279296875 0.7708333328125 0.140625 0.7513020828125 0.138671875 0.7330729171875
5 0.1865234375 0.6510416671875 0.197265625 0.6471354171875 0.197265625 0.6341145828125 0.1943359375 0.6302083328125 0.185546875 0.6315104171875 0.18359375 0.64453125 0.1865234375 0.6510416671875
5 0.18359375 0.6783854171875 0.1923828125 0.6848958328125 0.1953125 0.6731770828125 0.1865234375 0.6692708328125 0.18359375 0.6783854171875
5 0.3544921875 0.5546875 0.3486328125 0.5546875 0.34375 0.5611979171875 0.34375 0.57421875 0.353515625 0.6002604171875 0.3583984375 0.6067708328125 0.3642578125 0.6067708328125 0.369140625 0.5846354171875 0.359375 0.5611979171875 0.3544921875 0.5546875
5 0.4228515625 0.6015625 0.427734375 0.5950520828125 0.427734375 0.5846354171875 0.4248046875 0.5807291671875 0.416015625 0.5846354171875 0.4169921875 0.6015625 0.4228515625 0.6015625
5 0.439453125 0.5768229171875 0.4423828125 0.5807291671875 0.4560546875 0.578125 0.458984375 0.56640625 0.45703125 0.5611979171875 0.4462890625 0.5520833328125 0.439453125 0.5611979171875 0.439453125 0.5768229171875
5 0.4404296875 0.5390625 0.447265625 0.5325520828125 0.447265625 0.5143229171875 0.4423828125 0.5078125 0.4296875 0.51171875 0.4345703125 0.5364583328125 0.4404296875 0.5390625
5 0.0078125 0.1575520828125 0.0078125 0.1653645828125 0.0146484375 0.1744791671875 0.0263671875 0.1744791671875 0.03125 0.1549479171875 0.0263671875 0.1484375 0.0166015625 0.1484375 0.0078125 0.1575520828125
5 0.5146484375 0.0286458328125 0.529296875 0.01953125 0.529296875 0.0013020828125 0.5244140625 0 0.51171875 0.009114582812499999 0.509765625 0.0221354171875 0.5146484375 0.0286458328125
5 0.8076171875 0.07291666718749999 0.82421875 0.05338541718749999 0.8251953125 0.0442708328125 0.8115234375 0.0364583328125 0.802734375 0.0481770828125 0.80078125 0.06380208281250001 0.8076171875 0.07291666718749999
5 0.5703125 0.7018229171875 0.5771484375 0.7109375 0.5908203125 0.7109375 0.599609375 0.7044270828125 0.5888671875 0.6848958328125 0.5791015625 0.6822916671875 0.57421875 0.6861979171875 0.5703125 0.7018229171875