4 0.87890625 0.1653645828125 0.900390625 0.1158854171875 0.91015625 0.07161458281250001 0.916015625 0.006510417187500001 0.9091796875 0.0026041671875 0.8056640625 0 0.794921875 0.009114582812499999 0.787109375 0.07161458281250001 0.802734375 0.1419270828125 0.8212890625 0.1875 0.8486328125 0.1953125 0.8623046875 0.1875 0.87890625 0.1653645828125
4 0.86328125 0.10546875 0.8603515625 0.08854166718749999 0.8525390625 0.0859375 0.84765625 0.08984375 0.845703125 0.1002604171875 0.8486328125 0.109375 0.8603515625 0.109375 0.86328125 0.10546875
4 0.8515625 0.1158854171875 0.8486328125 0.1119791671875 0.83984375 0.11328125 0.8427734375 0.1223958328125 0.8486328125 0.1223958328125 0.8515625 0.1158854171875
4 0.859375 0.1341145828125 0.8544921875 0.125 0.8466796875 0.1223958328125 0.841796875 0.1263020828125 0.841796875 0.1393229171875 0.8466796875 0.1484375 0.857421875 0.1419270828125 0.859375 0.1341145828125
4 0.85546875 0.17578125 0.849609375 0.16015625 0.8291015625 0.1588541671875 0.82421875 0.1705729171875 0.826171875 0.18359375 0.8388671875 0.1927083328125 0.8544921875 0.1901041671875 0.85546875 0.17578125
4 0.83203125 0.1471354171875 0.8291015625 0.1432291671875 0.8203125 0.16015625 0.8232421875 0.1692708328125 0.8359375 0.16015625 0.83203125 0.1471354171875
4 0.83984375 0.0455729171875 0.8349609375 0.0364583328125 0.8193359375 0.0286458328125 0.810546875 0.0377604171875 0.8125 0.05598958281250001 0.8173828125 0.06510416718749999 0.837890625 0.06380208281250001 0.83984375 0.0455729171875
4 0.822265625 0.0169270828125 0.8193359375 0.013020832812499999 0.8115234375 0.010416667187500001 0.806640625 0.0169270828125 0.8076171875 0.0338541671875 0.8134765625 0.0338541671875 0.8203125 0.0247395828125 0.822265625 0.0169270828125
4 0.876953125 0.04296875 0.869140625 0.01953125 0.8583984375 0.0260416671875 0.8515625 0.0377604171875 0.8515625 0.0481770828125 0.8583984375 0.05729166718749999 0.8720703125 0.0546875 0.876953125 0.04296875
4 0.8330078125 0.23697916718749998 0.8466796875 0.23697916718749998 0.8564453125 0.23177083281250002 0.859375 0.22005208281250002 0.8525390625 0.2109375 0.8349609375 0.20833333281250002 0.82421875 0.22265625 0.82421875 0.23046875 0.8330078125 0.23697916718749998
4 0.8125 0.19140625 0.8125 0.20182291718749998 0.8193359375 0.22135416718749998 0.8359375 0.20963541718749998 0.8310546875 0.1927083328125 0.8212890625 0.1875 0.8125 0.19140625
4 0.876953125 0.2565104171875 0.8720703125 0.24739583281250002 0.8662109375 0.24479166718749998 0.859375 0.2513020828125 0.857421875 0.26171875 0.8623046875 0.2708333328125 0.873046875 0.2669270828125 0.876953125 0.2565104171875
4 0.8826442625 0.3084204390625 0.8822669124999999 0.30389224375 0.8811348625000001 0.3003703140625 0.8759765625 0.2994791671875 0.869814375 0.306911040625 0.873046875 0.3111979171875 0.8807575140624999 0.3114392359375 0.8826442625 0.3084204390625
4 0.8759765625 0.3463541671875 0.8681640625 0.34375 0.865234375 0.34765625 0.8642578125 0.3671875 0.876953125 0.3580729171875 0.8759765625 0.3463541671875
4 0.83203125 0.35546875 0.8349609375 0.3619791671875 0.8427734375 0.3645833328125 0.84765625 0.3606770828125 0.84765625 0.3528645828125 0.8369140625 0.3489583328125 0.83203125 0.35546875
4 0.8603515625 0.328125 0.859375 0.3138020828125 0.8564453125 0.3098958328125 0.8466796875 0.3125 0.84375 0.3190104171875 0.845703125 0.3268229171875 0.8486328125 0.3307291671875 0.8603515625 0.328125
4 0.822265625 0.3346354171875 0.8271484375 0.3411458328125 0.8330078125 0.3411458328125 0.837890625 0.3346354171875 0.8349609375 0.3255208328125 0.8251953125 0.3229166671875 0.822265625 0.3346354171875
4 0.810546875 0.2825520828125 0.8056640625 0.2786458328125 0.79296875 0.2903645828125 0.8017578125 0.296875 0.810546875 0.2877604171875 0.810546875 0.2825520828125
5 0.998046875 0.18359375 1 0.1497395828125 0.9775390625 0.1536458328125 0.970703125 0.1627604171875 0.96875 0.1888020828125 0.9736328125 0.1953125 0.9833984375 0.1979166671875 0.998046875 0.18359375
5 0.6708984375 0.4114583328125 0.6826171875 0.4140625 0.6953125 0.3971354171875 0.693359375 0.3815104171875 0.6845703125 0.3723958328125 0.6787109375 0.3697916671875 0.66796875 0.3815104171875 0.666015625 0.40234375 0.6708984375 0.4114583328125
2 0.6259765625 0.34375 0.6201171875 0.3385416671875 0.6025390625 0.3385416671875 0.59765625 0.3424479171875 0.587890625 0.37890625 0.587890625 0.3893229171875 0.5947265625 0.4010416671875 0.6162109375 0.3958333328125 0.62890625 0.37890625 0.630859375 0.3528645828125 0.6259765625 0.34375
5 0.6025390625 0.3333333328125 0.6162109375 0.3333333328125 0.62109375 0.3268229171875 0.626953125 0.30859375 0.623046875 0.28515625 0.603515625 0.2981770828125 0.6025390625 0.3333333328125
4 0.572265625 0.0013020828125 0.5400390625 0 0.529296875 0.0247395828125 0.5478515625 0.0364583328125 0.572265625 0.006510417187500001 0.572265625 0.0013020828125
4 0.5498046875 0.09375 0.56640625 0.06901041718749999 0.5595703125 0.05989583281250001 0.5419921875 0.05989583281250001 0.53515625 0.06901041718749999 0.533203125 0.07942708281250001 0.5439453125 0.09635416718749999 0.5498046875 0.09375
4 0.544921875 0.1731770828125 0.5380859375 0.1666666671875 0.5322265625 0.1640625 0.5234375 0.1705729171875 0.5244140625 0.1953125 0.5361328125 0.1979166671875 0.544921875 0.1861979171875 0.544921875 0.1731770828125
4 0.544921875 0.22005208281250002 0.5419921875 0.20572916718749998 0.5244140625 0.20572916718749998 0.517578125 0.21484375 0.51953125 0.23307291718749998 0.5263671875 0.234375 0.5400390625 0.2265625 0.544921875 0.22005208281250002
4 0.4638671875 0.1979166671875 0.455078125 0.20703125 0.453125 0.22005208281250002 0.4599609375 0.2265625 0.4931640625 0.22395833281250002 0.515625 0.20703125 0.51953125 0.19921875 0.5166015625 0.1875 0.5087890625 0.1848958328125 0.4638671875 0.1979166671875
4 0.548828125 0.1888020828125 0.548828125 0.1966145828125 0.5537109375 0.203125 0.56640625 0.18359375 0.56640625 0.17578125 0.5595703125 0.1744791671875 0.548828125 0.1888020828125
4 0.580078125 0.21744791718749998 0.5771484375 0.2109375 0.5595703125 0.20833333281250002 0.5546875 0.21484375 0.5546875 0.22265625 0.5615234375 0.22916666718749998 0.5732421875 0.2265625 0.580078125 0.21744791718749998
4 0.5673828125 0.25 0.578125 0.22786458281250002 0.5751953125 0.22395833281250002 0.5654296875 0.2265625 0.55859375 0.23567708281250002 0.556640625 0.24609375 0.5615234375 0.2526041671875 0.5673828125 0.25
4 0.537109375 0.2669270828125 0.5439453125 0.2786458328125 0.5478515625 0.2786458328125 0.5634765625 0.2708333328125 0.568359375 0.25390625 0.5419921875 0.2578125 0.537109375 0.2669270828125
4 0.55859375 0.27734375 0.5517578125 0.2760416671875 0.544921875 0.2825520828125 0.5478515625 0.2942708328125 0.556640625 0.28515625 0.55859375 0.27734375
4 0.5390625 0.2877604171875 0.5361328125 0.2838541671875 0.525390625 0.2903645828125 0.5302734375 0.3072916671875 0.537109375 0.2981770828125 0.5390625 0.2877604171875
4 0.521484375 0.27734375 0.5234375 0.2643229171875 0.5185546875 0.2578125 0.5048828125 0.2630208328125 0.5 0.2747395828125 0.501953125 0.2903645828125 0.5107421875 0.2916666671875 0.521484375 0.27734375
4 0.515625 0.24869791718749998 0.515625 0.24348958281250002 0.5107421875 0.23697916718749998 0.5048828125 0.23697916718749998 0.49609375 0.24609375 0.49609375 0.2565104171875 0.5048828125 0.2604166671875 0.515625 0.24869791718749998
4 0.48046875 0.2747395828125 0.4736328125 0.265625 0.4677734375 0.2630208328125 0.455078125 0.27734375 0.455078125 0.28515625 0.4677734375 0.296875 0.48046875 0.2877604171875 0.48046875 0.2747395828125
4 0.482421875 0.2955729171875 0.470703125 0.30078125 0.4794921875 0.3125 0.484375 0.30859375 0.482421875 0.2955729171875
4 0.423828125 0.29296875 0.419921875 0.3059895828125 0.4228515625 0.3151041671875 0.43359375 0.3138020828125 0.435546875 0.2955729171875 0.4306640625 0.2890625 0.423828125 0.29296875
4 0.4462890625 0.4505208328125 0.4560546875 0.4505208328125 0.462890625 0.4361979171875 0.462890625 0.4127604171875 0.4462890625 0.3958333328125 0.4404296875 0.3932291671875 0.435546875 0.3997395828125 0.439453125 0.4388020828125 0.4462890625 0.4505208328125
4 0.4765625 0.4466145828125 0.4814453125 0.453125 0.4873046875 0.453125 0.490234375 0.44921875 0.48828125 0.4440104171875 0.4794921875 0.4401041671875 0.4765625 0.4466145828125
4 0.486328125 0.46484375 0.4755859375 0.4609375 0.47265625 0.4674479171875 0.4833984375 0.4713541671875 0.486328125 0.46484375
4 0.501953125 0.4231770828125 0.4970703125 0.40625 0.4892578125 0.4036458328125 0.484375 0.4075520828125 0.482421875 0.42578125 0.4873046875 0.4322916671875 0.4931640625 0.4322916671875 0.501953125 0.4231770828125
4 0.513671875 0.4153645828125 0.513671875 0.4231770828125 0.5263671875 0.4270833328125 0.533203125 0.41796875 0.533203125 0.4075520828125 0.5185546875 0.4088541671875 0.513671875 0.4153645828125
4 0.5126953125 0.4322916671875 0.505859375 0.4440104171875 0.5185546875 0.4479166671875 0.5244140625 0.4453125 0.529296875 0.43359375 0.5185546875 0.4296875 0.5126953125 0.4322916671875
4 0.5166015625 0.3671875 0.51171875 0.3763020828125 0.515625 0.3919270828125 0.5263671875 0.390625 0.53125 0.3736979171875 0.5263671875 0.3671875 0.5166015625 0.3671875
4 0.546875 0.45703125 0.5478515625 0.4505208328125 0.5400390625 0.4479166671875 0.5283203125 0.4557291671875 0.521484375 0.46484375 0.521484375 0.47265625 0.5322265625 0.4739583328125 0.546875 0.45703125
4 0.529296875 0.4674479171875 0.5419921875 0.4791666671875 0.5556640625 0.4713541671875 0.5703125 0.44140625 0.5673828125 0.4375 0.5400390625 0.4375 0.529296875 0.4674479171875
4 0.5595703125 0.3619791671875 0.5546875 0.3736979171875 0.5634765625 0.3776041671875 0.568359375 0.37109375 0.56640625 0.36328125 0.5634765625 0.359375 0.5595703125 0.3619791671875
4 0.580078125 0.3580729171875 0.5712890625 0.3567708328125 0.568359375 0.3606770828125 0.5712890625 0.3776041671875 0.58203125 0.3736979171875 0.580078125 0.3580729171875
4 0.5859375 0.2721354171875 0.5703125 0.2721354171875 0.568359375 0.28515625 0.5771484375 0.3046875 0.5859375 0.30078125 0.5859375 0.2721354171875
5 0.404296875 0.0169270828125 0.4091796875 0.0234375 0.4248046875 0.0234375 0.427734375 0.014322917187500001 0.42578125 0.0013020828125 0.4091796875 0 0.404296875 0.0169270828125
5 0.326171875 0.06901041718749999 0.3212890625 0.0625 0.3154296875 0.0625 0.30859375 0.07421875 0.3173828125 0.08072916718749999 0.326171875 0.06901041718749999
5 0.759765625 0.1236979171875 0.759765625 0.13671875 0.7685546875 0.1458333328125 0.775390625 0.1393229171875 0.7734375 0.1184895828125 0.7646484375 0.1171875 0.759765625 0.1236979171875
2 0.7452889921875 0 0.760760328125 0.015093984375 0.7532133359375 0.0201253140625 0.7460436921875 0.013081454687499999 0.7430248953125 0.026162909374999998 0.7456663421874999 0.038238096875 0.7539680343749999 0.046791354687499995 0.7520812859375 0.05584774687500001 0.7426475453125 0.0523258171875 0.7362326015625 0.0377349640625 0.7298176578125 0.039244362500000005 0.7298176578125 0.0518226828125 0.735100553125 0.0613822078125 0.7320817546875 0.0704385984375 0.7362326015625 0.081507521875 0.7301950078125 0.095092109375 0.7339685031250001 0.101129703125 0.7396287484374999 0.1056578984375 0.74453429375 0.10767043125 0.7456663421874999 0.1177330875 0.7384967 0.1182362203125 0.73170440625 0.1267894796875 0.7324591046875 0.13333020625 0.7271762093749999 0.1393678 0.7434022453125 0.134336471875 0.74453429375 0.142386596875 0.73094970625 0.1474179265625 0.7298176578125 0.1564743171875 0.735100553125 0.17207143593750002 0.7464210421875 0.17911529531249998 0.7324591046875 0.18716542187500002 0.74377959375 0.19924060937500002 0.7388740484375 0.216850259375 0.7358552515625 0.22339098750000003 0.7339685031250001 0.2299317140625 0.7328364546875 0.24452256718749998 0.7298176578125 0.2560946234375 0.740760796875 0.27370427343750003 0.737742 0.2797418671875 0.7358552515625 0.28628259375 0.73094970625 0.2988609140625 0.7230253640625001 0.31043297187499996 0.726798859375 0.320495628125 0.7264215109375 0.3350864796875 0.7162330703124999 0.34816793437500004 0.7169877703124999 0.357727459375 0.7301950078125 0.3622556546875 0.7381193500000001 0.38238096875 0.7392513984375 0.3924436265625 0.7418928453125 0.445272575 0.7679299703125 0.481498140625 0.846796046875 0.4955858609375 0.8803801640625 0.479485609375 0.921511275 0.44929763906250003 0.931322365625 0.4271597921875 0.937737309375 0.42061906562500007 0.9494351484375001 0.4095501421875 0.9528312953125001 0.39194049375 0.9633970843749999 0.3803684375 0.9494351484375001 0.26062281875000004 0.9750949234374999 0.23898810468749998 0.9732081750000001 0.23345364375000002 0.964529134375 0.22892544843749998 0.9622650359374999 0.21886279218750002 0.9498124984375 0.2178565265625 0.9622650359374999 0.2123220640625 0.9656611828124999 0.20125314218749998 0.9615354937499999 0.19070971406249998 0.9622650359374999 0.1816309609375 0.9581141890625 0.17760589843750002 0.9720761265625001 0.1529523875 0.963019734375 0.149933590625 0.9558500921875 0.15546805156250001 0.950567196875 0.163518178125 0.9528312953125001 0.15697745000000002 0.9520765953125 0.145908528125 0.9683026296874999 0.142386596875 0.9690573296875 0.1298082765625 0.9543406937500001 0.1318208078125 0.9328317640625 0.1182362203125 0.9415108062499999 0.1162236890625 0.9611329874999999 0.1192424859375 0.9415108062499999 0.0955952421875 0.9426428546875 0.091067046875 0.9452843015625 0.08050125625 0.9498124984375 0.0704385984375 0.9539633437499999 0.0628916078125 0.95320864375 0.05584774687500001 0.9464163515624999 0.0563508796875 0.9479257499999999 0.0488038875 0.9539633437499999 0.0367286984375 0.9550953921875 0.02767230625 0.9577368406250001 0.0191190484375 0.9611329874999999 0.012578321875000001 0.956982140625 0.0040250625 0.9467937015624999 0.014590853125 0.944152253125 0.0105657890625 0.9456616515625 0 0.9207565765625001 0 0.9075493375000001 0.10767043125 0.9101907859375 0.142386596875 0.9192471765624999 0.18062469375 0.92830356875 0.22741604999999998 0.931699715625 0.28779199218749996 0.92717151875 0.3531992625 0.9000023453124999 0.39395302499999996 0.84943749375 0.4236378625 0.800382040625 0.40351254843750006 0.7762316625000001 0.3602431234375 0.77132611875 0.30389224375 0.7856654046875 0.162008778125 0.78340130625 0.0986140390625 0.773590215625 0 0.7452889921875 0