5 0.6848958328125 0.5947265625 0.6875 0.6025390625 0.703125 0.6044921875 0.7135416671875 0.5986328125 0.7135416671875 0.5927734375 0.7044270828125 0.5859375 0.69140625 0.5859375 0.6848958328125 0.5947265625
5 0.3815104171875 0.330078125 0.3802083328125 0.3349609375 0.3854166671875 0.3408203125 0.3932291671875 0.3408203125 0.390625 0.3330078125 0.3815104171875 0.330078125
4 0.1901041671875 0.0263671875 0.1901041671875 0.0361328125 0.203125 0.0400390625 0.21223958281250002 0.037109375 0.21875 0.0283203125 0.20963541718749998 0.013671875 0.20182291718749998 0.013671875 0.1901041671875 0.0263671875
4 0.2265625 0.0107421875 0.22916666718749998 0.0185546875 0.234375 0.0205078125 0.2421875 0.0146484375 0.2421875 0.0087890625 0.23567708281250002 0.00390625 0.23046875 0.00390625 0.2265625 0.0107421875
5 0.1861979171875 0.130859375 0.1822916671875 0.1337890625 0.1822916671875 0.1416015625 0.1901041671875 0.1435546875 0.1953125 0.1337890625 0.1861979171875 0.130859375
5 0.4244791671875 0.0205078125 0.4348958328125 0.0146484375 0.4283854171875 0.009765625 0.4205729171875 0.009765625 0.4140625 0.0146484375 0.41796875 0.021484375 0.4244791671875 0.0205078125
4 0.18359375 0.201171875 0.1796875 0.2080078125 0.18359375 0.212890625 0.1901041671875 0.2119140625 0.1901041671875 0.2041015625 0.18359375 0.201171875
4 0.20833333281250002 0.2158203125 0.22265625 0.2265625 0.2265625 0.2255859375 0.22916666718749998 0.2197265625 0.22005208281250002 0.216796875 0.21875 0.2119140625 0.20963541718749998 0.20703125 0.20833333281250002 0.2158203125
4 0.21354166718749998 0.2314453125 0.2109375 0.2197265625 0.20442708281250002 0.21875 0.20572916718749998 0.2294921875 0.21354166718749998 0.2314453125
4 0.2421875 0.2509765625 0.24479166718749998 0.2490234375 0.2421875 0.2373046875 0.22526041718749998 0.228515625 0.22135416718749998 0.2373046875 0.22916666718749998 0.2509765625 0.2421875 0.2509765625
4 0.24739583281250002 0.2724609375 0.25 0.2646484375 0.24088541718749998 0.2578125 0.23567708281250002 0.2578125 0.23697916718749998 0.2705078125 0.24088541718749998 0.2734375 0.24739583281250002 0.2724609375
4 0.23828125 0.28125 0.23697916718749998 0.2880859375 0.24088541718749998 0.291015625 0.24739583281250002 0.2900390625 0.24739583281250002 0.2822265625 0.23828125 0.28125
5 0.0494791671875 0.3662109375 0.05859375 0.37109375 0.06770833281250001 0.3701171875 0.07552083281250001 0.3642578125 0.07291666718749999 0.3486328125 0.05598958281250001 0.345703125 0.0494791671875 0.3505859375 0.0494791671875 0.3662109375
5 0.21354166718749998 0.4287109375 0.22005208281250002 0.43359375 0.2421875 0.4326171875 0.24479166718749998 0.4267578125 0.22786458281250002 0.416015625 0.21744791718749998 0.416015625 0.2109375 0.4208984375 0.21354166718749998 0.4287109375
5 0.1731770828125 0.40625 0.1614583328125 0.4091796875 0.1653645828125 0.4140625 0.1692708328125 0.4130859375 0.1744791671875 0.4111328125 0.1731770828125 0.40625
5 0.23958333281250002 0.3154296875 0.23567708281250002 0.3125 0.22526041718749998 0.314453125 0.21875 0.3193359375 0.21875 0.3271484375 0.22526041718749998 0.33203125 0.23177083281250002 0.3310546875 0.23697916718749998 0.3291015625 0.23958333281250002 0.3232421875 0.23958333281250002 0.3154296875
5 0.0234375 0.5595703125 0.0234375 0.5654296875 0.03125 0.5673828125 0.0442708328125 0.5634765625 0.0442708328125 0.5595703125 0.0377604171875 0.5546875 0.0299479171875 0.5546875 0.0234375 0.5595703125
5 0.09765625 0.84765625 0.09114583281250001 0.8525390625 0.09635416718749999 0.8623046875 0.11328125 0.87109375 0.1197916671875 0.8701171875 0.1276041671875 0.8662109375 0.1276041671875 0.8623046875 0.1080729171875 0.849609375 0.09765625 0.84765625
5 0.0481770828125 0.92578125 0.0416666671875 0.9306640625 0.0455729171875 0.935546875 0.05989583281250001 0.9345703125 0.05598958281250001 0.92578125 0.0481770828125 0.92578125
5 0.0390625 0.9755859375 0.0442708328125 0.9716796875 0.0442708328125 0.9638671875 0.0299479171875 0.953125 0.0234375 0.9580078125 0.0260416671875 0.9716796875 0.0390625 0.9755859375
5 0.1328125 0.9404296875 0.1328125 0.9345703125 0.1263020828125 0.93359375 0.125 0.9384765625 0.1328125 0.9404296875
5 0.8997395828125001 0.830078125 0.8958333328125001 0.8388671875 0.9049479171874999 0.845703125 0.9088541671874999 0.8447265625 0.9114583328125001 0.8369140625 0.8997395828125001 0.830078125
5 0.86328125 0.607421875 0.859375 0.6162109375 0.8658854171874999 0.619140625 0.875 0.6181640625 0.8776041671874999 0.6103515625 0.86328125 0.607421875
5 0.8763020828125001 0.68359375 0.8697916671874999 0.6865234375 0.8697916671874999 0.6923828125 0.8802083328125001 0.6962890625 0.8854166671874999 0.6923828125 0.8763020828125001 0.68359375
5 0.5390625 0.4267578125 0.54296875 0.43359375 0.5598958328125 0.4326171875 0.5677083328125 0.4267578125 0.5677083328125 0.4228515625 0.5611979171875 0.419921875 0.5533854171875 0.419921875 0.5390625 0.4267578125
5 0.3411458328125 0.2451171875 0.3411458328125 0.2392578125 0.3372395828125 0.23828125 0.3333333328125 0.2451171875 0.3411458328125 0.2451171875
5 0.2903645828125 0.205078125 0.28125 0.2060546875 0.28125 0.2119140625 0.2864583328125 0.2119140625 0.2916666671875 0.2080078125 0.2903645828125 0.205078125
5 0.6744791671875 0.1025390625 0.6744791671875 0.0947265625 0.66796875 0.091796875 0.6614583328125 0.0966796875 0.6614583328125 0.1005859375 0.6653645828125 0.103515625 0.6744791671875 0.1025390625
2 0 0.7705078125 0.0169270828125 0.771484375 0.0325520828125 0.77734375 0.04296875 0.78515625 0.07421875 0.775390625 0.1002604171875 0.77734375 0.12109375 0.78515625 0.1276041671875 0.7841796875 0.1627604171875 0.755859375 0.1770833328125 0.7509765625 0.1848958328125 0.7373046875 0.1796875 0.7177734375 0.1822916671875 0.7099609375 0.171875 0.6982421875 0.15234375 0.6875 0.13671875 0.68359375 0.1341145828125 0.685546875 0.12890625 0.68359375 0.05078125 0.685546875 0.03515625 0.677734375 0.006510417187500001 0.6796875 0 0.6865234375 0 0.7705078125
5 0.5950520828125 0.17578125 0.5755208328125 0.1865234375 0.578125 0.1943359375 0.5846354171875 0.19921875 0.6067708328125 0.1982421875 0.6145833328125 0.1923828125 0.6145833328125 0.1787109375 0.6106770828125 0.17578125 0.5950520828125 0.17578125
5 0.5 0.2255859375 0.5026041671875 0.2197265625 0.48828125 0.212890625 0.4778645828125 0.2109375 0.4713541671875 0.2138671875 0.48046875 0.2265625 0.5 0.2255859375
5 0.1901041671875 0.6123046875 0.1940104171875 0.615234375 0.20572916718749998 0.6142578125 0.2109375 0.6064453125 0.20442708281250002 0.599609375 0.1966145828125 0.599609375 0.1901041671875 0.6044921875 0.1901041671875 0.6123046875
5 0.234375 0.5439453125 0.24348958281250002 0.546875 0.2526041671875 0.5458984375 0.2578125 0.5419921875 0.2526041671875 0.5322265625 0.24869791718749998 0.529296875 0.23828125 0.53125 0.234375 0.5439453125
5 0.3854166671875 0.5146484375 0.3815104171875 0.505859375 0.3723958328125 0.5068359375 0.3763020828125 0.515625 0.3854166671875 0.5146484375