5 0.83984375 0.263671875 0.86328125 0.263671875 0.8776041671874999 0.2548828125 0.875 0.2431640625 0.86328125 0.234375 0.8346354171874999 0.232421875 0.8255208328125001 0.2392578125 0.8229166671874999 0.2490234375 0.83984375 0.263671875
5 0.66796875 0.357421875 0.6861979171875 0.359375 0.7005208328125 0.3544921875 0.7057291671875 0.3369140625 0.6966145828125 0.328125 0.6705729171875 0.326171875 0.6588541671875 0.3330078125 0.65625 0.3427734375 0.66796875 0.357421875
5 0.8697916671874999 0.0849609375 0.8763020828125001 0.08984375 0.8893229171874999 0.08984375 0.8984375 0.0830078125 0.8984375 0.0771484375 0.8893229171874999 0.0703125 0.8763020828125001 0.068359375 0.8671875 0.0751953125 0.8697916671874999 0.0849609375
5 0.90234375 0.03515625 0.8984375 0.0458984375 0.9153645828125001 0.05078125 0.921875 0.0439453125 0.9192708328125001 0.0380859375 0.90234375 0.03515625
5 0.8151041671874999 0.0126953125 0.8125 0.0185546875 0.82421875 0.0234375 0.828125 0.0185546875 0.8255208328125001 0.0126953125 0.8151041671874999 0.0126953125
5 0.3606770828125 0.326171875 0.3450520828125 0.32421875 0.3411458328125 0.3271484375 0.3385416671875 0.3330078125 0.3450520828125 0.337890625 0.3619791671875 0.3349609375 0.3606770828125 0.326171875
5 0.4127604171875 0.291015625 0.4088541671875 0.2939453125 0.4127604171875 0.302734375 0.4296875 0.2998046875 0.4231770828125 0.2890625 0.4127604171875 0.291015625
5 0.2747395828125 0.208984375 0.2708333328125 0.2158203125 0.27734375 0.220703125 0.28515625 0.220703125 0.2890625 0.2119140625 0.2747395828125 0.208984375
5 0.4934895828125 0.724609375 0.51953125 0.72265625 0.53125 0.7099609375 0.5260416671875 0.6962890625 0.5143229171875 0.689453125 0.4986979171875 0.689453125 0.484375 0.7001953125 0.4765625 0.7138671875 0.4934895828125 0.724609375
5 0.3723958328125 0.7373046875 0.3815104171875 0.74609375 0.4075520828125 0.74609375 0.41796875 0.7421875 0.4296875 0.7294921875 0.4270833328125 0.7216796875 0.4127604171875 0.71484375 0.3971354171875 0.71484375 0.375 0.7275390625 0.3723958328125 0.7373046875
5 0.18359375 0.8125 0.20182291718749998 0.8125 0.21354166718749998 0.8017578125 0.2109375 0.7919921875 0.19921875 0.78515625 0.1861979171875 0.78515625 0.171875 0.7958984375 0.1692708328125 0.8056640625 0.18359375 0.8125
5 0.3463541671875 0.8935546875 0.33984375 0.888671875 0.3307291671875 0.8935546875 0.328125 0.9052734375 0.3372395828125 0.908203125 0.3463541671875 0.9013671875 0.3463541671875 0.8935546875
5 0.4778645828125 0.947265625 0.4713541671875 0.9521484375 0.4713541671875 0.9580078125 0.4856770828125 0.9609375 0.4895833328125 0.9521484375 0.4778645828125 0.947265625
5 0.21354166718749998 0.6943359375 0.20703125 0.69140625 0.19921875 0.693359375 0.1979166671875 0.7041015625 0.20442708281250002 0.70703125 0.21223958281250002 0.705078125 0.21354166718749998 0.6943359375
5 0.35546875 0.6953125 0.3515625 0.7041015625 0.3580729171875 0.708984375 0.3658854171875 0.708984375 0.3697916671875 0.6962890625 0.35546875 0.6953125
5 0.4192708328125 0.7001953125 0.4127604171875 0.693359375 0.4049479171875 0.6953125 0.4049479171875 0.703125 0.4192708328125 0.7001953125
5 0.6354166671875 0.1298828125 0.6354166671875 0.1396484375 0.6471354171875 0.142578125 0.6510416671875 0.1318359375 0.6471354171875 0.12890625 0.6354166671875 0.1298828125
5 0.6705729171875 0.15625 0.6744791671875 0.1474609375 0.66796875 0.14453125 0.6640625 0.1533203125 0.6705729171875 0.15625
5 0.6875 0.1455078125 0.6861979171875 0.140625 0.6783854171875 0.140625 0.6809895828125 0.146484375 0.6875 0.1455078125
5 0.9388020828125001 0.208984375 0.9427083328125001 0.2001953125 0.93359375 0.197265625 0.9270833328125001 0.2041015625 0.9388020828125001 0.208984375
5 0.97265625 0.236328125 0.96875 0.2392578125 0.9713541671874999 0.2451171875 0.98046875 0.24609375 0.984375 0.2412109375 0.97265625 0.236328125
2 0.30009920625 0.40178571406249997 0.3137400796875 0.41015625 0.3459821421875 0.411086309375 0.3893849203125 0.407366071875 0.37946428593750003 0.391555059375 0.3670634921875 0.38876488125 0.35590277812500004 0.385974703125 0.341021825 0.3831845234375 0.3261408734375 0.3869047625 0.30009920625 0.40178571406249997
2 0.5605158734375 0.37388392812500004 0.5505952375 0.37109375 0.536954365625 0.36830357187499996 0.5195932546875001 0.3645833328125 0.5022321421875 0.36923363125 0.4898313484375 0.3776041671875 0.474950396875 0.385974703125 0.45386904687499996 0.389694940625 0.4923115078125 0.40829613125 0.5257936515625 0.41015625 0.5667162703125 0.41015625 0.6026785718750001 0.40643601250000005 0.6039186515625 0.39341517812500004 0.5890376984375 0.389694940625 0.577876984375 0.3869047625 0.5704365078125 0.3776041671875 0.5605158734375 0.37388392812500004
5 0.3972531078125 0.03294526875 0.38643050625 0.0310353984375 0.38133751718750003 0.034377671875 0.382610765625 0.0405847515625 0.3908868703125 0.045836896875 0.39852635468750003 0.0439270265625 0.40552921406250003 0.037719946875 0.3972531078125 0.03294526875
5 0.462825334375 0.05586371875 0.4691915703125 0.054431315625 0.46982819375 0.05013410625 0.4672817 0.0477467671875 0.462825334375 0.0467918328125 0.459642215625 0.0463143640625 0.454549228125 0.0477467671875 0.45391260468750005 0.0496566390625 0.45518585156249997 0.052521443749999994 0.460278840625 0.055386250000000005 0.462825334375 0.05586371875