5 0.3020833328125 0.8974609375 0.32421875 0.908203125 0.3385416671875 0.9072265625 0.3502604171875 0.904296875 0.3645833328125 0.8935546875 0.3671875 0.8876953125 0.3502604171875 0.869140625 0.31640625 0.869140625 0.3020833328125 0.8798828125 0.2994791671875 0.8896484375 0.3020833328125 0.8974609375
5 0.7578125 0.0458984375 0.7578125 0.0634765625 0.7630208328125 0.0712890625 0.7721354171875 0.078125 0.7916666671875 0.0771484375 0.8046875 0.0673828125 0.8072916671874999 0.0615234375 0.8046875 0.0517578125 0.7903645828125 0.046875 0.7747395828125 0.046875 0.76171875 0.04296875 0.7578125 0.0458984375
5 0.5364583328125 0.0244140625 0.5221354171875 0.013671875 0.50390625 0.013671875 0.4947916671875 0.0185546875 0.4895833328125 0.0302734375 0.4986979171875 0.0390625 0.515625 0.0380859375 0.52734375 0.03515625 0.5364583328125 0.0244140625
5 0.1171875 0.7431640625 0.1197916671875 0.7392578125 0.1158854171875 0.736328125 0.10546875 0.734375 0.1015625 0.7373046875 0.1080729171875 0.744140625 0.1171875 0.7431640625
5 0.2604166671875 0.7333984375 0.2513020828125 0.7265625 0.24088541718749998 0.724609375 0.23177083281250002 0.7333984375 0.23177083281250002 0.7431640625 0.24088541718749998 0.75 0.25 0.7490234375 0.2604166671875 0.7451171875 0.2604166671875 0.7333984375
5 0.4661458328125 0.0185546875 0.4466145828125 0.009765625 0.4309895828125 0.01171875 0.4244791671875 0.0185546875 0.4270833328125 0.0283203125 0.4388020828125 0.0390625 0.4505208328125 0.0380859375 0.4609375 0.0322265625 0.4661458328125 0.0185546875
2 0.1627604171875 0.9375 0.15625 0.9423828125 0.1510416671875 0.9541015625 0.1510416671875 0.9697265625 0.15625 0.9794921875 0.1575520828125 1 0.2630208328125 0.9990234375 0.2526041671875 0.9853515625 0.2265625 0.9677734375 0.22135416718749998 0.9580078125 0.19921875 0.943359375 0.1809895828125 0.9375 0.1627604171875 0.9375
5 0.4114583328125 0.3857421875 0.4114583328125 0.3974609375 0.4205729171875 0.404296875 0.4296875 0.4033203125 0.4479166671875 0.3916015625 0.4518229171875 0.3828125 0.4231770828125 0.380859375 0.4114583328125 0.3857421875
5 0.9635416671874999 0.8603515625 0.9596354171874999 0.857421875 0.94921875 0.857421875 0.9427083328125001 0.8642578125 0.9453125 0.8681640625 0.9518229171874999 0.87109375 0.9583333328125001 0.8701171875 0.9635416671874999 0.8662109375 0.9635416671874999 0.8603515625
5 0.40625 0.7412109375 0.40625 0.7451171875 0.4127604171875 0.75 0.4244791671875 0.7490234375 0.4322916671875 0.7431640625 0.42578125 0.736328125 0.4127604171875 0.736328125 0.40625 0.7412109375
5 0.3411458328125 0.7197265625 0.3411458328125 0.7275390625 0.3502604171875 0.736328125 0.3645833328125 0.7353515625 0.375 0.7275390625 0.375 0.7236328125 0.3658854171875 0.716796875 0.3411458328125 0.7197265625
5 0.6614583328125 0.8056640625 0.6627604171875 0.80859375 0.671875 0.8076171875 0.6705729171875 0.802734375 0.6614583328125 0.8056640625
5 0.9231770828125001 0.8125 0.9166666671874999 0.8193359375 0.9231770828125001 0.82421875 0.9296875 0.8232421875 0.9375 0.8193359375 0.9375 0.8154296875 0.93359375 0.8125 0.9231770828125001 0.8125
5 0.5963541671875 0.8818359375 0.6002604171875 0.88671875 0.6067708328125 0.8857421875 0.6119791671875 0.8837890625 0.6080729171875 0.876953125 0.5963541671875 0.8818359375
5 0.06770833281250001 0.8740234375 0.06770833281250001 0.8681640625 0.06119791718749999 0.86328125 0.05078125 0.86328125 0.0338541671875 0.8740234375 0.0377604171875 0.880859375 0.046875 0.8798828125 0.05859375 0.87890625 0.06770833281250001 0.8740234375
5 0.0013020828125 0.15234375 0 0.1904296875 0.015625 0.1904296875 0.0325520828125 0.1875 0.05859375 0.17578125 0.07682291718749999 0.171875 0.0859375 0.1630859375 0.08333333281250001 0.1552734375 0.06901041718749999 0.1484375 0.0247395828125 0.1484375 0.0013020828125 0.15234375
5 0.09635416718749999 0.7099609375 0.1015625 0.7060546875 0.1015625 0.7001953125 0.08723958281250001 0.697265625 0.08333333281250001 0.7060546875 0.08984375 0.7109375 0.09635416718749999 0.7099609375
5 0.3359375 0.4755859375 0.3385416671875 0.4638671875 0.33203125 0.4609375 0.3255208328125 0.4658203125 0.3255208328125 0.4736328125 0.3294270828125 0.4765625 0.3359375 0.4755859375
5 0.1627604171875 0.853515625 0.1536458328125 0.8623046875 0.1549479171875 0.865234375 0.1744791671875 0.8662109375 0.1796875 0.8642578125 0.1796875 0.8583984375 0.1705729171875 0.853515625 0.1627604171875 0.853515625
5 0.9869791671874999 0.2880859375 0.9869791671874999 0.2958984375 0.9973958328125001 0.2998046875 0.9986979171874999 0.283203125 0.9869791671874999 0.2880859375
5 0.6145833328125 0.8349609375 0.6106770828125 0.83203125 0.6028645828125 0.833984375 0.5989583328125 0.8388671875 0.6041666671875 0.8408203125 0.6067708328125 0.8486328125 0.6171875 0.8486328125 0.6197916671875 0.8447265625 0.6145833328125 0.8349609375
5 0.010416667187500001 0.1103515625 0.01171875 0.119140625 0.0286458328125 0.1201171875 0.0338541671875 0.1181640625 0.0325520828125 0.111328125 0.010416667187500001 0.1103515625
5 0.6927083328125 0.0634765625 0.6861979171875 0.052734375 0.6875 0.0634765625 0.6927083328125 0.0634765625
5 0.8932291671874999 0.3896484375 0.8958333328125001 0.3837890625 0.8893229171874999 0.37890625 0.8776041671874999 0.3818359375 0.8776041671874999 0.3857421875 0.8841145828125001 0.390625 0.8932291671874999 0.3896484375
5 0.609375 0.0341796875 0.61328125 0.037109375 0.6197916671875 0.0361328125 0.6223958328125 0.0302734375 0.61328125 0.02734375 0.609375 0.0341796875
5 0.1588541671875 0.2548828125 0.16015625 0.26171875 0.171875 0.2607421875 0.1744791671875 0.2568359375 0.16796875 0.251953125 0.1588541671875 0.2548828125
5 0.8854166671874999 0.7939453125 0.8828125 0.8037109375 0.890625 0.8056640625 0.8984375 0.8017578125 0.8971354171874999 0.791015625 0.8854166671874999 0.7939453125
5 0.8255208328125001 0.6806640625 0.828125 0.6904296875 0.8385416671874999 0.6904296875 0.8411458328125001 0.6787109375 0.8294270828125001 0.677734375 0.8255208328125001 0.6806640625
5 0.05989583281250001 0.2763671875 0.06119791718749999 0.283203125 0.078125 0.2822265625 0.07682291718749999 0.275390625 0.05989583281250001 0.2763671875
5 0.6705729171875 0.763671875 0.6666666671875 0.7744140625 0.6796875 0.7744140625 0.6848958328125 0.7685546875 0.6783854171875 0.763671875 0.6705729171875 0.763671875
5 0 0.8017578125 0.0013020828125 0.8125 0.0208333328125 0.8115234375 0.0260416671875 0.8076171875 0.01953125 0.802734375 0 0.8017578125
5 0.65625 0.3564453125 0.65625 0.3623046875 0.66015625 0.365234375 0.6692708328125 0.3642578125 0.6744791671875 0.3623046875 0.6744791671875 0.3544921875 0.6627604171875 0.3515625 0.65625 0.3564453125
5 0.9453125 0.8603515625 0.9453125 0.8681640625 0.9518229171874999 0.87109375 0.9583333328125001 0.8701171875 0.9635416671874999 0.8681640625 0.9635416671874999 0.8583984375 0.94921875 0.857421875 0.9453125 0.8603515625
5 0.8515625 0.3134765625 0.859375 0.3115234375 0.859375 0.3056640625 0.8528645828125001 0.302734375 0.84375 0.3095703125 0.84765625 0.314453125 0.8515625 0.3134765625
5 0.7942708328125 0.2744140625 0.7994791671875 0.2626953125 0.7903645828125 0.259765625 0.7838541671875 0.2646484375 0.7838541671875 0.2724609375 0.7877604171875 0.275390625 0.7942708328125 0.2744140625
5 0.4622395828125 0.720703125 0.4557291671875 0.7333984375 0.4739583328125 0.7333984375 0.4791666671875 0.7255859375 0.47265625 0.720703125 0.4622395828125 0.720703125
5 0.96875 0.8876953125 0.96875 0.8935546875 0.9791666671874999 0.8935546875 0.9817708328125001 0.8837890625 0.9752604171874999 0.8828125 0.96875 0.8876953125
5 0.3567708328125 0.3037109375 0.3658854171875 0.318359375 0.3802083328125 0.3193359375 0.40234375 0.318359375 0.4140625 0.3056640625 0.4348958328125 0.2939453125 0.4348958328125 0.2900390625 0.4049479171875 0.27734375 0.3736979171875 0.275390625 0.3567708328125 0.2880859375 0.3567708328125 0.3037109375
5 0.5559895828125 0.0546875 0.53515625 0.052734375 0.5247395828125 0.048828125 0.4986979171875 0.0546875 0.4921875 0.0654296875 0.4921875 0.0810546875 0.50390625 0.091796875 0.51953125 0.095703125 0.5364583328125 0.0947265625 0.5533854171875 0.08984375 0.5625 0.0830078125 0.5703125 0.0693359375 0.5651041671875 0.0595703125 0.5559895828125 0.0546875
5 0.9505208328125001 0.1025390625 0.9505208328125001 0.0947265625 0.9401041671874999 0.0849609375 0.9401041671874999 0.0791015625 0.9635416671874999 0.0439453125 0.9635416671874999 0.0380859375 0.9518229171874999 0.029296875 0.94140625 0.025390625 0.9309895828125001 0.025390625 0.8984375 0.0458984375 0.8932291671874999 0.0556640625 0.8932291671874999 0.0712890625 0.8958333328125001 0.0791015625 0.9088541671874999 0.0869140625 0.9114583328125001 0.1005859375 0.91796875 0.10546875 0.9453125 0.1044921875 0.9505208328125001 0.1025390625
2 0.7994791671875 0.2294921875 0.8020833328125001 0.2412109375 0.81640625 0.25 0.83203125 0.255859375 0.8489583328125001 0.2548828125 0.8658854171874999 0.251953125 0.875 0.2470703125 0.8776041671874999 0.2431640625 0.87109375 0.228515625 0.8424479171874999 0.22265625 0.8033854171874999 0.2265625 0.7994791671875 0.2294921875
5 0.0442708328125 0.1005859375 0.0481770828125 0.10546875 0.05729166718749999 0.1044921875 0.05078125 0.099609375 0.0442708328125 0.1005859375
5 0.07552083281250001 0.1064453125 0.08984375 0.103515625 0.09375 0.0986328125 0.07421875 0.09375 0.05989583281250001 0.1005859375 0.06380208281250001 0.107421875 0.07552083281250001 0.1064453125
5 0.0260416671875 0.1455078125 0.03125 0.1416015625 0.02734375 0.13671875 0.0169270828125 0.1328125 0.010416667187500001 0.1357421875 0.014322917187500001 0.146484375 0.0260416671875 0.1455078125
5 0.03125 0.4326171875 0.05859375 0.42578125 0.07161458281250001 0.419921875 0.078125 0.4130859375 0.07421875 0.41015625 0.06119791718749999 0.41015625 0.0455729171875 0.4140625 0.03125 0.4267578125 0.0286458328125 0.4306640625 0.03125 0.4326171875
5 0.1484375 0.4365234375 0.1484375 0.4404296875 0.1549479171875 0.4453125 0.1692708328125 0.4501953125 0.171875 0.4423828125 0.1653645828125 0.435546875 0.1549479171875 0.43359375 0.1484375 0.4365234375
5 0.21875 0.3955078125 0.22265625 0.404296875 0.23177083281250002 0.4033203125 0.23307291718749998 0.39453125 0.21875 0.3955078125
5 0.23177083281250002 0.4560546875 0.24088541718749998 0.4609375 0.25 0.4599609375 0.2578125 0.4580078125 0.25390625 0.451171875 0.23177083281250002 0.4560546875
5 0.5651041671875 0.4111328125 0.5872395828125 0.408203125 0.6236979171875 0.39453125 0.6276041671875 0.3857421875 0.6158854171875 0.384765625 0.5846354171875 0.396484375 0.56640625 0.3984375 0.5572916671875 0.4052734375 0.5572916671875 0.4111328125 0.5651041671875 0.4111328125
5 0.87890625 0.404296875 0.8828125 0.3955078125 0.8684895828125001 0.388671875 0.8450520828125001 0.39453125 0.8255208328125001 0.4150390625 0.8255208328125001 0.4208984375 0.8333333328125001 0.4208984375 0.85546875 0.41015625 0.87890625 0.404296875
5 0.9166666671874999 0.4814453125 0.9375 0.4716796875 0.9479166671874999 0.4580078125 0.9479166671874999 0.4423828125 0.9283854171874999 0.42578125 0.87890625 0.427734375 0.859375 0.4482421875 0.859375 0.4599609375 0.88671875 0.48046875 0.9166666671874999 0.4814453125
5 0.6901041671875 0.6865234375 0.6848958328125 0.6982421875 0.6848958328125 0.7119140625 0.6940104171875 0.72265625 0.7239583328125 0.7236328125 0.7356770828125 0.72265625 0.7526041671875 0.7138671875 0.7578125 0.7080078125 0.7578125 0.6904296875 0.7408854171875 0.6796875 0.7096354171875 0.67578125 0.6901041671875 0.6865234375
2 0.5690104171875 0.666015625 0.5611979171875 0.6640625 0.4908854171875 0.666015625 0.48046875 0.673828125 0.46484375 0.673828125 0.4583333328125 0.6767578125 0.4583333328125 0.6806640625 0.4856770828125 0.697265625 0.5065104171875 0.6953125 0.52734375 0.703125 0.5520833328125 0.7021484375 0.5716145828125 0.693359375 0.5833333328125 0.6787109375 0.5833333328125 0.6748046875 0.5690104171875 0.666015625
2 0.4973958328125 0.5029296875 0.48828125 0.49609375 0.4388020828125 0.486328125 0.4283854171875 0.486328125 0.3828125 0.4990234375 0.3984375 0.5068359375 0.3958333328125 0.5107421875 0.3997395828125 0.513671875 0.4127604171875 0.509765625 0.41796875 0.513671875 0.4270833328125 0.5126953125 0.46484375 0.505859375 0.4752604171875 0.505859375 0.4856770828125 0.51171875 0.4973958328125 0.5029296875
5 0.5208333328125 0.4736328125 0.53515625 0.482421875 0.5546875 0.4814453125 0.5716145828125 0.4765625 0.5859375 0.4638671875 0.5638020828125 0.453125 0.55078125 0.451171875 0.53515625 0.451171875 0.5247395828125 0.455078125 0.5208333328125 0.4580078125 0.5208333328125 0.4736328125
5 0.6328125 0.4326171875 0.6263020828125 0.427734375 0.62109375 0.427734375 0.60546875 0.43359375 0.5885416671875 0.4443359375 0.58984375 0.447265625 0.5989583328125 0.4462890625 0.6263020828125 0.439453125 0.6328125 0.4326171875
5 0.6953125 0.4951171875 0.6979166671875 0.4892578125 0.6940104171875 0.484375 0.6783854171875 0.482421875 0.6744791671875 0.4853515625 0.67578125 0.49609375 0.6953125 0.4951171875
2 0.7721354171875 0.5078125 0.8059895828125001 0.5078125 0.8346354171874999 0.51171875 0.8424479171874999 0.515625 0.8567708328125001 0.5146484375 0.89453125 0.513671875 0.8984375 0.5107421875 0.8958333328125001 0.4970703125 0.8919270828125001 0.494140625 0.8684895828125001 0.494140625 0.8684895828125001 0.486328125 0.8424479171874999 0.482421875 0.8372395828125001 0.478515625 0.8190104171874999 0.474609375 0.7799479171875 0.4765625 0.7760416671875 0.4794921875 0.7825520828125 0.482421875 0.7903645828125 0.48046875 0.7942708328125 0.4833984375 0.7903645828125 0.48828125 0.77734375 0.4921875 0.765625 0.5009765625 0.7721354171875 0.5078125
5 0.20833333281250002 0.5478515625 0.21354166718749998 0.5458984375 0.21354166718749998 0.5419921875 0.1966145828125 0.537109375 0.1953125 0.5439453125 0.20442708281250002 0.548828125 0.20833333281250002 0.5478515625
5 0.2552083328125 0.5673828125 0.2552083328125 0.5771484375 0.2591145828125 0.580078125 0.2708333328125 0.5791015625 0.28125 0.5654296875 0.2747395828125 0.560546875 0.2643229171875 0.56640625 0.2552083328125 0.5673828125
5 0.1197916671875 0.6064453125 0.125 0.6044921875 0.12109375 0.59765625 0.1106770828125 0.59765625 0.1067708328125 0.6005859375 0.1106770828125 0.60546875 0.1197916671875 0.6064453125
5 0.1119791671875 0.6181640625 0.1158854171875 0.626953125 0.1276041671875 0.6259765625 0.1302083328125 0.6201171875 0.1263020828125 0.6171875 0.1119791671875 0.6181640625
5 0.1510416671875 0.6494140625 0.1536458328125 0.6416015625 0.1497395828125 0.638671875 0.1419270828125 0.638671875 0.1302083328125 0.6455078125 0.1419270828125 0.650390625 0.1510416671875 0.6494140625
5 0.09375 0.7099609375 0.1015625 0.7041015625 0.09505208281250001 0.697265625 0.07682291718749999 0.6953125 0.06640625 0.689453125 0.0546875 0.6904296875 0.0546875 0.6943359375 0.06640625 0.705078125 0.08723958281250001 0.7109375 0.09375 0.7099609375
5 0.06640625 0.8203125 0.0625 0.8271484375 0.0703125 0.8291015625 0.07291666718749999 0.8232421875 0.06640625 0.8203125
2 0.7057291671875 0.9013671875 0.69140625 0.892578125 0.6653645828125 0.88671875 0.6588541671875 0.8916015625 0.6484375 0.9169921875 0.6549479171875 0.921875 0.6979166671875 0.9208984375 0.7083333328125 0.9130859375 0.7057291671875 0.9013671875
2 0.24869791718749998 0.923828125 0.23958333281250002 0.9306640625 0.23958333281250002 0.9482421875 0.234375 0.9521484375 0.234375 0.9599609375 0.24088541718749998 0.962890625 0.24739583281250002 0.9619140625 0.26171875 0.9609375 0.28125 0.9501953125 0.2890625 0.9423828125 0.28515625 0.9296875 0.2669270828125 0.923828125 0.24869791718749998 0.923828125
5 0 0.9970703125 0.0013020828125 1 0.05729166718749999 0.9990234375 0.06119791718749999 0.994140625 0.06770833281250001 0.9931640625 0.06380208281250001 0.986328125 0.0481770828125 0.982421875 0.0325520828125 0.984375 0.0247395828125 0.98046875 0.01171875 0.984375 0 0.9970703125
5 0.0625 0.9697265625 0.06640625 0.974609375 0.0703125 0.9736328125 0.07552083281250001 0.9716796875 0.07161458281250001 0.96484375 0.0625 0.9697265625
5 0.07942708281250001 0.953125 0.0703125 0.9580078125 0.0703125 0.9619140625 0.07552083281250001 0.9638671875 0.08984375 0.962890625 0.09635416718749999 0.9580078125 0.08723958281250001 0.953125 0.07942708281250001 0.953125
5 0.9088541671874999 0.7236328125 0.91015625 0.7265625 0.9192708328125001 0.7255859375 0.91796875 0.720703125 0.9088541671874999 0.7236328125
5 0.9244791671874999 0.7412109375 0.9322916671874999 0.7392578125 0.9322916671874999 0.7333984375 0.92578125 0.73046875 0.9166666671874999 0.7353515625 0.9166666671874999 0.7392578125 0.9244791671874999 0.7412109375
5 0.8307291671874999 0.7314453125 0.8268229171874999 0.728515625 0.81640625 0.728515625 0.8098958328125001 0.7333984375 0.8098958328125001 0.7392578125 0.8138020828125001 0.7421875 0.8255208328125001 0.7412109375 0.8307291671874999 0.7392578125 0.8307291671874999 0.7314453125
5 0.5677083328125 0.7119140625 0.5716145828125 0.716796875 0.578125 0.7158203125 0.5833333328125 0.7138671875 0.5794270828125 0.708984375 0.5677083328125 0.7119140625
5 0.62890625 0.69921875 0.6276041671875 0.7060546875 0.6354166671875 0.7080078125 0.640625 0.7060546875 0.640625 0.7021484375 0.62890625 0.69921875
5 0.4830729171875 0.76953125 0.4791666671875 0.7783203125 0.4895833328125 0.7783203125 0.4947916671875 0.7724609375 0.4830729171875 0.76953125
5 0.5078125 0.8076171875 0.5182291671875 0.8037109375 0.5208333328125 0.7998046875 0.5169270828125 0.796875 0.51171875 0.796875 0.5052083328125 0.8017578125 0.5078125 0.8076171875
5 0.53125 0.7958984375 0.53515625 0.798828125 0.5416666671875 0.7978515625 0.546875 0.7939453125 0.54296875 0.7890625 0.53125 0.7958984375
5 0.48828125 0.79296875 0.4791666671875 0.8017578125 0.48046875 0.8046875 0.484375 0.8037109375 0.4947916671875 0.7998046875 0.4973958328125 0.7958984375 0.4934895828125 0.79296875 0.48828125 0.79296875
5 0.5546875 0.7548828125 0.5559895828125 0.759765625 0.5677083328125 0.7587890625 0.5703125 0.7548828125 0.56640625 0.751953125 0.5546875 0.7548828125
5 0.5911458328125 0.7705078125 0.5911458328125 0.7744140625 0.5989583328125 0.7763671875 0.6067708328125 0.7724609375 0.6028645828125 0.767578125 0.5911458328125 0.7705078125
5 0.5924479171875 0.833984375 0.5963541671875 0.8271484375 0.5924479171875 0.82421875 0.57421875 0.826171875 0.5403645828125 0.841796875 0.5169270828125 0.845703125 0.5026041671875 0.8564453125 0.50390625 0.859375 0.515625 0.8583984375 0.5221354171875 0.853515625 0.5403645828125 0.8515625 0.56640625 0.841796875 0.5794270828125 0.833984375 0.5924479171875 0.833984375
5 0.4947916671875 0.8662109375 0.49609375 0.87109375 0.5078125 0.8701171875 0.50390625 0.86328125 0.4947916671875 0.8662109375
5 0.4622395828125 0.892578125 0.4583333328125 0.9013671875 0.46875 0.9013671875 0.4739583328125 0.8955078125 0.4622395828125 0.892578125
5 0.20833333281250002 0.8017578125 0.20963541718749998 0.806640625 0.22135416718749998 0.8056640625 0.22265625 0.798828125 0.21223958281250002 0.798828125 0.20833333281250002 0.8017578125
5 0.23567708281250002 0.814453125 0.23177083281250002 0.8212890625 0.23958333281250002 0.8232421875 0.24479166718749998 0.8212890625 0.24479166718749998 0.8173828125 0.23567708281250002 0.814453125
5 0.1484375 0.7119140625 0.15234375 0.716796875 0.15625 0.7158203125 0.1640625 0.7099609375 0.1575520828125 0.70703125 0.1484375 0.7119140625
5 0.1067708328125 0.6982421875 0.1080729171875 0.701171875 0.1197916671875 0.7001953125 0.1223958328125 0.6962890625 0.1184895828125 0.693359375 0.1067708328125 0.6982421875
5 0.7955729171875 0 0.78125 0.0107421875 0.78515625 0.015625 0.8151041671874999 0.0146484375 0.8229166671874999 0.0087890625 0.8229166671874999 0.0048828125 0.81640625 0 0.7955729171875 0
5 0.82421875 0.025390625 0.8203125 0.0380859375 0.82421875 0.041015625 0.8411458328125001 0.0400390625 0.84375 0.0361328125 0.8411458328125001 0.0283203125 0.8372395828125001 0.025390625 0.82421875 0.025390625
5 0.5520833328125 0.0224609375 0.5598958328125 0.0185546875 0.5598958328125 0.0146484375 0.5455729171875 0.01171875 0.5390625 0.0185546875 0.5455729171875 0.0234375 0.5520833328125 0.0224609375