5 0.8372395828125001 0.623046875 0.8216145828125001 0.6171875 0.80078125 0.615234375 0.7903645828125 0.619140625 0.7708333328125 0.6357421875 0.7630208328125 0.6494140625 0.79296875 0.67578125 0.80859375 0.681640625 0.8268229171874999 0.677734375 0.8411458328125001 0.6669921875 0.8541666671874999 0.6474609375 0.8541666671874999 0.6357421875 0.8372395828125001 0.623046875
5 0.4440104171875 0.349609375 0.4375 0.3544921875 0.4322916671875 0.3681640625 0.4466145828125 0.3828125 0.4674479171875 0.3828125 0.484375 0.3720703125 0.484375 0.3564453125 0.4778645828125 0.349609375 0.4596354171875 0.34765625 0.4440104171875 0.349609375
5 0.53515625 0.697265625 0.5286458328125 0.7021484375 0.5286458328125 0.7119140625 0.55078125 0.724609375 0.55859375 0.72265625 0.5729166671875 0.7099609375 0.5611979171875 0.693359375 0.54296875 0.693359375 0.53515625 0.697265625
5 0.875 0.1103515625 0.8736979171874999 0.125 0.9049479171874999 0.125 0.9114583328125001 0.1162109375 0.9088541671874999 0.0947265625 0.8971354171874999 0.08984375 0.8893229171874999 0.091796875 0.8802083328125001 0.0986328125 0.875 0.1103515625
2 0.5630257890625 0.07495673281250001 0.6236979171875 0.076171875 0.65625 0.0615234375 0.6640625 0.0498046875 0.6640625 0.0419921875 0.6471354171875 0.03125 0.59765625 0.0234375 0.578125 0.0361328125 0.5598958328125 0.0615234375 0.5358163640625 0.0627909796875 0.5180255859375 0.0631834234375 0.514362778125 0.0729945140625 0.5237814265625 0.08202071875 0.53215355625 0.087122484375 0.5363396218750001 0.07731139375 0.546281528125 0.07731139375 0.5630257890625 0.07495673281250001
5 0.54191841875 0.4168918546875 0.5386390343749999 0.42611512500000004 0.54191841875 0.4371830515625 0.5484771890625 0.44579143749999994 0.57553211875 0.451940284375 0.5911091984375 0.44456166875 0.5968481234375 0.4347235125 0.6001275078125 0.42304070312500003 0.58373058125 0.40705369999999996 0.573892425 0.40459415937500004 0.54765734375 0.41074300781249995 0.54191841875 0.4168918546875
5 0.2760416671875 0.3583984375 0.2877604171875 0.3671875 0.3033854171875 0.369140625 0.3151041671875 0.3603515625 0.3151041671875 0.3525390625 0.30859375 0.34765625 0.2799479171875 0.345703125 0.2760416671875 0.3583984375
5 0.3216145828125 0.29296875 0.2747395828125 0.30078125 0.2682291671875 0.3056640625 0.2708333328125 0.3134765625 0.2981770828125 0.326171875 0.3059895828125 0.326171875 0.3307291671875 0.3154296875 0.3385416671875 0.2978515625 0.33203125 0.29296875 0.3216145828125 0.29296875
5 0.1731770828125 0.240234375 0.1979166671875 0.2373046875 0.19140625 0.2265625 0.1653645828125 0.216796875 0.15625 0.2177734375 0.1536458328125 0.2255859375 0.1731770828125 0.240234375
5 0.65234375 0.513671875 0.6666666671875 0.5146484375 0.6692708328125 0.5087890625 0.6627604171875 0.50390625 0.6471354171875 0.501953125 0.6458333328125 0.5087890625 0.65234375 0.513671875
5 0.6549479171875 0.591796875 0.6770833328125 0.5869140625 0.6770833328125 0.5791015625 0.66796875 0.5703125 0.6497395828125 0.5703125 0.6432291671875 0.5791015625 0.6549479171875 0.591796875
5 0.78515625 0.6015625 0.7864583328125 0.5947265625 0.76171875 0.578125 0.7578125 0.5888671875 0.7721354171875 0.599609375 0.78515625 0.6015625