5 0.26953125 0.521484375 0.2760416671875 0.5166015625 0.2760416671875 0.5068359375 0.2682291671875 0.4833984375 0.21354166718749998 0.4169921875 0.18359375 0.40625 0.1627604171875 0.40625 0.1497395828125 0.412109375 0.1432291671875 0.4208984375 0.140625 0.4384765625 0.1484375 0.4775390625 0.17578125 0.4921875 0.2513020828125 0.521484375 0.26953125 0.521484375
5 0.1158854171875 0.337890625 0.109375 0.3466796875 0.12890625 0.37890625 0.1575520828125 0.38671875 0.1705729171875 0.38671875 0.1875 0.3740234375 0.1927083328125 0.3583984375 0.1861979171875 0.353515625 0.1471354171875 0.341796875 0.1158854171875 0.337890625
5 0.5260416671875 0.1376953125 0.5169270828125 0.12890625 0.4856770828125 0.123046875 0.4778645828125 0.125 0.4661458328125 0.1376953125 0.4661458328125 0.1552734375 0.4830729171875 0.171875 0.4986979171875 0.1796875 0.5143229171875 0.1796875 0.5234375 0.1748046875 0.5286458328125 0.1552734375 0.5260416671875 0.1376953125
5 0.7109375 0.2685546875 0.7018229171875 0.26171875 0.6705729171875 0.25390625 0.6575520828125 0.2578125 0.6458333328125 0.2666015625 0.6432291671875 0.2861328125 0.6510416671875 0.2978515625 0.6653645828125 0.30859375 0.6940104171875 0.3125 0.7057291671875 0.3056640625 0.7135416671875 0.2763671875 0.7109375 0.2685546875
5 0.4140625 0.0615234375 0.4088541671875 0.0693359375 0.4088541671875 0.0849609375 0.4440104171875 0.099609375 0.4700520828125 0.095703125 0.4869791671875 0.0810546875 0.484375 0.0693359375 0.4622395828125 0.056640625 0.42578125 0.0546875 0.4140625 0.0615234375
5 0.4895833328125 0.0751953125 0.4778645828125 0.0625 0.44140625 0.052734375 0.4205729171875 0.0546875 0.38671875 0.07421875 0.3802083328125 0.0791015625 0.3802083328125 0.0869140625 0.39453125 0.09765625 0.4622395828125 0.099609375 0.4830729171875 0.09375 0.4895833328125 0.0869140625 0.4895833328125 0.0751953125
5 0.3020833328125 0.4423828125 0.3138020828125 0.451171875 0.3216145828125 0.451171875 0.3307291671875 0.4423828125 0.3307291671875 0.4365234375 0.3190104171875 0.427734375 0.30859375 0.4296875 0.3020833328125 0.4345703125 0.3020833328125 0.4423828125
5 0.3854166671875 0.5283203125 0.39453125 0.53515625 0.4049479171875 0.537109375 0.4140625 0.5302734375 0.4140625 0.5205078125 0.40234375 0.513671875 0.38671875 0.513671875 0.3828125 0.5166015625 0.3854166671875 0.5283203125
5 0.2994791671875 0.5634765625 0.3111979171875 0.576171875 0.3216145828125 0.576171875 0.3333333328125 0.5673828125 0.3333333328125 0.5556640625 0.3216145828125 0.548828125 0.30859375 0.548828125 0.2994791671875 0.5556640625 0.2994791671875 0.5634765625
5 0.4557291671875 0.5341796875 0.453125 0.5244140625 0.4401041671875 0.5205078125 0.4401041671875 0.5322265625 0.4518229171875 0.537109375 0.4557291671875 0.5341796875
5 0.0494791671875 0.3056640625 0.046875 0.2841796875 0.0377604171875 0.2734375 0.0221354171875 0.271484375 0.0234375 0.2978515625 0.03515625 0.30859375 0.0455729171875 0.30859375 0.0494791671875 0.3056640625
5 0.0364583328125 0.3134765625 0.03125 0.3232421875 0.0377604171875 0.330078125 0.0481770828125 0.330078125 0.05989583281250001 0.3212890625 0.05598958281250001 0.314453125 0.0364583328125 0.3134765625
5 0.7760416671875 0.6884765625 0.7760416671875 0.6748046875 0.7708333328125 0.6669921875 0.7513020828125 0.65625 0.7200520828125 0.654296875 0.7161458328125 0.6572265625 0.7161458328125 0.6806640625 0.7291666671875 0.7001953125 0.7356770828125 0.705078125 0.7434895828125 0.705078125 0.7643229171875 0.69921875 0.7760416671875 0.6884765625
5 0.7526041671875 0.8115234375 0.7395833328125 0.8681640625 0.7513020828125 0.875 0.7643229171875 0.875 0.7981770828125 0.8671875 0.8046875 0.8603515625 0.8046875 0.8525390625 0.7890625 0.8134765625 0.7747395828125 0.8046875 0.7526041671875 0.8115234375
5 0.8138020828125001 0.791015625 0.8411458328125001 0.7880859375 0.8059895828125001 0.783203125 0.8046875 0.7861328125 0.8138020828125001 0.791015625
5 0.69140625 0.77734375 0.76953125 0.78515625 0.7916666671875 0.7841796875 0.7916666671875 0.7802734375 0.78515625 0.77734375 0.7044270828125 0.759765625 0.68359375 0.759765625 0.6770833328125 0.7685546875 0.69140625 0.77734375
5 0.3450520828125 0.9453125 0.37890625 0.9453125 0.3958333328125 0.9345703125 0.3880208328125 0.9169921875 0.3684895828125 0.908203125 0.33984375 0.904296875 0.3229166671875 0.9111328125 0.3203125 0.9267578125 0.3450520828125 0.9453125
5 0.3344605421875 0.9507006015625 0.30236349375 0.9465140296874999 0.285152034375 0.9573293390625001 0.284221684375 0.9831465296875 0.2930600015625 0.9901241484375 0.31073663749999997 0.9977995296875 0.32934362031250003 0.9967528874999999 0.3451595578125 0.9908219109375 0.3521371765625 0.9793088390625 0.350741653125 0.963958078125 0.3344605421875 0.9507006015625
5 0.1627604171875 0.818359375 0.1263020828125 0.81640625 0.1145833328125 0.8232421875 0.1119791671875 0.8408203125 0.1197916671875 0.8544921875 0.1315104171875 0.86328125 0.1497395828125 0.869140625 0.1705729171875 0.865234375 0.1822916671875 0.8583984375 0.1875 0.8408203125 0.1627604171875 0.818359375
5 0.1171875 0.8994140625 0.11328125 0.888671875 0.09765625 0.88671875 0.09375 0.8896484375 0.09114583281250001 0.8955078125 0.09765625 0.904296875 0.1106770828125 0.904296875 0.1171875 0.8994140625
5 0.1321095890625 0.9220923624999999 0.10931603281249999 0.9147658625 0.0944304453125 0.925581171875 0.08652247656249999 0.941629696875 0.0986170171875 0.9507006015625 0.11582847656249999 0.95244500625 0.1236979171875 0.94921875 0.1269926671875 0.9468629109375 0.1302083328125 0.9443359375 0.1354166671875 0.9365234375 0.1321095890625 0.9220923624999999
5 0.1269926671875 0.978262196875 0.14187825468749998 0.985588696875 0.1549479171875 0.984375 0.171875 0.9736328125 0.1705729171875 0.962890625 0.151646921875 0.9468629109375 0.1335051125 0.952096125 0.12373644531250001 0.9650047203125001 0.1269926671875 0.978262196875
5 0 0.8759765625 0.01171875 0.8828125 0.0221354171875 0.8828125 0.0364583328125 0.8701171875 0.0338541671875 0.8603515625 0.01953125 0.8515625 0.006510417187500001 0.8515625 0 0.8564453125 0 0.8759765625
5 0.2265625 0.5830078125 0.21744791718749998 0.57421875 0.20703125 0.57421875 0.203125 0.5869140625 0.21484375 0.591796875 0.2265625 0.5830078125
5 0.21354166718749998 0.6123046875 0.20963541718749998 0.607421875 0.20182291718749998 0.607421875 0.20442708281250002 0.615234375 0.21354166718749998 0.6123046875
5 0.4049479171875 0.62890625 0.4088541671875 0.6201171875 0.3971354171875 0.6171875 0.3932291671875 0.6220703125 0.3997395828125 0.62890625 0.4049479171875 0.62890625
5 0.2981770828125 0.638671875 0.2942708328125 0.6513671875 0.2981770828125 0.65625 0.30859375 0.65625 0.3151041671875 0.6494140625 0.3151041671875 0.6416015625 0.2981770828125 0.638671875
5 0.6315104171875 0.767578125 0.625 0.7724609375 0.625 0.7841796875 0.63671875 0.79296875 0.6458333328125 0.7802734375 0.6458333328125 0.7705078125 0.6315104171875 0.767578125
5 0.81640625 0.888671875 0.7591145828125 0.89453125 0.7526041671875 0.8994140625 0.75 0.9052734375 0.7630208328125 0.9248046875 0.79296875 0.943359375 0.8059895828125001 0.943359375 0.8450520828125001 0.93359375 0.859375 0.9248046875 0.8489583328125001 0.9052734375 0.81640625 0.888671875
5 0.75 0.4482421875 0.76171875 0.451171875 0.7747395828125 0.447265625 0.78125 0.4423828125 0.7786458328125 0.4326171875 0.76953125 0.42578125 0.75390625 0.423828125 0.7447916671875 0.4306640625 0.75 0.4482421875
5 0.8502604171874999 0.416015625 0.8515625 0.4052734375 0.8450520828125001 0.400390625 0.8346354171874999 0.400390625 0.8307291671874999 0.4033203125 0.8333333328125001 0.4130859375 0.83984375 0.41796875 0.8502604171874999 0.416015625
5 0.9309895828125001 0.4765625 0.9322916671874999 0.4677734375 0.9205729171874999 0.462890625 0.9140625 0.4716796875 0.9309895828125001 0.4765625
5 0.8697916671874999 0.3623046875 0.8736979171874999 0.3671875 0.8841145828125001 0.369140625 0.8932291671874999 0.3642578125 0.8932291671874999 0.3583984375 0.88671875 0.3515625 0.8763020828125001 0.3515625 0.8697916671874999 0.3564453125 0.8697916671874999 0.3623046875
5 0.7994791671875 0.3486328125 0.79296875 0.34375 0.7838541671875 0.3466796875 0.78125 0.3583984375 0.7955729171875 0.361328125 0.7994791671875 0.3486328125
5 0.28125 0.1376953125 0.2903645828125 0.14453125 0.3033854171875 0.146484375 0.3125 0.1396484375 0.3098958328125 0.1240234375 0.30078125 0.115234375 0.2877604171875 0.12109375 0.28125 0.1259765625 0.28125 0.1376953125
5 0.22395833281250002 0.0830078125 0.21223958281250002 0.07421875 0.20052083281250002 0.0771484375 0.1979166671875 0.0849609375 0.20963541718749998 0.091796875 0.22395833281250002 0.0830078125
5 0.09635416718749999 0.0185546875 0.1080729171875 0.02734375 0.12109375 0.029296875 0.1276041671875 0.0244140625 0.1223958328125 0.0107421875 0.11328125 0.005859375 0.1028645828125 0.005859375 0.09635416718749999 0.0107421875 0.09635416718749999 0.0185546875
5 0.32421875 0.064453125 0.328125 0.0556640625 0.31640625 0.05078125 0.3098958328125 0.0556640625 0.3098958328125 0.0615234375 0.32421875 0.064453125
5 0.24479166718749998 0.4111328125 0.2421875 0.4345703125 0.2513020828125 0.443359375 0.265625 0.4326171875 0.2708333328125 0.4169921875 0.25390625 0.40625 0.24479166718749998 0.4111328125
5 0.31161815000000004 0.0773616484375 0.30021748593750003 0.0781759828125 0.29261704375 0.08550497968750001 0.294245709375 0.08998381250000001 0.30781792812500003 0.09446264531250001 0.323561703125 0.08835514531250001 0.3219330359375 0.08061898125 0.31161815000000004 0.0773616484375