5 0.765625 0.1787109375 0.75390625 0.169921875 0.7356770828125 0.171875 0.7291666671875 0.1787109375 0.734375 0.1982421875 0.75390625 0.2109375 0.765625 0.2099609375 0.7682291671875 0.2060546875 0.765625 0.1787109375
5 0.9661458328125001 0.2548828125 0.9739583328125001 0.2509765625 0.9791666671874999 0.2431640625 0.9791666671874999 0.2294921875 0.97265625 0.224609375 0.9544270828125001 0.224609375 0.9453125 0.2353515625 0.9479166671874999 0.2509765625 0.9544270828125001 0.255859375 0.9661458328125001 0.2548828125
5 0.7265625 0.7607421875 0.7122395828125 0.75390625 0.6966145828125 0.755859375 0.6901041671875 0.7626953125 0.6901041671875 0.7763671875 0.69921875 0.783203125 0.71875 0.7822265625 0.7265625 0.7744140625 0.7265625 0.7607421875
5 0.4921875 0.2978515625 0.4921875 0.3056640625 0.5013020828125 0.310546875 0.5104166671875 0.3095703125 0.515625 0.2978515625 0.5065104171875 0.29296875 0.4986979171875 0.29296875 0.4921875 0.2978515625
5 0.23177083281250002 0.1650390625 0.22526041718749998 0.154296875 0.20442708281250002 0.162109375 0.1979166671875 0.1728515625 0.1979166671875 0.1787109375 0.20703125 0.185546875 0.21614583281250002 0.1845703125 0.2265625 0.1767578125 0.23177083281250002 0.1650390625
5 0.546875 0.4365234375 0.5338541671875 0.4248046875 0.515625 0.3935546875 0.5091145828125 0.388671875 0.4934895828125 0.388671875 0.484375 0.3935546875 0.4869791671875 0.4072265625 0.4973958328125 0.4169921875 0.4895833328125 0.4384765625 0.4921875 0.4521484375 0.515625 0.4892578125 0.5221354171875 0.494140625 0.5390625 0.4951171875 0.546875 0.4912109375 0.5494791671875 0.4716796875 0.546875 0.4365234375
5 0.03125 0.2763671875 0.0247395828125 0.26953125 0.01171875 0.267578125 0.0052083328125 0.2783203125 0.0078125 0.2841796875 0.01953125 0.291015625 0.0260416671875 0.2900390625 0.03125 0.2880859375 0.03125 0.2763671875
5 0.5677083328125 0.2529296875 0.55859375 0.244140625 0.5455729171875 0.2421875 0.5364583328125 0.2470703125 0.5364583328125 0.2607421875 0.5455729171875 0.26953125 0.5572916671875 0.2685546875 0.5625 0.2666015625 0.5677083328125 0.2529296875
5 0.24479166718749998 0.1435546875 0.26171875 0.13671875 0.28125 0.1220703125 0.2864583328125 0.1083984375 0.2799479171875 0.103515625 0.26171875 0.099609375 0.23958333281250002 0.1142578125 0.22916666718749998 0.1376953125 0.23567708281250002 0.142578125 0.24479166718749998 0.1435546875
5 0.5286458328125 0.3583984375 0.5390625 0.3447265625 0.53515625 0.333984375 0.5221354171875 0.337890625 0.5130208328125 0.3486328125 0.5169270828125 0.359375 0.5286458328125 0.3583984375
5 0.1666666671875 0.3251953125 0.1692708328125 0.3134765625 0.16015625 0.30859375 0.1510416671875 0.3154296875 0.1510416671875 0.3212890625 0.1575520828125 0.326171875 0.1666666671875 0.3251953125
5 0.88671875 0.365234375 0.8802083328125001 0.3720703125 0.88671875 0.380859375 0.8958333328125001 0.3798828125 0.9010416671874999 0.3759765625 0.9010416671874999 0.3701171875 0.89453125 0.365234375 0.88671875 0.365234375
5 0.5885416671875 0.4443359375 0.5859375 0.4541015625 0.5924479171875 0.4609375 0.5989583328125 0.4599609375 0.6041666671875 0.4541015625 0.6041666671875 0.4462890625 0.5950520828125 0.44140625 0.5885416671875 0.4443359375
5 0.8385416671874999 0.4794921875 0.8385416671874999 0.4873046875 0.8424479171874999 0.4921875 0.8515625 0.4931640625 0.8567708328125001 0.4892578125 0.8567708328125001 0.4775390625 0.8450520828125001 0.474609375 0.8385416671874999 0.4794921875
5 0.6901041671875 0.2626953125 0.6979166671875 0.2509765625 0.6927083328125 0.2431640625 0.68359375 0.240234375 0.6770833328125 0.2548828125 0.68359375 0.263671875 0.6901041671875 0.2626953125
5 0.2265625 0.4111328125 0.2265625 0.4189453125 0.23307291718749998 0.427734375 0.2421875 0.4267578125 0.24739583281250002 0.4228515625 0.24739583281250002 0.4111328125 0.23828125 0.404296875 0.2265625 0.4111328125
5 0.5885416671875 0.2783203125 0.5924479171875 0.28515625 0.5989583328125 0.2841796875 0.6015625 0.2705078125 0.5924479171875 0.26953125 0.5885416671875 0.2783203125
5 0.21354166718749998 0.7451171875 0.20703125 0.740234375 0.1966145828125 0.740234375 0.1901041671875 0.7451171875 0.1901041671875 0.7548828125 0.20182291718749998 0.763671875 0.21354166718749998 0.7626953125 0.21875 0.7568359375 0.21354166718749998 0.7451171875
5 0.9453125 0.3193359375 0.9479166671874999 0.3115234375 0.9388020828125001 0.3046875 0.9322916671874999 0.3095703125 0.9322916671874999 0.3154296875 0.9361979171874999 0.3203125 0.9453125 0.3193359375
5 0.5989583328125 0.3173828125 0.6067708328125 0.3154296875 0.6067708328125 0.3076171875 0.5989583328125 0.2978515625 0.58984375 0.291015625 0.5846354171875 0.291015625 0.578125 0.2958984375 0.578125 0.3037109375 0.5924479171875 0.31640625 0.5989583328125 0.3173828125
5 0.3111979171875 0.1328125 0.29296875 0.126953125 0.2864583328125 0.1279296875 0.2838541671875 0.1357421875 0.2903645828125 0.142578125 0.2981770828125 0.146484375 0.3151041671875 0.1455078125 0.3151041671875 0.1357421875 0.3111979171875 0.1328125
5 0.7760416671875 0.2646484375 0.7669270828125 0.24609375 0.7513020828125 0.25 0.7421875 0.2607421875 0.7473958328125 0.2724609375 0.7565104171875 0.279296875 0.7708333328125 0.2783203125 0.7760416671875 0.2724609375 0.7760416671875 0.2646484375
5 0.7643229171875 0.94140625 0.7513020828125 0.94140625 0.7369791671875 0.9521484375 0.734375 0.9580078125 0.7369791671875 0.9677734375 0.74609375 0.974609375 0.7526041671875 0.9755859375 0.7734375 0.9560546875 0.7643229171875 0.94140625
5 0.24479166718749998 0.0517578125 0.24739583281250002 0.0380859375 0.23828125 0.03515625 0.23177083281250002 0.0400390625 0.23177083281250002 0.0498046875 0.23567708281250002 0.052734375 0.24479166718749998 0.0517578125
5 0.7473958328125 0.1259765625 0.75 0.1357421875 0.75390625 0.138671875 0.7630208328125 0.1376953125 0.765625 0.1259765625 0.76171875 0.123046875 0.7513020828125 0.123046875 0.7473958328125 0.1259765625
5 0.3489583328125 0.0654296875 0.3541666671875 0.0615234375 0.3541666671875 0.0556640625 0.33203125 0.05078125 0.3307291671875 0.0615234375 0.33984375 0.06640625 0.3489583328125 0.0654296875
5 0.3828125 0.2900390625 0.3880208328125 0.2861328125 0.3880208328125 0.2802734375 0.3763020828125 0.27734375 0.375 0.2861328125 0.37890625 0.291015625 0.3828125 0.2900390625
5 0.3333333328125 0.3447265625 0.3359375 0.3388671875 0.3255208328125 0.3271484375 0.3203125 0.3115234375 0.30859375 0.302734375 0.2942708328125 0.3134765625 0.2942708328125 0.3193359375 0.3190104171875 0.341796875 0.3268229171875 0.345703125 0.3333333328125 0.3447265625
5 0.4453125 0.2509765625 0.4453125 0.2587890625 0.44921875 0.26171875 0.4583333328125 0.2607421875 0.4635416671875 0.2529296875 0.45703125 0.248046875 0.44921875 0.248046875 0.4453125 0.2509765625
5 0.2734375 0.0205078125 0.2734375 0.0302734375 0.27734375 0.033203125 0.2838541671875 0.0322265625 0.2890625 0.0283203125 0.2890625 0.0185546875 0.27734375 0.017578125 0.2734375 0.0205078125
5 0.890625 0.2451171875 0.8932291671874999 0.2529296875 0.8997395828125001 0.2578125 0.9036458328125001 0.2568359375 0.9088541671874999 0.2548828125 0.9088541671874999 0.2392578125 0.8971354171874999 0.236328125 0.890625 0.2451171875
5 0.3359375 0.1826171875 0.33984375 0.185546875 0.3463541671875 0.1845703125 0.3489583328125 0.1767578125 0.33984375 0.173828125 0.3359375 0.1826171875
5 0.1197916671875 0.0244140625 0.1106770828125 0.015625 0.09765625 0.015625 0.09114583281250001 0.0205078125 0.09114583281250001 0.0361328125 0.09765625 0.04296875 0.1119791671875 0.0439453125 0.1171875 0.0400390625 0.1197916671875 0.0244140625
5 0.2552083328125 0.0185546875 0.2526041671875 0.0009765625 0.21744791718749998 0 0.21354166718749998 0.0068359375 0.21614583281250002 0.0205078125 0.22526041718749998 0.02734375 0.23697916718749998 0.0283203125 0.24869791718749998 0.025390625 0.2552083328125 0.0185546875
5 0.59375 0.1533203125 0.59375 0.1611328125 0.59765625 0.1640625 0.609375 0.1630859375 0.6119791671875 0.1533203125 0.60546875 0.1484375 0.6002604171875 0.1484375 0.59375 0.1533203125
5 0.1276041671875 0.4580078125 0.1236979171875 0.451171875 0.1119791671875 0.4560546875 0.1119791671875 0.4638671875 0.1067708328125 0.4697265625 0.1067708328125 0.4736328125 0.1119791671875 0.4755859375 0.125 0.4658203125 0.1276041671875 0.4580078125
5 0.6875 0.8115234375 0.6848958328125 0.8212890625 0.69921875 0.83984375 0.7135416671875 0.8408203125 0.7239583328125 0.8193359375 0.71484375 0.810546875 0.69921875 0.806640625 0.6875 0.8115234375
5 0.24739583281250002 0.3232421875 0.23046875 0.310546875 0.21744791718749998 0.306640625 0.21354166718749998 0.3154296875 0.22916666718749998 0.3271484375 0.23177083281250002 0.3388671875 0.24479166718749998 0.3388671875 0.25 0.3349609375 0.24739583281250002 0.3232421875
5 0.21875 0.5400390625 0.23177083281250002 0.5283203125 0.22786458281250002 0.517578125 0.22005208281250002 0.517578125 0.2109375 0.5283203125 0.2109375 0.5380859375 0.21875 0.5400390625
5 1 0.5322265625 0.9908854171874999 0.529296875 0.984375 0.5341796875 0.984375 0.5419921875 0.9908854171874999 0.546875 1 0.5458984375 1 0.5322265625
5 0.96484375 0.482421875 0.9609375 0.4912109375 0.9713541671874999 0.4951171875 0.9765625 0.4853515625 0.96484375 0.482421875
5 0.71875 0.2646484375 0.71875 0.2705078125 0.7252604171875 0.275390625 0.7369791671875 0.2744140625 0.7395833328125 0.2685546875 0.7369791671875 0.2626953125 0.7252604171875 0.259765625 0.71875 0.2646484375
5 0.1953125 0.6044921875 0.20182291718749998 0.609375 0.20572916718749998 0.6083984375 0.20833333281250002 0.6005859375 0.19921875 0.59765625 0.1953125 0.6044921875
5 0 0.5888671875 0.0078125 0.5908203125 0.015625 0.5849609375 0.009114582812499999 0.576171875 0 0.5791015625 0 0.5888671875
5 0.9114583328125001 0.1435546875 0.9140625 0.1533203125 0.9205729171874999 0.158203125 0.9296875 0.1591796875 0.9401041671874999 0.1455078125 0.9309895828125001 0.138671875 0.91796875 0.13671875 0.9114583328125001 0.1435546875
5 0.1510416671875 0.3134765625 0.1510416671875 0.3212890625 0.1575520828125 0.328125 0.1640625 0.3271484375 0.1692708328125 0.3232421875 0.1692708328125 0.3154296875 0.16015625 0.30859375 0.1510416671875 0.3134765625
5 0.9322916671874999 0.3095703125 0.9322916671874999 0.3154296875 0.9361979171874999 0.3203125 0.9453125 0.3193359375 0.9479166671874999 0.3134765625 0.9453125 0.3076171875 0.9388020828125001 0.3046875 0.9322916671874999 0.3095703125
5 0.014322917187500001 0.400390625 0.013020832812499999 0.4150390625 0.0221354171875 0.419921875 0.0260416671875 0.4189453125 0.03125 0.4150390625 0.03125 0.4091796875 0.0221354171875 0.400390625 0.014322917187500001 0.400390625
5 0.3932291671875 0.1611328125 0.3932291671875 0.1728515625 0.3971354171875 0.17578125 0.4036458328125 0.1748046875 0.4088541671875 0.1650390625 0.4049479171875 0.16015625 0.3971354171875 0.158203125 0.3932291671875 0.1611328125
5 0.390625 0.3408203125 0.3919270828125 0.345703125 0.4010416671875 0.3447265625 0.3997395828125 0.337890625 0.390625 0.3408203125
2 0.4856770828125 0.154296875 0.4921875 0.1474609375 0.4921875 0.1279296875 0.484375 0.1123046875 0.484375 0.1005859375 0.4921875 0.0908203125 0.4921875 0.0791015625 0.4778645828125 0.072265625 0.46484375 0.0703125 0.4635416671875 0.0634765625 0.4518229171875 0.060546875 0.453125 0.0849609375 0.4322916671875 0.1064453125 0.4322916671875 0.1298828125 0.4375 0.1416015625 0.4466145828125 0.150390625 0.4739583328125 0.1572265625 0.4856770828125 0.154296875
5 0.8098958328125001 0.0439453125 0.8059895828125001 0.041015625 0.7877604171875 0.0390625 0.7786458328125 0.0458984375 0.78125 0.0537109375 0.79296875 0.0625 0.8072916671874999 0.0615234375 0.8125 0.0517578125 0.8098958328125001 0.0439453125
5 0.3111979171875 0.044921875 0.3072916671875 0.0537109375 0.3177083328125 0.0556640625 0.3255208328125 0.0537109375 0.3255208328125 0.0478515625 0.3111979171875 0.044921875
5 0.6640625 0.9189453125 0.66796875 0.921875 0.6744791671875 0.9208984375 0.6770833328125 0.9130859375 0.6653645828125 0.91015625 0.6640625 0.9189453125
5 0.09114583281250001 0.6806640625 0.09375 0.6865234375 0.1002604171875 0.69140625 0.109375 0.6904296875 0.1145833328125 0.6806640625 0.10546875 0.673828125 0.09505208281250001 0.67578125 0.09114583281250001 0.6806640625
5 0.9739583328125001 0.4931640625 0.9765625 0.4833984375 0.96484375 0.48046875 0.9583333328125001 0.4873046875 0.9609375 0.4912109375 0.96484375 0.494140625 0.9739583328125001 0.4931640625
5 0.2916666671875 0.0263671875 0.2942708328125 0.0126953125 0.28515625 0.01171875 0.28125 0.0146484375 0.28125 0.0224609375 0.2877604171875 0.02734375 0.2916666671875 0.0263671875
5 0.796875 0.4755859375 0.80078125 0.478515625 0.8072916671874999 0.4775390625 0.8098958328125001 0.4697265625 0.80078125 0.466796875 0.796875 0.4755859375
5 0.60546875 0.482421875 0.6067708328125 0.5009765625 0.61328125 0.505859375 0.6197916671875 0.5048828125 0.6223958328125 0.5009765625 0.6197916671875 0.4892578125 0.6106770828125 0.482421875 0.60546875 0.482421875
5 0.1458333328125 0.5595703125 0.1536458328125 0.5556640625 0.15234375 0.544921875 0.1419270828125 0.546875 0.1328125 0.5556640625 0.13671875 0.560546875 0.1458333328125 0.5595703125
5 0.8997395828125001 0.4765625 0.8958333328125001 0.4853515625 0.9036458328125001 0.4873046875 0.9088541671874999 0.4794921875 0.8997395828125001 0.4765625
5 0.4361979171875 0.36328125 0.4348958328125 0.3701171875 0.4427083328125 0.3701171875 0.4427083328125 0.3642578125 0.4361979171875 0.36328125
5 0.8515625 0.1396484375 0.8541666671874999 0.1455078125 0.8580729171874999 0.1484375 0.8697916671874999 0.1474609375 0.8723958328125001 0.1376953125 0.8658854171874999 0.1328125 0.85546875 0.134765625 0.8515625 0.1396484375
5 0.6171875 0.4873046875 0.6106770828125 0.482421875 0.60546875 0.482421875 0.6015625 0.4873046875 0.6067708328125 0.5009765625 0.6106770828125 0.50390625 0.6197916671875 0.5029296875 0.6223958328125 0.4951171875 0.6171875 0.4873046875
5 0.24739583281250002 0.9365234375 0.25 0.9267578125 0.24088541718749998 0.923828125 0.23697916718749998 0.9267578125 0.23697916718749998 0.9345703125 0.24088541718749998 0.9375 0.24739583281250002 0.9365234375
5 0.7994791671875 0.2294921875 0.8059895828125001 0.236328125 0.8098958328125001 0.2353515625 0.8151041671874999 0.2275390625 0.8059895828125001 0.22265625 0.7994791671875 0.2294921875
5 0.7825520828125 0.00390625 0.7786458328125 0.0126953125 0.7864583328125 0.0146484375 0.7916666671875 0.0068359375 0.7825520828125 0.00390625
2 0.8385416671874999 0.0126953125 0.8333333328125001 0.0263671875 0.8359375 0.0439453125 0.8489583328125001 0.0576171875 0.8463541671874999 0.0712890625 0.8502604171874999 0.07421875 0.859375 0.0732421875 0.8697916671874999 0.0595703125 0.8697916671874999 0.0341796875 0.8619791671874999 0.0185546875 0.8619791671874999 0.0009765625 0.85546875 0 0.8385416671874999 0.0126953125
2 0.92578125 0.15234375 0.9192708328125001 0.1494140625 0.9153645828125001 0.140625 0.9166666671874999 0.1533203125 0.9270833328125001 0.1572265625 0.9348958328125001 0.1533203125 0.9375 0.1435546875 0.93359375 0.140625 0.9231770828125001 0.142578125 0.9296875 0.1455078125 0.9296875 0.1513671875 0.92578125 0.15234375
2 1 0.0869140625 0.99609375 0.080078125 0.9947916671874999 0.0849609375 0.98046875 0.091796875 0.9700520828125001 0.091796875 0.94921875 0.09765625 0.9440104171874999 0.095703125 0.921875 0.1044921875 0.9140625 0.1259765625 0.9205729171874999 0.134765625 0.9348958328125001 0.1357421875 0.95703125 0.1171875 0.9752604171874999 0.119140625 0.9830729171874999 0.123046875 0.99609375 0.123046875 1 0.1201171875 1 0.0869140625
5 0.2981770828125 0.10546875 0.2942708328125 0.1142578125 0.3020833328125 0.1162109375 0.3072916671875 0.1123046875 0.2981770828125 0.10546875
5 0.2838541671875 0.0849609375 0.2864583328125 0.0810546875 0.2838541671875 0.0751953125 0.2799479171875 0.072265625 0.2721354171875 0.07421875 0.2734375 0.0849609375 0.2838541671875 0.0849609375
5 0.9192708328125001 0.0283203125 0.9192708328125001 0.0380859375 0.9283854171874999 0.044921875 0.9375 0.0439453125 0.9401041671874999 0.0302734375 0.93359375 0.025390625 0.9231770828125001 0.025390625 0.9192708328125001 0.0283203125
5 0.7161458328125 0.8564453125 0.7213541671875 0.8525390625 0.7213541671875 0.8466796875 0.71484375 0.841796875 0.7018229171875 0.83984375 0.7005208328125 0.8486328125 0.7161458328125 0.8564453125
5 0.35546875 0.212890625 0.3489583328125 0.2177734375 0.3567708328125 0.2236328125 0.359375 0.2158203125 0.35546875 0.212890625
5 0.8723958328125001 0.1376953125 0.8658854171874999 0.1328125 0.8580729171874999 0.1328125 0.8541666671874999 0.1357421875 0.8541666671874999 0.1455078125 0.8580729171874999 0.1484375 0.8671875 0.1474609375 0.8723958328125001 0.1435546875 0.8723958328125001 0.1376953125
5 0.1796875 0.4873046875 0.18359375 0.490234375 0.1901041671875 0.4892578125 0.1927083328125 0.4853515625 0.18359375 0.478515625 0.1796875 0.4873046875
5 0.9270833328125001 0.9580078125 0.9296875 0.9443359375 0.9205729171874999 0.939453125 0.9114583328125001 0.9462890625 0.9114583328125001 0.9560546875 0.9153645828125001 0.958984375 0.9270833328125001 0.9580078125
5 0.1354166671875 0.1669921875 0.13671875 0.171875 0.1484375 0.1728515625 0.1510416671875 0.1689453125 0.1471354171875 0.1640625 0.1354166671875 0.1669921875
5 0.6341145828125 0.802734375 0.6145833328125 0.8134765625 0.6067708328125 0.8271484375 0.6067708328125 0.8388671875 0.6236979171875 0.857421875 0.6341145828125 0.861328125 0.6510416671875 0.8603515625 0.6666666671875 0.8486328125 0.6692708328125 0.8251953125 0.6666666671875 0.8173828125 0.6549479171875 0.806640625 0.64453125 0.802734375 0.6341145828125 0.802734375
5 0.08072916718749999 0.8505859375 0.09244791718749999 0.857421875 0.1041666671875 0.8564453125 0.11328125 0.853515625 0.1197916671875 0.8466796875 0.1197916671875 0.8388671875 0.1145833328125 0.8310546875 0.10546875 0.826171875 0.07942708281250001 0.828125 0.07552083281250001 0.8388671875 0.08072916718749999 0.8505859375
5 0.1328125 0.8896484375 0.1328125 0.8974609375 0.13671875 0.900390625 0.1484375 0.8994140625 0.1510416671875 0.8955078125 0.1484375 0.8896484375 0.13671875 0.88671875 0.1328125 0.8896484375
5 0.0546875 0.9404296875 0.0546875 0.9462890625 0.06119791718749999 0.951171875 0.07291666718749999 0.9501953125 0.07552083281250001 0.9384765625 0.07161458281250001 0.935546875 0.06119791718749999 0.935546875 0.0546875 0.9404296875
5 0.1302083328125 0.9990234375 0.1328125 0.9912109375 0.1263020828125 0.986328125 0.12109375 0.986328125 0.1171875 0.9912109375 0.1197916671875 0.9990234375 0.1302083328125 0.9990234375
5 0.3125 0.7373046875 0.33203125 0.74609375 0.34375 0.7451171875 0.359375 0.7392578125 0.3697916671875 0.7177734375 0.359375 0.7060546875 0.34765625 0.701171875 0.3111979171875 0.705078125 0.3072916671875 0.7099609375 0.3072916671875 0.7275390625 0.3125 0.7373046875
5 0.3619791671875 0.4794921875 0.3619791671875 0.4912109375 0.3658854171875 0.494140625 0.3723958328125 0.4931640625 0.3776041671875 0.4892578125 0.3776041671875 0.4833984375 0.3658854171875 0.474609375 0.3619791671875 0.4794921875
5 0.390625 0.5537109375 0.390625 0.5615234375 0.3984375 0.5634765625 0.4036458328125 0.5556640625 0.39453125 0.55078125 0.390625 0.5537109375
5 0.7552083328125 0.5908203125 0.76171875 0.595703125 0.7682291671875 0.5947265625 0.7734375 0.5927734375 0.7760416671875 0.5830078125 0.7838541671875 0.5771484375 0.7747395828125 0.568359375 0.7682291671875 0.5712890625 0.7682291671875 0.5791015625 0.7604166671875 0.5830078125 0.7552083328125 0.5908203125
5 0.7669270828125 0.5234375 0.76171875 0.5234375 0.7604166671875 0.5263671875 0.7682291671875 0.5322265625 0.7734375 0.5439453125 0.7825520828125 0.55078125 0.7864583328125 0.5498046875 0.7890625 0.5400390625 0.7669270828125 0.5234375
5 0.7421875 0.4267578125 0.7447916671875 0.4228515625 0.7356770828125 0.416015625 0.7265625 0.4169921875 0.7265625 0.4228515625 0.7330729171875 0.427734375 0.7421875 0.4267578125
5 0.6953125 0.9013671875 0.69140625 0.89453125 0.6875 0.9013671875 0.6953125 0.9013671875
2 0.8880208328125001 0.1025390625 0.89453125 0.107421875 0.9205729171874999 0.107421875 0.9283854171874999 0.1015625 0.9466145828125001 0.099609375 0.9622395828125001 0.111328125 0.96875 0.1103515625 0.9713541671874999 0.1083984375 0.96875 0.1025390625 0.9778645828125001 0.09765625 0.9830729171874999 0.099609375 0.9869791671874999 0.0927734375 0.9973958328125001 0.0869140625 1 0.0732421875 0.99609375 0.06640625 0.9830729171874999 0.0703125 0.9596354171874999 0.0703125 0.9544270828125001 0.06640625 0.9075520828125001 0.068359375 0.8919270828125001 0.0625 0.8815104171874999 0.0625 0.8776041671874999 0.0654296875 0.8776041671874999 0.0732421875 0.8854166671874999 0.0791015625 0.8880208328125001 0.1025390625
2 0.08203125 0.115234375 0.10546875 0.115234375 0.1158854171875 0.111328125 0.1302083328125 0.1005859375 0.1354166671875 0.0888671875 0.1315104171875 0.0859375 0.12109375 0.087890625 0.1080729171875 0.099609375 0.07421875 0.10546875 0.04296875 0.103515625 0.03125 0.1083984375 0.0286458328125 0.1201171875 0.0325520828125 0.123046875 0.0455729171875 0.126953125 0.06770833281250001 0.1259765625 0.07682291718749999 0.123046875 0.08203125 0.115234375
5 0.5625 0.4560546875 0.5677083328125 0.4521484375 0.5677083328125 0.4462890625 0.5559895828125 0.443359375 0.5520833328125 0.4501953125 0.55859375 0.45703125 0.5625 0.4560546875
5 0.640625 0.1572265625 0.640625 0.1494140625 0.6341145828125 0.146484375 0.6276041671875 0.1513671875 0.6276041671875 0.1552734375 0.6315104171875 0.158203125 0.640625 0.1572265625
2 0.4895833328125 0.1240234375 0.5065104171875 0.134765625 0.5208333328125 0.1337890625 0.5377604171875 0.125 0.54296875 0.12890625 0.5494791671875 0.1240234375 0.5494791671875 0.1162109375 0.52734375 0.103515625 0.4908854171875 0.099609375 0.484375 0.1064453125 0.4895833328125 0.1240234375