5 0.29296875 0.77734375 0.2880859375 0.7682291671875 0.2763671875 0.7682291671875 0.26953125 0.7825520828125 0.26953125 0.7981770828125 0.2783203125 0.8125 0.283203125 0.8111979171874999 0.29296875 0.7903645828125 0.29296875 0.77734375
5 0.275390625 0.5846354171875 0.2724609375 0.5807291671875 0.2607421875 0.5885416671875 0.255859375 0.6028645828125 0.2578125 0.6184895828125 0.2626953125 0.625 0.26953125 0.6236979171875 0.275390625 0.61328125 0.275390625 0.5846354171875
5 0.357421875 0.6575520828125 0.3466796875 0.6484375 0.33984375 0.6549479171875 0.337890625 0.6653645828125 0.33984375 0.67578125 0.3447265625 0.6822916671875 0.349609375 0.6809895828125 0.357421875 0.6705729171875 0.357421875 0.6575520828125
5 0.576171875 0.3059895828125 0.5859375 0.2955729171875 0.5859375 0.2799479171875 0.5791015625 0.2604166671875 0.5751953125 0.2604166671875 0.5625 0.27734375 0.560546875 0.28515625 0.564453125 0.30078125 0.5693359375 0.3072916671875 0.576171875 0.3059895828125
5 0.58984375 0.6549479171875 0.5830078125 0.6432291671875 0.5712890625 0.6432291671875 0.56640625 0.6497395828125 0.56640625 0.6627604171875 0.5751953125 0.6770833328125 0.580078125 0.67578125 0.5859375 0.6705729171875 0.58984375 0.6549479171875
4 0.4677734375 0.7734375 0.4599609375 0.7682291671875 0.4462890625 0.7682291671875 0.44140625 0.7721354171875 0.439453125 0.7825520828125 0.4482421875 0.7942708328125 0.466796875 0.79296875 0.470703125 0.78515625 0.4677734375 0.7734375
5 0.609375 0.4075520828125 0.6044921875 0.4010416671875 0.5986328125 0.4036458328125 0.587890625 0.4231770828125 0.58984375 0.4361979171875 0.5966796875 0.4427083328125 0.6015625 0.44140625 0.609375 0.4283854171875 0.609375 0.4075520828125
5 0.642578125 0.6158854171875 0.65234375 0.59765625 0.65234375 0.5768229171875 0.6494140625 0.5729166671875 0.6337890625 0.5729166671875 0.62890625 0.5768229171875 0.625 0.5872395828125 0.625 0.6002604171875 0.6318359375 0.6145833328125 0.642578125 0.6158854171875
4 0.513671875 0.8893229171874999 0.5048828125 0.8802083328125001 0.4990234375 0.8802083328125001 0.49609375 0.88671875 0.498046875 0.8971354171874999 0.5029296875 0.9036458328125001 0.509765625 0.90234375 0.513671875 0.8971354171874999 0.513671875 0.8893229171874999
4 0.49609375 0.73828125 0.4873046875 0.7317708328125 0.4814453125 0.734375 0.478515625 0.73828125 0.48046875 0.7513020828125 0.4833984375 0.7552083328125 0.490234375 0.75390625 0.49609375 0.7486979171875 0.49609375 0.73828125
5 0.099609375 0.1627604171875 0.0927734375 0.1536458328125 0.0849609375 0.1536458328125 0.078125 0.1627604171875 0.078125 0.17578125 0.0849609375 0.1901041671875 0.091796875 0.19140625 0.099609375 0.1783854171875 0.099609375 0.1627604171875
5 0.580078125 0.9856770828125001 0.58203125 0.99609375 0.5869140625 1 0.60546875 0.9986979171874999 0.609375 0.9908854171874999 0.6025390625 0.9817708328125001 0.5869140625 0.9791666671874999 0.580078125 0.9856770828125001
4 0.2021484375 0.0625 0.193359375 0.07942708281250001 0.2041015625 0.09114583281250001 0.2109375 0.08984375 0.216796875 0.08203125 0.216796875 0.07161458281250001 0.2119140625 0.0625 0.2021484375 0.0625
5 0.326171875 0.9153645828125001 0.3291015625 0.9270833328125001 0.337890625 0.92578125 0.33984375 0.91796875 0.3369140625 0.9140625 0.326171875 0.9153645828125001
5 0.26171875 0.7174479171875 0.2587890625 0.7135416671875 0.2529296875 0.7135416671875 0.248046875 0.7200520828125 0.248046875 0.7330729171875 0.2509765625 0.7369791671875 0.255859375 0.7356770828125 0.26171875 0.7278645828125 0.26171875 0.7174479171875
5 0.25390625 0.4518229171875 0.2568359375 0.4557291671875 0.26171875 0.4544270828125 0.267578125 0.44921875 0.26953125 0.44140625 0.26953125 0.4205729171875 0.2666015625 0.4140625 0.2607421875 0.4140625 0.251953125 0.42578125 0.25 0.43359375 0.25390625 0.4518229171875
4 0.455078125 0.8763020828125001 0.4521484375 0.8723958328125001 0.4443359375 0.8723958328125001 0.439453125 0.87890625 0.44140625 0.89453125 0.4482421875 0.9010416671874999 0.455078125 0.8997395828125001 0.45703125 0.89453125 0.455078125 0.8763020828125001
4 0.46875 0.22786458281250002 0.462890625 0.22005208281250002 0.466796875 0.21223958281250002 0.4599609375 0.203125 0.4501953125 0.1979166671875 0.4365234375 0.1796875 0.4306640625 0.1770833328125 0.4248046875 0.1848958328125 0.4150390625 0.1875 0.41015625 0.1966145828125 0.408203125 0.20442708281250002 0.41015625 0.21484375 0.4228515625 0.22135416718749998 0.4345703125 0.23697916718749998 0.4501953125 0.23177083281250002 0.4658203125 0.24739583281250002 0.474609375 0.24609375 0.46875 0.22786458281250002
4 0.44140625 0.3033854171875 0.443359375 0.29296875 0.4404296875 0.2864583328125 0.4287109375 0.2864583328125 0.42578125 0.2903645828125 0.4306640625 0.3020833328125 0.44140625 0.3033854171875
4 0.509765625 0.7747395828125 0.51171875 0.76171875 0.5087890625 0.7578125 0.5009765625 0.7578125 0.5 0.7721354171875 0.5029296875 0.7760416671875 0.509765625 0.7747395828125
4 0.431640625 0.4440104171875 0.439453125 0.43359375 0.4345703125 0.421875 0.4287109375 0.421875 0.423828125 0.4283854171875 0.423828125 0.4388020828125 0.431640625 0.4440104171875
4 0.5107421875 0.9375 0.5078125 0.94921875 0.513671875 0.96484375 0.51953125 0.96484375 0.529296875 0.95703125 0.529296875 0.9440104171874999 0.5244140625 0.9348958328125001 0.5107421875 0.9375
4 0.49609375 0.51171875 0.4951171875 0.4947916671875 0.4794921875 0.4973958328125 0.47265625 0.5065104171875 0.470703125 0.5169270828125 0.4755859375 0.5260416671875 0.48046875 0.52734375 0.4873046875 0.5260416671875 0.49609375 0.51171875
4 0.4453125 0.7330729171875 0.4365234375 0.7213541671875 0.4287109375 0.7213541671875 0.42578125 0.7252604171875 0.427734375 0.7434895828125 0.4345703125 0.75 0.44140625 0.7486979171875 0.4453125 0.7434895828125 0.4453125 0.7330729171875
4 0.140625 0.9388020828125001 0.140625 0.94921875 0.1474609375 0.9609375 0.154296875 0.9596354171874999 0.16015625 0.9466145828125001 0.1533203125 0.9348958328125001 0.1455078125 0.9322916671874999 0.140625 0.9388020828125001
5 0.42578125 0.6106770828125 0.4189453125 0.6015625 0.4111328125 0.6015625 0.404296875 0.6080729171875 0.404296875 0.62109375 0.4130859375 0.6302083328125 0.41796875 0.62890625 0.423828125 0.6236979171875 0.42578125 0.6106770828125
4 0.4765625 0.7408854171875 0.474609375 0.75390625 0.4765625 0.7591145828125 0.486328125 0.7591145828125 0.498046875 0.7434895828125 0.4931640625 0.7317708328125 0.4853515625 0.7317708328125 0.4765625 0.7408854171875
5 0.28515625 0.0377604171875 0.28515625 0.0481770828125 0.2890625 0.0481770828125 0.29296875 0.0403645828125 0.2919921875 0.0338541671875 0.28515625 0.0377604171875
5 0.5546875 0.9752604171874999 0.5615234375 0.9869791671874999 0.56640625 0.9856770828125001 0.568359375 0.9752604171874999 0.5654296875 0.9713541671874999 0.5546875 0.9752604171874999
5 0.009765625 0.0247395828125 0.0078125 0.04296875 0.0166015625 0.0546875 0.021484375 0.05338541718749999 0.02734375 0.04296875 0.02734375 0.02734375 0.0166015625 0.013020832812499999 0.009765625 0.0247395828125
4 0.427734375 0.34765625 0.427734375 0.3658854171875 0.4326171875 0.375 0.4375 0.3736979171875 0.4443359375 0.3723958328125 0.447265625 0.3658854171875 0.4345703125 0.3411458328125 0.427734375 0.34765625
5 0.220703125 0.72265625 0.216796875 0.73828125 0.2216796875 0.7447916671875 0.228515625 0.7434895828125 0.234375 0.7356770828125 0.234375 0.7252604171875 0.2255859375 0.71875 0.220703125 0.72265625
4 0.2109375 0.4674479171875 0.2060546875 0.4609375 0.1923828125 0.4583333328125 0.1875 0.4674479171875 0.19140625 0.4856770828125 0.1982421875 0.4921875 0.208984375 0.4908854171875 0.212890625 0.4856770828125 0.2109375 0.4674479171875
4 0.146484375 0.06901041718749999 0.146484375 0.07682291718749999 0.1533203125 0.08854166718749999 0.16015625 0.08723958281250001 0.162109375 0.07161458281250001 0.1552734375 0.0625 0.1513671875 0.0625 0.146484375 0.06901041718749999
4 0.478515625 0.3294270828125 0.484375 0.3190104171875 0.484375 0.30859375 0.4755859375 0.2942708328125 0.4658203125 0.2916666671875 0.453125 0.2981770828125 0.453125 0.3138020828125 0.4599609375 0.3255208328125 0.4677734375 0.3307291671875 0.478515625 0.3294270828125
4 0.509765625 0.9778645828125001 0.509765625 0.99609375 0.5126953125 1 0.521484375 0.9986979171874999 0.525390625 0.9908854171874999 0.5234375 0.98046875 0.5146484375 0.96875 0.509765625 0.9778645828125001
5 0.26171875 0.4544270828125 0.267578125 0.44921875 0.267578125 0.4388020828125 0.2529296875 0.4375 0.25390625 0.4518229171875 0.2568359375 0.4557291671875 0.26171875 0.4544270828125
4 0.203125 0.7877604171875 0.203125 0.8033854171874999 0.208984375 0.8059895828125001 0.2138671875 0.7994791671875 0.2255859375 0.8020833328125001 0.228515625 0.7981770828125 0.228515625 0.7825520828125 0.2255859375 0.7786458328125 0.2177734375 0.78125 0.2099609375 0.7786458328125 0.203125 0.7877604171875
4 0.216796875 0.7565104171875 0.216796875 0.7643229171875 0.2216796875 0.7708333328125 0.23046875 0.76953125 0.234375 0.7669270828125 0.2314453125 0.7552083328125 0.2216796875 0.7526041671875 0.216796875 0.7565104171875
4 0.466796875 0.44921875 0.46875 0.4388020828125 0.4638671875 0.4322916671875 0.4560546875 0.4322916671875 0.453125 0.4361979171875 0.4560546875 0.4479166671875 0.466796875 0.44921875
5 0.9775390625 0.34375 0.9765625 0.34765625 0.98046875 0.3502604171875 0.982421875 0.34765625 0.9775390625 0.34375
5 0.576171875 0.9283854171874999 0.5791015625 0.9375 0.5859375 0.9361979171874999 0.587890625 0.9283854171874999 0.5849609375 0.9244791671874999 0.576171875 0.9283854171874999
5 0.283203125 0.0455729171875 0.2861328125 0.0494791671875 0.291015625 0.0481770828125 0.291015625 0.03515625 0.2880859375 0.0338541671875 0.283203125 0.0455729171875
4 0.52734375 0.9231770828125001 0.5224609375 0.9140625 0.5185546875 0.9140625 0.513671875 0.91796875 0.513671875 0.9309895828125001 0.5185546875 0.9375 0.5234375 0.9361979171874999 0.52734375 0.93359375 0.52734375 0.9231770828125001
5 0.32421875 0.9596354171874999 0.326171875 0.9440104171874999 0.3212890625 0.9401041671874999 0.314453125 0.9466145828125001 0.314453125 0.9544270828125001 0.3193359375 0.9609375 0.32421875 0.9596354171874999
4 0.169921875 0.03515625 0.169921875 0.0481770828125 0.1748046875 0.05989583281250001 0.19921875 0.06380208281250001 0.2109375 0.0481770828125 0.2001953125 0.0286458328125 0.1923828125 0.0260416671875 0.169921875 0.03515625
4 0.14453125 0.14453125 0.146484375 0.1497395828125 0.1513671875 0.15625 0.15625 0.1549479171875 0.158203125 0.14453125 0.1533203125 0.1380208328125 0.1494140625 0.1380208328125 0.14453125 0.14453125
4 0.130859375 0.1653645828125 0.1337890625 0.1744791671875 0.142578125 0.1731770828125 0.1396484375 0.1614583328125 0.130859375 0.1653645828125
4 0.158203125 0.1940104171875 0.1533203125 0.1848958328125 0.1455078125 0.1796875 0.140625 0.1861979171875 0.140625 0.1966145828125 0.1474609375 0.20833333281250002 0.154296875 0.20963541718749998 0.158203125 0.20442708281250002 0.158203125 0.1940104171875
4 0.232421875 0.00390625 0.2294921875 0 0.2197265625 0.0026041671875 0.2138671875 0 0.21484375 0.01953125 0.2216796875 0.0286458328125 0.2265625 0.02734375 0.234375 0.014322917187500001 0.232421875 0.00390625
4 0.2314453125 0.0442708328125 0.2265625 0.05078125 0.2265625 0.05859375 0.234375 0.07161458281250001 0.23828125 0.06119791718749999 0.23828125 0.05078125 0.2353515625 0.0442708328125 0.2314453125 0.0442708328125
4 0.23828125 0.1236979171875 0.2421875 0.11328125 0.23828125 0.07682291718749999 0.2236328125 0.0703125 0.216796875 0.07942708281250001 0.21484375 0.08984375 0.21875 0.1028645828125 0.21875 0.1184895828125 0.2236328125 0.125 0.23828125 0.1236979171875
4 0.2255859375 0.1536458328125 0.22265625 0.16015625 0.224609375 0.1627604171875 0.22265625 0.19140625 0.23046875 0.23046875 0.2333984375 0.23697916718749998 0.236328125 0.23567708281250002 0.244140625 0.23046875 0.248046875 0.18359375 0.244140625 0.16015625 0.2373046875 0.1510416671875 0.2333984375 0.1510416671875 0.2255859375 0.1536458328125
4 0.2265625 0.3033854171875 0.2265625 0.3138020828125 0.2294921875 0.3177083328125 0.234375 0.31640625 0.23828125 0.3111979171875 0.23828125 0.30078125 0.2314453125 0.2916666671875 0.2265625 0.3033854171875
4 0.2431640625 0.2734375 0.240234375 0.2825520828125 0.244140625 0.28515625 0.24609375 0.27734375 0.2431640625 0.2734375
4 0.228515625 0.35546875 0.232421875 0.3502604171875 0.232421875 0.3346354171875 0.2294921875 0.328125 0.21875 0.3450520828125 0.2197265625 0.3567708328125 0.228515625 0.35546875
4 0.1494140625 0.390625 0.1572265625 0.3984375 0.171875 0.3997395828125 0.1845703125 0.3932291671875 0.19140625 0.3841145828125 0.1865234375 0.3697916671875 0.1728515625 0.359375 0.1650390625 0.359375 0.146484375 0.37109375 0.146484375 0.3841145828125 0.1494140625 0.390625
4 0.15234375 0.2825520828125 0.1396484375 0.2708333328125 0.1240234375 0.2734375 0.123046875 0.29296875 0.126953125 0.3033854171875 0.1357421875 0.3098958328125 0.142578125 0.30859375 0.146484375 0.3059895828125 0.15234375 0.2825520828125
4 0.1904296875 0.4036458328125 0.1826171875 0.3984375 0.158203125 0.40234375 0.15625 0.4127604171875 0.1611328125 0.4192708328125 0.1708984375 0.4244791671875 0.185546875 0.4231770828125 0.193359375 0.41796875 0.1904296875 0.4036458328125
4 0.154296875 0.4153645828125 0.1474609375 0.4036458328125 0.1396484375 0.4036458328125 0.130859375 0.41796875 0.130859375 0.42578125 0.1396484375 0.4375 0.14453125 0.4361979171875 0.15234375 0.42578125 0.154296875 0.4153645828125
4 0.21484375 0.4596354171875 0.21875 0.4544270828125 0.2158203125 0.4401041671875 0.2041015625 0.4427083328125 0.193359375 0.45703125 0.1982421875 0.4609375 0.21484375 0.4596354171875
4 0.216796875 0.44140625 0.2216796875 0.4479166671875 0.2314453125 0.4479166671875 0.236328125 0.4518229171875 0.23828125 0.4283854171875 0.2314453125 0.421875 0.2216796875 0.4296875 0.216796875 0.44140625
4 0.146484375 0.51171875 0.1513671875 0.515625 0.15625 0.5143229171875 0.15625 0.50390625 0.1455078125 0.4973958328125 0.146484375 0.51171875
4 0.150390625 0.52734375 0.1455078125 0.5208333328125 0.1337890625 0.5234375 0.130859375 0.5299479171875 0.1328125 0.5403645828125 0.1376953125 0.5442708328125 0.146484375 0.54296875 0.15234375 0.53515625 0.150390625 0.52734375
4 0.2421875 0.5794270828125 0.244140625 0.5768229171875 0.2421875 0.5533854171875 0.2392578125 0.5494791671875 0.234375 0.5638020828125 0.208984375 0.5924479171875 0.208984375 0.60546875 0.21875 0.6315104171875 0.216796875 0.63671875 0.216796875 0.65234375 0.220703125 0.66015625 0.21875 0.6653645828125 0.228515625 0.6809895828125 0.23046875 0.7044270828125 0.23828125 0.71484375 0.2421875 0.7018229171875 0.2421875 0.5794270828125
4 0.142578125 0.8294270828125001 0.142578125 0.8424479171874999 0.1533203125 0.8619791671874999 0.158203125 0.8606770828125001 0.162109375 0.83984375 0.1513671875 0.8229166671874999 0.1455078125 0.8229166671874999 0.142578125 0.8294270828125001
4 0.23046875 0.8294270828125001 0.224609375 0.86328125 0.2265625 0.9231770828125001 0.236328125 0.92578125 0.244140625 0.9153645828125001 0.244140625 0.83203125 0.2412109375 0.8229166671874999 0.23046875 0.8294270828125001
4 0.2431640625 0.9192708328125001 0.2412109375 0.9244791671874999 0.2294921875 0.9296875 0.224609375 0.9388020828125001 0.2265625 0.98828125 0.220703125 0.99609375 0.24609375 0.99609375 0.248046875 0.9518229171874999 0.2431640625 0.9192708328125001
4 0.513671875 0.73828125 0.515625 0.71484375 0.5087890625 0.7083333328125 0.5 0.7252604171875 0.5 0.7356770828125 0.5029296875 0.7395833328125 0.513671875 0.73828125
4 0.5087890625 0.7005208328125 0.505859375 0.7174479171875 0.515625 0.7174479171875 0.517578125 0.7122395828125 0.515625 0.7044270828125 0.5087890625 0.7005208328125
4 0.427734375 0.70703125 0.4296875 0.69921875 0.42578125 0.6809895828125 0.4296875 0.6783854171875 0.4296875 0.66796875 0.4267578125 0.6614583328125 0.4208984375 0.6614583328125 0.412109375 0.6809895828125 0.419921875 0.7018229171875 0.427734375 0.70703125
4 0.43359375 0.5924479171875 0.435546875 0.5794270828125 0.4228515625 0.5625 0.416015625 0.5716145828125 0.416015625 0.5794270828125 0.4248046875 0.59375 0.43359375 0.5924479171875
4 0.50390625 0.4309895828125 0.4921875 0.4622395828125 0.49609375 0.4856770828125 0.5009765625 0.4921875 0.505859375 0.4908854171875 0.5087890625 0.4869791671875 0.5185546875 0.4895833328125 0.521484375 0.4856770828125 0.517578125 0.4518229171875 0.51953125 0.4309895828125 0.5166015625 0.4270833328125 0.50390625 0.4309895828125
4 0.46875 0.4309895828125 0.46875 0.4440104171875 0.4716796875 0.4479166671875 0.482421875 0.4466145828125 0.484375 0.4440104171875 0.482421875 0.43359375 0.4716796875 0.4270833328125 0.46875 0.4309895828125
4 0.453125 0.4283854171875 0.4580078125 0.4270833328125 0.4609375 0.41796875 0.4501953125 0.4036458328125 0.4443359375 0.4036458328125 0.435546875 0.4127604171875 0.43359375 0.41796875 0.4384765625 0.4244791671875 0.4462890625 0.4296875 0.453125 0.4283854171875
4 0.455078125 0.3893229171875 0.458984375 0.3841145828125 0.45703125 0.3736979171875 0.4462890625 0.3645833328125 0.44140625 0.3841145828125 0.4501953125 0.390625 0.455078125 0.3893229171875
4 0.4873046875 0.2578125 0.48046875 0.2669270828125 0.48046875 0.2747395828125 0.48828125 0.2825520828125 0.498046875 0.2747395828125 0.498046875 0.2643229171875 0.4931640625 0.2578125 0.4873046875 0.2578125
4 0.5 0.2825520828125 0.5 0.2877604171875 0.5029296875 0.2942708328125 0.5078125 0.2955729171875 0.51171875 0.2903645828125 0.51171875 0.2799479171875 0.5048828125 0.2760416671875 0.5 0.2825520828125
4 0.521484375 0.21484375 0.525390625 0.16796875 0.5234375 0.16015625 0.5166015625 0.15625 0.5107421875 0.1588541671875 0.505859375 0.16796875 0.505859375 0.20442708281250002 0.5126953125 0.20833333281250002 0.5166015625 0.21614583281250002 0.521484375 0.21484375
4 0.5068359375 0.05989583281250001 0.5029296875 0.05989583281250001 0.5029296875 0.06510416718749999 0.4970703125 0.0625 0.484375 0.07421875 0.4931640625 0.09375 0.50390625 0.09244791718749999 0.5078125 0.08203125 0.5068359375 0.05989583281250001
4 0.42578125 0.01171875 0.431640625 0.02734375 0.4365234375 0.0338541671875 0.44921875 0.0325520828125 0.451171875 0.0299479171875 0.44921875 0.0013020828125 0.4267578125 0 0.42578125 0.01171875
4 0.498046875 0.0455729171875 0.4921875 0.0377604171875 0.4912109375 0.0286458328125 0.4814453125 0.0286458328125 0.46875 0.0377604171875 0.470703125 0.05338541718749999 0.482421875 0.05598958281250001 0.4892578125 0.0546875 0.498046875 0.0455729171875
5 0 0.1158854171875 0.0078125 0.1158854171875 0.015625 0.09505208281250001 0.015625 0.07942708281250001 0.01171875 0.06640625 0.013671875 0.06119791718749999 0.0107421875 0.05729166718749999 0.005859375 0.06119791718749999 0 0.08203125 0 0.1158854171875
5 0.5 0.7486979171875 0.5068359375 0.7630208328125 0.513671875 0.76171875 0.5185546875 0.7604166671875 0.521484375 0.75390625 0.521484375 0.7330729171875 0.5185546875 0.7291666671875 0.5146484375 0.7317708328125 0.5068359375 0.7291666671875 0.5 0.7408854171875 0.5 0.7486979171875
5 0.541015625 0.7252604171875 0.5439453125 0.7291666671875 0.548828125 0.7278645828125 0.55078125 0.7174479171875 0.5458984375 0.7161458328125 0.541015625 0.7252604171875
5 0.546875 0.6705729171875 0.5498046875 0.6822916671875 0.556640625 0.6809895828125 0.5556640625 0.6692708328125 0.546875 0.6705729171875
5 0.560546875 0.9231770828125001 0.5625 0.93359375 0.5693359375 0.9427083328125001 0.57421875 0.94140625 0.576171875 0.93359375 0.5673828125 0.9192708328125001 0.5634765625 0.9192708328125001 0.560546875 0.9231770828125001