4 0.6904296875 0.4869791671875 0.7060546875 0.484375 0.71484375 0.4674479171875 0.71484375 0.45703125 0.7216796875 0.453125 0.732421875 0.4388020828125 0.7333984375 0.4296875 0.73046875 0.41796875 0.7197265625 0.4114583328125 0.6845703125 0.4140625 0.6748046875 0.4088541671875 0.6650390625 0.4114583328125 0.658203125 0.41796875 0.662109375 0.43359375 0.65625 0.4388020828125 0.64453125 0.4622395828125 0.642578125 0.48046875 0.6455078125 0.484375 0.6533203125 0.484375 0.6611328125 0.4791666671875 0.6650390625 0.46875 0.6708984375 0.46875 0.6748046875 0.4609375 0.6826171875 0.4609375 0.685546875 0.46484375 0.68359375 0.47265625 0.6904296875 0.4869791671875
4 0.8388671875 0.5520833328125 0.8466796875 0.5598958328125 0.8583984375 0.5546875 0.8681640625 0.5651041671875 0.8798828125 0.5651041671875 0.8818359375 0.5729166671875 0.8935546875 0.5729166671875 0.8984375 0.5638020828125 0.896484375 0.55078125 0.8984375 0.5455729171875 0.8955078125 0.5416666671875 0.8935546875 0.5442708328125 0.884765625 0.5299479171875 0.890625 0.50390625 0.904296875 0.48828125 0.90625 0.4674479171875 0.9140625 0.45703125 0.9140625 0.4518229171875 0.9287109375 0.4453125 0.939453125 0.4309895828125 0.9453125 0.41796875 0.9443359375 0.4140625 0.9404296875 0.4088541671875 0.8896484375 0.4114583328125 0.8759765625 0.40625 0.8369140625 0.4088541671875 0.8291015625 0.40625 0.8251953125 0.4114583328125 0.8154296875 0.4114583328125 0.7939453125 0.4270833328125 0.783203125 0.44140625 0.77734375 0.4596354171875 0.76953125 0.4700520828125 0.7734375 0.5091145828125 0.7802734375 0.5182291671875 0.7900390625 0.5182291671875 0.8017578125 0.5 0.8193359375 0.4973958328125 0.822265625 0.5013020828125 0.822265625 0.5169270828125 0.826171875 0.5299479171875 0.8388671875 0.5520833328125
4 0.921875 0.43359375 0.9248046875 0.4375 0.9365234375 0.4348958328125 0.94140625 0.4231770828125 0.9404296875 0.4166666671875 0.9365234375 0.4114583328125 0.9267578125 0.4140625 0.919921875 0.42578125 0.921875 0.43359375
4 0.849609375 0.4361979171875 0.8486328125 0.4192708328125 0.8408203125 0.4114583328125 0.8271484375 0.4114583328125 0.8056640625 0.4270833328125 0.7958984375 0.4270833328125 0.78515625 0.4388020828125 0.77734375 0.46484375 0.76953125 0.47265625 0.7734375 0.5065104171875 0.7802734375 0.5182291671875 0.7861328125 0.5182291671875 0.791015625 0.51171875 0.79296875 0.5013020828125 0.791015625 0.49609375 0.7939453125 0.4921875 0.8056640625 0.4947916671875 0.8134765625 0.4895833328125 0.8232421875 0.46875 0.841796875 0.4596354171875 0.845703125 0.44140625 0.849609375 0.4361979171875
5 0.375 0.53515625 0.3740234375 0.53125 0.3701171875 0.5208333328125 0.3623046875 0.5208333328125 0.35546875 0.5377604171875 0.3583984375 0.5442708328125 0.3642578125 0.546875 0.375 0.53515625
4 0.880859375 0.4830729171875 0.8876953125 0.4895833328125 0.8955078125 0.4895833328125 0.90234375 0.4778645828125 0.9013671875 0.46875 0.8974609375 0.4609375 0.8857421875 0.4661458328125 0.880859375 0.47265625 0.880859375 0.4830729171875
4 0.6650390625 0.4114583328125 0.658203125 0.4205729171875 0.6689453125 0.4270833328125 0.6796875 0.41796875 0.6787109375 0.4114583328125 0.6748046875 0.4088541671875 0.6650390625 0.4114583328125
5 0.5615234375 0.07552083281250001 0.5498046875 0.06510416718749999 0.54296875 0.06901041718749999 0.5556640625 0.08854166718749999 0.5625 0.08463541718749999 0.5615234375 0.07552083281250001
4 0.876953125 0.55078125 0.8759765625 0.5442708328125 0.8701171875 0.5338541671875 0.8623046875 0.5338541671875 0.859375 0.5403645828125 0.8662109375 0.5625 0.873046875 0.5611979171875 0.876953125 0.55078125
4 0.896484375 0.56640625 0.8955078125 0.5520833328125 0.8896484375 0.5442708328125 0.8857421875 0.5442708328125 0.8828125 0.55078125 0.884765625 0.56640625 0.8896484375 0.5729166671875 0.896484375 0.56640625
4 0.6689453125 0.0546875 0.66015625 0.06380208281250001 0.658203125 0.07161458281250001 0.66015625 0.08203125 0.6669921875 0.09114583281250001 0.6767578125 0.09114583281250001 0.681640625 0.08723958281250001 0.6806640625 0.0703125 0.677734375 0.06119791718749999 0.6689453125 0.0546875
4 0.9296875 0.19140625 0.9296875 0.1966145828125 0.9384765625 0.203125 0.9462890625 0.203125 0.9482421875 0.1953125 0.947265625 0.1888020828125 0.9404296875 0.1822916671875 0.9365234375 0.1822916671875 0.9296875 0.19140625
4 0.833984375 0.5325520828125 0.8359375 0.54296875 0.8447265625 0.5572916671875 0.849609375 0.5559895828125 0.8505859375 0.546875 0.8408203125 0.53125 0.833984375 0.5325520828125
5 0.51953125 0.05598958281250001 0.521484375 0.06380208281250001 0.5302734375 0.07291666718749999 0.53515625 0.06640625 0.5341796875 0.05989583281250001 0.5302734375 0.0546875 0.51953125 0.05598958281250001
5 0.298828125 0.8919270828125001 0.2978515625 0.8802083328125001 0.2900390625 0.875 0.283203125 0.8841145828125001 0.283203125 0.8919270828125001 0.2880859375 0.8984375 0.2958984375 0.8958333328125001 0.298828125 0.8919270828125001
5 0.115234375 0.6471354171875 0.1201171875 0.65625 0.1298828125 0.65625 0.1328125 0.65234375 0.1318359375 0.6354166671875 0.1279296875 0.6302083328125 0.1201171875 0.6302083328125 0.1171875 0.6341145828125 0.115234375 0.6471354171875
5 0.2431640625 0.4036458328125 0.2236328125 0.3932291671875 0.2001953125 0.390625 0.1953125 0.3971354171875 0.197265625 0.4049479171875 0.2060546875 0.4140625 0.2568359375 0.4192708328125 0.2626953125 0.4114583328125 0.2587890625 0.40625 0.2431640625 0.4036458328125
5 0.453125 0.9596354171874999 0.4521484375 0.953125 0.4443359375 0.9453125 0.4345703125 0.9427083328125001 0.42578125 0.9544270828125001 0.4345703125 0.96875 0.4443359375 0.96875 0.453125 0.9596354171874999
5 0.341796875 0.95703125 0.341796875 0.96484375 0.3505859375 0.9739583328125001 0.3681640625 0.9791666671874999 0.3681640625 0.9713541671874999 0.3564453125 0.9557291671874999 0.341796875 0.95703125
4 0.826171875 0.51953125 0.8330078125 0.5260416671875 0.8388671875 0.5260416671875 0.84375 0.51953125 0.8427734375 0.5052083328125 0.8369140625 0.4947916671875 0.8291015625 0.4947916671875 0.826171875 0.4986979171875 0.826171875 0.51953125
4 0.857421875 0.5143229171875 0.8662109375 0.5234375 0.8759765625 0.5208333328125 0.87890625 0.5169270828125 0.8779296875 0.4973958328125 0.8701171875 0.484375 0.8623046875 0.484375 0.857421875 0.4908854171875 0.857421875 0.5143229171875
4 0.876953125 0.4440104171875 0.8759765625 0.4322916671875 0.8681640625 0.4244791671875 0.8583984375 0.4244791671875 0.849609375 0.44921875 0.8583984375 0.4583333328125 0.8681640625 0.4557291671875 0.876953125 0.4440104171875
4 0.8935546875 0.4192708328125 0.884765625 0.4309895828125 0.884765625 0.4440104171875 0.9052734375 0.4505208328125 0.9130859375 0.4427083328125 0.9150390625 0.4453125 0.919921875 0.4388020828125 0.9189453125 0.4348958328125 0.9091796875 0.4192708328125 0.8935546875 0.4192708328125
4 0.787109375 0.4778645828125 0.7978515625 0.4921875 0.8076171875 0.4921875 0.814453125 0.4856770828125 0.8134765625 0.46875 0.8056640625 0.4635416671875 0.7958984375 0.4635416671875 0.7890625 0.4700520828125 0.787109375 0.4778645828125
4 0.8486328125 0.4192708328125 0.8447265625 0.4140625 0.8349609375 0.4114583328125 0.8154296875 0.421875 0.810546875 0.4283854171875 0.810546875 0.4440104171875 0.8251953125 0.46875 0.84375 0.4544270828125 0.841796875 0.4388020828125 0.849609375 0.4283854171875 0.8486328125 0.4192708328125
4 0.783203125 0.4544270828125 0.7900390625 0.4609375 0.8037109375 0.4635416671875 0.80859375 0.4596354171875 0.8095703125 0.4505208328125 0.8046875 0.4388020828125 0.7958984375 0.4322916671875 0.78515625 0.4440104171875 0.783203125 0.4544270828125
4 0.806640625 0.1705729171875 0.8134765625 0.1796875 0.8193359375 0.1822916671875 0.82421875 0.17578125 0.8232421875 0.1666666671875 0.8203125 0.1575520828125 0.8154296875 0.1536458328125 0.806640625 0.1575520828125 0.806640625 0.1705729171875
4 0.810546875 0.1497395828125 0.8095703125 0.1302083328125 0.7998046875 0.1197916671875 0.79296875 0.1236979171875 0.7890625 0.1393229171875 0.7958984375 0.1536458328125 0.8076171875 0.1536458328125 0.810546875 0.1497395828125
4 0.775390625 0.15234375 0.7744140625 0.1276041671875 0.7587890625 0.109375 0.75 0.11328125 0.75 0.1236979171875 0.7578125 0.1419270828125 0.7705078125 0.15625 0.775390625 0.15234375
4 0.7744140625 0.07552083281250001 0.767578125 0.04296875 0.7607421875 0.0338541671875 0.7470703125 0.0338541671875 0.7421875 0.04296875 0.7421875 0.05598958281250001 0.751953125 0.07942708281250001 0.7607421875 0.09114583281250001 0.7685546875 0.09114583281250001 0.775390625 0.08463541718749999 0.7744140625 0.07552083281250001
4 0.8095703125 0.05208333281250001 0.7998046875 0.05208333281250001 0.794921875 0.06119791718749999 0.80078125 0.09765625 0.8095703125 0.109375 0.8173828125 0.109375 0.822265625 0.1028645828125 0.8212890625 0.07552083281250001 0.818359375 0.06119791718749999 0.8095703125 0.05208333281250001
4 0.84765625 0.1861979171875 0.8466796875 0.1640625 0.8388671875 0.1536458328125 0.8291015625 0.1536458328125 0.826171875 0.1575520828125 0.830078125 0.1783854171875 0.8408203125 0.1927083328125 0.84765625 0.1861979171875
4 0.9111328125 0.125 0.9013671875 0.1223958328125 0.89453125 0.1315104171875 0.8984375 0.1549479171875 0.9111328125 0.171875 0.9248046875 0.171875 0.927734375 0.16796875 0.9267578125 0.1458333328125 0.923828125 0.13671875 0.9111328125 0.125
4 0.84375 0.09244791718749999 0.845703125 0.1184895828125 0.8544921875 0.1328125 0.86328125 0.12890625 0.8642578125 0.1145833328125 0.86328125 0.10546875 0.8564453125 0.09635416718749999 0.8505859375 0.09114583281250001 0.84375 0.09244791718749999
4 0.8310546875 0.1380208328125 0.8251953125 0.1302083328125 0.81640625 0.1315104171875 0.8212890625 0.1510416671875 0.8310546875 0.1484375 0.8310546875 0.1380208328125
4 0.865234375 0.01953125 0.8642578125 0.010416667187500001 0.8603515625 0 0.83984375 0.0013020828125 0.841796875 0.014322917187500001 0.8486328125 0.0234375 0.8623046875 0.0234375 0.865234375 0.01953125
4 0.8408203125 0 0.83984375 0.01171875 0.8505859375 0.0234375 0.8623046875 0.0234375 0.8662109375 0.0182291671875 0.8720703125 0.0208333328125 0.8837890625 0.0182291671875 0.890625 0.01171875 0.8896484375 0.0052083328125 0.8857421875 0 0.8408203125 0
4 0.9228515625 0.1197916671875 0.935546875 0.1028645828125 0.9345703125 0.08854166718749999 0.9296875 0.08203125 0.919921875 0.0377604171875 0.9130859375 0.0260416671875 0.9052734375 0.0260416671875 0.8994140625 0.0364583328125 0.8828125 0.05078125 0.884765625 0.08203125 0.9091796875 0.1171875 0.9228515625 0.1197916671875
4 0.962890625 0.16796875 0.9619140625 0.1510416671875 0.9521484375 0.1354166671875 0.9462890625 0.1354166671875 0.94140625 0.14453125 0.943359375 0.16015625 0.9541015625 0.171875 0.962890625 0.16796875
4 0.97265625 0.19921875 0.9716796875 0.1901041671875 0.9677734375 0.1822916671875 0.9599609375 0.1822916671875 0.95703125 0.1861979171875 0.95703125 0.1940104171875 0.9677734375 0.203125 0.97265625 0.19921875
4 0.978515625 0.1888020828125 0.978515625 0.1940104171875 0.9931640625 0.20833333281250002 1 0.20703125 0.9990234375 0.1953125 0.9853515625 0.1848958328125 0.978515625 0.1888020828125
4 1 0.1236979171875 0.9990234375 0.0026041671875 0.9833984375 0.0026041671875 0.978515625 0.02734375 0.98046875 0.0455729171875 0.978515625 0.08463541718749999 0.9970703125 0.125 1 0.1236979171875
4 0.759765625 0.01171875 0.7587890625 0.0052083328125 0.7548828125 0 0.728515625 0.0013020828125 0.728515625 0.006510417187500001 0.7392578125 0.0182291671875 0.7529296875 0.0182291671875 0.759765625 0.01171875
4 0.7685546875 0 0.763671875 0.00390625 0.763671875 0.014322917187500001 0.76953125 0.0299479171875 0.7763671875 0.0338541671875 0.787109375 0.0221354171875 0.7880859375 0.0078125 0.7822265625 0 0.7685546875 0
4 0.8212890625 0.0052083328125 0.8173828125 0 0.794921875 0.00390625 0.79296875 0.0325520828125 0.7998046875 0.046875 0.8076171875 0.046875 0.810546875 0.04296875 0.814453125 0.0325520828125 0.8125 0.0247395828125 0.818359375 0.0169270828125 0.8212890625 0.0052083328125
4 0.701171875 0.1419270828125 0.69140625 0.1315104171875 0.69140625 0.1158854171875 0.6875 0.10546875 0.6787109375 0.09375 0.6728515625 0.09375 0.671875 0.1106770828125 0.67578125 0.1184895828125 0.67578125 0.1315104171875 0.6650390625 0.1302083328125 0.66015625 0.13671875 0.662109375 0.1419270828125 0.6748046875 0.15625 0.6796875 0.15234375 0.6806640625 0.1432291671875 0.689453125 0.16015625 0.6962890625 0.1666666671875 0.703125 0.1549479171875 0.7021484375 0.1484375 0.701171875 0.1419270828125
4 0.673828125 0.04296875 0.6728515625 0.0182291671875 0.6630859375 0.010416667187500001 0.6591796875 0.010416667187500001 0.654296875 0.0169270828125 0.654296875 0.03515625 0.6611328125 0.046875 0.673828125 0.04296875
4 0.6513671875 0.05989583281250001 0.6513671875 0.046875 0.6474609375 0.0390625 0.6416015625 0.0390625 0.638671875 0.04296875 0.638671875 0.05598958281250001 0.6435546875 0.0625 0.6513671875 0.05989583281250001
4 0.6474609375 0.0026041671875 0.6376953125 0 0.634765625 0.00390625 0.6396484375 0.0182291671875 0.6484375 0.0169270828125 0.6474609375 0.0026041671875
4 0.6025390625 0.0052083328125 0.59375 0.01953125 0.59375 0.02734375 0.5966796875 0.03125 0.6044921875 0.03125 0.6142578125 0.0260416671875 0.626953125 0.014322917187500001 0.6298828125 0.0026041671875 0.6123046875 0 0.6025390625 0.0052083328125
4 0.6337890625 0.1276041671875 0.6279296875 0.1197916671875 0.6171875 0.12109375 0.6279296875 0.1354166671875 0.6337890625 0.1354166671875 0.6337890625 0.1276041671875
4 0.607421875 0.06640625 0.611328125 0.08463541718749999 0.6279296875 0.1041666671875 0.63671875 0.09244791718749999 0.6357421875 0.08072916718749999 0.6318359375 0.0703125 0.6220703125 0.06770833281250001 0.6162109375 0.05989583281250001 0.607421875 0.06640625
4 0.689453125 0.5403645828125 0.6943359375 0.5546875 0.7021484375 0.5572916671875 0.70703125 0.5533854171875 0.7060546875 0.53125 0.7001953125 0.5234375 0.6923828125 0.5234375 0.689453125 0.52734375 0.689453125 0.5403645828125
4 0.73046875 0.5768229171875 0.7294921875 0.5625 0.7216796875 0.5494791671875 0.7158203125 0.546875 0.712890625 0.55078125 0.71484375 0.56640625 0.7236328125 0.578125 0.73046875 0.5768229171875
4 0.677734375 0.5065104171875 0.677734375 0.5247395828125 0.6806640625 0.5286458328125 0.6875 0.5247395828125 0.6884765625 0.5130208328125 0.6806640625 0.5026041671875 0.677734375 0.5065104171875
4 0.740234375 0.6158854171875 0.740234375 0.6236979171875 0.7470703125 0.6302083328125 0.7529296875 0.6302083328125 0.7548828125 0.6223958328125 0.7451171875 0.6119791671875 0.740234375 0.6158854171875
4 0.73828125 0.6106770828125 0.7373046875 0.5989583328125 0.7294921875 0.5885416671875 0.7236328125 0.5885416671875 0.71875 0.5950520828125 0.7255859375 0.6067708328125 0.7333984375 0.6119791671875 0.73828125 0.6106770828125
4 0.7041015625 0.5885416671875 0.6943359375 0.5755208328125 0.6875 0.5794270828125 0.6875 0.5846354171875 0.6982421875 0.5989583328125 0.7119140625 0.609375 0.716796875 0.6080729171875 0.7158203125 0.5963541671875 0.7099609375 0.5885416671875 0.7041015625 0.5885416671875
4 0.615234375 0.57421875 0.615234375 0.58203125 0.6220703125 0.59375 0.6259765625 0.59375 0.6279296875 0.5859375 0.6181640625 0.5729166671875 0.615234375 0.57421875
4 0.634765625 0.5924479171875 0.634765625 0.59765625 0.6416015625 0.6067708328125 0.6474609375 0.609375 0.6474609375 0.6041666671875 0.6396484375 0.5911458328125 0.634765625 0.5924479171875
4 0.642578125 0.48046875 0.6552734375 0.4817708328125 0.658203125 0.4700520828125 0.66796875 0.4596354171875 0.6669921875 0.4557291671875 0.6611328125 0.4453125 0.6552734375 0.4453125 0.64453125 0.46484375 0.642578125 0.48046875
4 0.685546875 0.44921875 0.6845703125 0.4375 0.6787109375 0.4270833328125 0.6748046875 0.4270833328125 0.6640625 0.44140625 0.6689453125 0.4505208328125 0.6787109375 0.453125 0.685546875 0.44921875
4 0.685546875 0.43359375 0.6923828125 0.4427083328125 0.6982421875 0.4427083328125 0.708984375 0.4309895828125 0.7080078125 0.4270833328125 0.7041015625 0.4192708328125 0.6982421875 0.4166666671875 0.6904296875 0.421875 0.685546875 0.43359375
4 0.7255859375 0.4479166671875 0.7333984375 0.4296875 0.7314453125 0.4244791671875 0.7197265625 0.4270833328125 0.712890625 0.4361979171875 0.712890625 0.4466145828125 0.7158203125 0.4505208328125 0.7255859375 0.4479166671875
4 0.6875 0.4752604171875 0.6943359375 0.4869791671875 0.7060546875 0.484375 0.71484375 0.4700520828125 0.7138671875 0.4609375 0.7060546875 0.453125 0.6962890625 0.453125 0.6875 0.4674479171875 0.6875 0.4752604171875
2 0.572265625 0.5638020828125 0.568359375 0.5455729171875 0.57421875 0.5247395828125 0.57421875 0.51171875 0.568359375 0.4934895828125 0.568359375 0.4830729171875 0.5859375 0.4544270828125 0.5869140625 0.4427083328125 0.5771484375 0.4348958328125 0.568359375 0.44140625 0.56640625 0.4674479171875 0.5703125 0.47265625 0.5673828125 0.4739583328125 0.5654296875 0.46875 0.5595703125 0.4791666671875 0.5478515625 0.4817708328125 0.537109375 0.4908854171875 0.529296875 0.5299479171875 0.52734375 0.5455729171875 0.529296875 0.60546875 0.533203125 0.62109375 0.53125 0.6966145828125 0.533203125 0.7096354171875 0.5458984375 0.7317708328125 0.55078125 0.7278645828125 0.5625 0.6940104171875 0.5703125 0.6315104171875 0.572265625 0.5638020828125