5 0.0260416671875 0.1455078125 0.0260416671875 0.1552734375 0.0377604171875 0.166015625 0.05598958281250001 0.171875 0.07552083281250001 0.1708984375 0.08203125 0.16015625 0.09765625 0.16015625 0.1067708328125 0.1533203125 0.1028645828125 0.146484375 0.07682291718749999 0.134765625 0.04296875 0.13671875 0.0260416671875 0.1455078125
5 0.4401041671875 0.1103515625 0.4453125 0.1083984375 0.4453125 0.1005859375 0.4309895828125 0.095703125 0.4244791671875 0.1044921875 0.4283854171875 0.109375 0.4401041671875 0.1103515625
4 0.0546875 0.2802734375 0.0455729171875 0.275390625 0.0299479171875 0.275390625 0.0234375 0.2841796875 0.03125 0.2978515625 0.03515625 0.30078125 0.05208333281250001 0.2998046875 0.05989583281250001 0.2919921875 0.0546875 0.2802734375
4 0.0208333328125 0.2490234375 0.0182291671875 0.2548828125 0.02734375 0.263671875 0.0364583328125 0.2646484375 0.046875 0.2587890625 0.046875 0.2470703125 0.0325520828125 0.2421875 0.0208333328125 0.2490234375
4 0.05078125 0.267578125 0.0494791671875 0.2744140625 0.05729166718749999 0.2763671875 0.06510416718749999 0.2705078125 0.06119791718749999 0.267578125 0.05078125 0.267578125
4 0.0859375 0.2763671875 0.0859375 0.2841796875 0.09765625 0.29296875 0.1041666671875 0.2919921875 0.1119791671875 0.2802734375 0.1067708328125 0.2705078125 0.09505208281250001 0.267578125 0.0859375 0.2763671875
4 0.1432291671875 0.2783203125 0.13671875 0.2734375 0.1236979171875 0.2734375 0.1145833328125 0.2783203125 0.1119791671875 0.2880859375 0.1236979171875 0.30078125 0.1328125 0.3017578125 0.1432291671875 0.2978515625 0.1432291671875 0.2783203125
4 0.1692708328125 0.2607421875 0.1575520828125 0.248046875 0.14453125 0.248046875 0.1354166671875 0.2529296875 0.1380208328125 0.2685546875 0.1471354171875 0.275390625 0.1614583328125 0.2744140625 0.1692708328125 0.2705078125 0.1692708328125 0.2607421875
4 0.1979166671875 0.3017578125 0.203125 0.2958984375 0.203125 0.2861328125 0.1966145828125 0.279296875 0.1861979171875 0.279296875 0.1796875 0.2822265625 0.1770833328125 0.2880859375 0.1796875 0.2998046875 0.1861979171875 0.302734375 0.1979166671875 0.3017578125
4 0.2265625 0.2802734375 0.21744791718749998 0.271484375 0.21223958281250002 0.271484375 0.203125 0.2783203125 0.203125 0.2880859375 0.21223958281250002 0.294921875 0.21614583281250002 0.2939453125 0.2265625 0.2880859375 0.2265625 0.2802734375
4 0.2109375 0.3232421875 0.2265625 0.3134765625 0.22526041718749998 0.306640625 0.21744791718749998 0.3046875 0.203125 0.3095703125 0.20052083281250002 0.3193359375 0.2109375 0.3232421875
4 0.20052083281250002 0.3291015625 0.1940104171875 0.3203125 0.1809895828125 0.3203125 0.1744791671875 0.3251953125 0.1744791671875 0.3369140625 0.1783854171875 0.33984375 0.1848958328125 0.3388671875 0.1966145828125 0.333984375 0.20052083281250002 0.3291015625
4 0.3619791671875 0.2978515625 0.35546875 0.291015625 0.3450520828125 0.291015625 0.3411458328125 0.2939453125 0.3385416671875 0.3076171875 0.3450520828125 0.314453125 0.3541666671875 0.3134765625 0.3619791671875 0.3076171875 0.3619791671875 0.2978515625
4 0.3541666671875 0.2685546875 0.34765625 0.263671875 0.33203125 0.263671875 0.328125 0.2666015625 0.328125 0.2763671875 0.33984375 0.283203125 0.3463541671875 0.2822265625 0.3541666671875 0.2783203125 0.3541666671875 0.2685546875
4 0.390625 0.3134765625 0.3984375 0.3017578125 0.3919270828125 0.296875 0.38671875 0.296875 0.3802083328125 0.3017578125 0.3802083328125 0.3115234375 0.390625 0.3134765625
4 0.33984375 0.326171875 0.3294270828125 0.322265625 0.31640625 0.322265625 0.3072916671875 0.3271484375 0.3046875 0.3369140625 0.30859375 0.33984375 0.3359375 0.3408203125 0.34375 0.3330078125 0.33984375 0.326171875
4 0.1640625 0.2197265625 0.171875 0.2236328125 0.1666666671875 0.2294921875 0.1692708328125 0.2451171875 0.20442708281250002 0.26171875 0.21614583281250002 0.2607421875 0.2265625 0.2529296875 0.22786458281250002 0.244140625 0.23567708281250002 0.2421875 0.24348958281250002 0.24609375 0.2630208328125 0.2412109375 0.2630208328125 0.2353515625 0.2552083328125 0.2294921875 0.2604166671875 0.2255859375 0.2604166671875 0.2197265625 0.24348958281250002 0.2109375 0.23307291718749998 0.208984375 0.22526041718749998 0.208984375 0.2265625 0.2119140625 0.21744791718749998 0.216796875 0.20182291718749998 0.216796875 0.1966145828125 0.208984375 0.1627604171875 0.208984375 0.1640625 0.2197265625
4 0.3411458328125 0.2197265625 0.3463541671875 0.2177734375 0.3424479171875 0.21484375 0.3216145828125 0.216796875 0.3177083328125 0.2197265625 0.3216145828125 0.23046875 0.3411458328125 0.2314453125 0.34375 0.2294921875 0.3411458328125 0.2197265625
4 0.3541666671875 0.2568359375 0.359375 0.2490234375 0.35546875 0.24609375 0.3450520828125 0.24609375 0.34375 0.2548828125 0.34765625 0.2578125 0.3541666671875 0.2568359375
4 0.3658854171875 0.263671875 0.3671875 0.2802734375 0.3776041671875 0.2802734375 0.3802083328125 0.2783203125 0.3776041671875 0.2646484375 0.3658854171875 0.263671875
4 0.359375 0.2353515625 0.3606770828125 0.2421875 0.3723958328125 0.2412109375 0.3684895828125 0.234375 0.359375 0.2353515625
4 0.3815104171875 0.244140625 0.3776041671875 0.2470703125 0.3802083328125 0.2529296875 0.375 0.2568359375 0.3802083328125 0.2705078125 0.3841145828125 0.2734375 0.3984375 0.2724609375 0.4036458328125 0.2666015625 0.4010416671875 0.2529296875 0.4036458328125 0.2490234375 0.3971354171875 0.244140625 0.3919270828125 0.24609375 0.3815104171875 0.244140625
5 0.3359375 0.1982421875 0.3190104171875 0.185546875 0.30859375 0.185546875 0.296875 0.1923828125 0.296875 0.1982421875 0.30859375 0.205078125 0.3307291671875 0.2041015625 0.3359375 0.2021484375 0.3359375 0.1982421875
4 0.0546875 0.7197265625 0.05078125 0.712890625 0.0403645828125 0.712890625 0.0260416671875 0.7236328125 0.0260416671875 0.7294921875 0.0325520828125 0.734375 0.0416666671875 0.7333984375 0.05208333281250001 0.7255859375 0.0546875 0.7197265625
4 0.08072916718749999 0.7177734375 0.08072916718749999 0.7255859375 0.08723958281250001 0.732421875 0.09114583281250001 0.7314453125 0.09635416718749999 0.7236328125 0.09635416718749999 0.7158203125 0.08463541718749999 0.71484375 0.08072916718749999 0.7177734375
4 0.1276041671875 0.7158203125 0.1315104171875 0.724609375 0.1458333328125 0.7255859375 0.1484375 0.7138671875 0.14453125 0.7109375 0.1276041671875 0.7158203125
4 0.1901041671875 0.6943359375 0.1901041671875 0.7021484375 0.19921875 0.70703125 0.203125 0.7060546875 0.2109375 0.7001953125 0.2109375 0.6962890625 0.1966145828125 0.69140625 0.1901041671875 0.6943359375
4 0.2265625 0.6865234375 0.23567708281250002 0.69140625 0.2421875 0.6904296875 0.24479166718749998 0.6845703125 0.22786458281250002 0.677734375 0.2265625 0.6865234375
4 0.21614583281250002 0.7197265625 0.22526041718749998 0.7265625 0.23177083281250002 0.7275390625 0.234375 0.7177734375 0.22005208281250002 0.7109375 0.21614583281250002 0.7197265625
4 0.20572916718749998 0.7353515625 0.20572916718749998 0.7412109375 0.21875 0.7412109375 0.22395833281250002 0.7333984375 0.21223958281250002 0.73046875 0.20572916718749998 0.7353515625
4 0.296875 0.7548828125 0.2994791671875 0.7490234375 0.2903645828125 0.7421875 0.28515625 0.7421875 0.2760416671875 0.7490234375 0.2799479171875 0.755859375 0.296875 0.7548828125
4 0.2552083328125 0.7255859375 0.2591145828125 0.734375 0.2708333328125 0.7333984375 0.2721354171875 0.72265625 0.2591145828125 0.72265625 0.2552083328125 0.7255859375
4 0.2708333328125 0.6826171875 0.2708333328125 0.6904296875 0.2825520828125 0.697265625 0.2890625 0.6962890625 0.3046875 0.6865234375 0.29296875 0.6796875 0.2747395828125 0.6796875 0.2708333328125 0.6826171875
4 0.3307291671875 0.7021484375 0.3333333328125 0.7001953125 0.3307291671875 0.6943359375 0.31640625 0.6875 0.3151041671875 0.7001953125 0.3190104171875 0.703125 0.3307291671875 0.7021484375
4 0.3541666671875 0.7001953125 0.3619791671875 0.6962890625 0.3619791671875 0.6923828125 0.3502604171875 0.6875 0.34375 0.6904296875 0.34375 0.7001953125 0.3541666671875 0.7001953125
4 0.3125 0.6728515625 0.31640625 0.67578125 0.3229166671875 0.6748046875 0.328125 0.6689453125 0.3190104171875 0.666015625 0.3125 0.6728515625
4 0.3229166671875 0.6767578125 0.3294270828125 0.68359375 0.3411458328125 0.6845703125 0.34375 0.6787109375 0.3372395828125 0.673828125 0.3229166671875 0.6767578125
4 0.3567708328125 0.6728515625 0.359375 0.6689453125 0.3528645828125 0.662109375 0.3450520828125 0.66015625 0.3385416671875 0.6650390625 0.33984375 0.671875 0.3567708328125 0.6728515625
5 0.1354166671875 0.9833984375 0.1354166671875 0.9892578125 0.1497395828125 1 0.1822916671875 0.9990234375 0.1822916671875 0.9951171875 0.1575520828125 0.9765625 0.14453125 0.9765625 0.1354166671875 0.9833984375
2 0 0.8373173875000001 0.0057289203125 0.8249644046875 0.02005121875 0.8233531453125 0.028644596875 0.8249644046875 0.047263585937500005 0.831946525 0.05872142500000001 0.830335265625 0.06230199843749999 0.82389023125 0.078056528125 0.8206677140625 0.0916627109375 0.8244273171875 0.0995399765625 0.827649834375 0.1088494703125 0.8260385765624999 0.1152945046875 0.820130628125 0.12890068906250002 0.8163710249999999 0.138926296875 0.8195935421874999 0.12102342343750001 0.827649834375 0.12317176875 0.8362432140625 0.12890068906250002 0.843225334375 0.14107464218750002 0.843225334375 0.1439391015625 0.831946525 0.1575452859375 0.8249644046875 0.17473204375 0.8287240078125 0.2055249859375 0.828186921875 0.22629231875000003 0.8308723515625 0.2542208015625 0.8389286453125001 0.25851749062499996 0.830335265625 0.285729859375 0.827649834375 0.298619928125 0.8335577828125 0.30506496250000004 0.838391559375 0.31365834062500003 0.8346319546875 0.3201033765625 0.828186921875 0.327980640625 0.8324836109374999 0.326548409375 0.843225334375 0.32726452500000003 0.8485961968750001 0.33514178906250003 0.84967036875 0.34373516875 0.838391559375 0.350180203125 0.8314094375 0.3687991921875 0.827649834375 0.3838376046875 0.8271127484375 0.3974437890625 0.8324836109374999 0.4121621078125 0.8261403296875001 0.4312790890625 0.8192582171874999 0.44619033437500005 0.8080747828125 0.47601282500000003 0.7834138765625001 0.49015939062499997 0.7647748203125 0.50889403125 0.7323715390625 0.508441603125 0.70519418125 0.499335540625 0.681902709375 0.47983622031250006 0.6621166328125 0.394956825 0.6142285953125 0.3590169015625 0.600751125 0.352517128125 0.5932955015625 0.34181161875 0.5875604078125 0.3284297328125 0.5887074265625001 0.31437445625 0.5832756140625001 0.29440150625 0.588420671875 0.277960903125 0.5987438421875 0.26266731718749997 0.6107875390624999 0.24660905312499998 0.6033319171875 0.24316799687500001 0.6076332375 0.23131546875 0.603618671875 0.22213931874999998 0.6016113890625 0.20990445000000002 0.6033319171875 0.19996362031249998 0.605912709375 0.1858170546875 0.5970233125 0.17740558281250002 0.6030451625000001 0.1689941109375 0.6136550875 0.152935846875 0.6139418421875 0.1464360734375 0.615375615625 0.13076015000000002 0.615375615625 0.11431954531249999 0.615375615625 0.10131999843749999 0.6102140312500001 0.0883204515625 0.6079199921875 0.076085584375 0.6039054265625 0.069203471875 0.6076332375 0.069203471875 0.6125080671875 0.076085584375 0.628279578125 0.06882113125 0.617669653125 0.062703696875 0.6205372 0.056968603124999996 0.61336833125 0 0.6026107171875 0 0.6466517859375001 0.0759081828125 0.65578225 0.122455653125 0.6530968203125 0.1869059984375 0.6450405265625 0.2255762046875 0.6364471468749999 0.25851749062499996 0.6300021124999999 0.33299344375 0.6359100625 0.39529544375 0.6590047671875 0.42537227031249997 0.683173646875 0.434681765625 0.7304372328125 0.42537227031249997 0.75675445625 0.375244225 0.7809233359375 0.304348846875 0.7938134046875 0.239898503125 0.79327631875 0.190486571875 0.7873683703125 0.1346296078125 0.7868312828125 0.0701792640625 0.78253459375 0.026496253125 0.78253459375 0 0.78253459375 0 0.8373173875000001