5 0.6669921875 0.5833333328125 0.6826171875 0.5807291671875 0.6875 0.5716145828125 0.6875 0.56640625 0.6787109375 0.5546875 0.6708984375 0.5520833328125 0.6650390625 0.5546875 0.6591796875 0.5677083328125 0.66015625 0.5768229171875 0.6669921875 0.5833333328125
5 0.046875 0.17578125 0.046875 0.1705729171875 0.0244140625 0.1432291671875 0.01953125 0.14453125 0.0205078125 0.1510416671875 0.0439453125 0.1770833328125 0.046875 0.17578125
5 0.3623046875 0.0234375 0.36328125 0.014322917187500001 0.3603515625 0.010416667187500001 0.3525390625 0.013020832812499999 0.3525390625 0.0234375 0.3564453125 0.0260416671875 0.3623046875 0.0234375
5 0.3349609375 0.1223958328125 0.341796875 0.1158854171875 0.3349609375 0.1015625 0.3212890625 0.1041666671875 0.3212890625 0.1119791671875 0.3271484375 0.1197916671875 0.3349609375 0.1223958328125
5 0.2666015625 0.7421875 0.2734375 0.7434895828125 0.2705078125 0.7317708328125 0.265625 0.7330729171875 0.2666015625 0.7421875
2 0.1201171875 0.08333333281250001 0.1025390625 0.0859375 0.1025390625 0.09375 0.1689453125 0.09635416718749999 0.2431640625 0.1067708328125 0.24609375 0.08723958281250001 0.2392578125 0.0859375 0.2353515625 0.08072916718749999 0.1748046875 0.07291666718749999 0.1474609375 0.07552083281250001 0.1220703125 0.07291666718749999 0.1201171875 0.08333333281250001
5 0.4033203125 0.046875 0.4111328125 0.0494791671875 0.4140625 0.0403645828125 0.4072265625 0.0364583328125 0.40234375 0.0403645828125 0.4033203125 0.046875
5 0.0380859375 0.5364583328125 0.0458984375 0.5390625 0.046875 0.5299479171875 0.0400390625 0.5286458328125 0.0380859375 0.5364583328125
5 0.1435546875 0.3020833328125 0.1494140625 0.3098958328125 0.15625 0.3059895828125 0.1533203125 0.2942708328125 0.1474609375 0.2942708328125 0.1435546875 0.3020833328125
5 0.158203125 0.0403645828125 0.1533203125 0.0364583328125 0.1474609375 0.0390625 0.142578125 0.0481770828125 0.1435546875 0.05729166718749999 0.1513671875 0.06510416718749999 0.1572265625 0.0625 0.16015625 0.05598958281250001 0.158203125 0.0403645828125
5 0.154296875 0.5794270828125 0.1494140625 0.5729166671875 0.1416015625 0.5729166671875 0.138671875 0.5794270828125 0.1396484375 0.5911458328125 0.1435546875 0.5963541671875 0.1494140625 0.5963541671875 0.154296875 0.58984375 0.154296875 0.5794270828125
5 0.8740234375 0.5026041671875 0.8779296875 0.5104166671875 0.884765625 0.51171875 0.884765625 0.5065104171875 0.8779296875 0.4973958328125 0.8740234375 0.5026041671875
5 0.9345703125 0.0208333328125 0.9541015625 0.0234375 0.955078125 0.014322917187500001 0.9384765625 0.0078125 0.93359375 0.014322917187500001 0.9345703125 0.0208333328125
5 0.44140625 0.1158854171875 0.4365234375 0.1067708328125 0.4306640625 0.1067708328125 0.42578125 0.1158854171875 0.4267578125 0.1223958328125 0.4384765625 0.125 0.44140625 0.1158854171875
5 0.5185546875 0.3098958328125 0.52734375 0.30859375 0.5283203125 0.2916666671875 0.517578125 0.29296875 0.5185546875 0.3098958328125
5 0.0595703125 0.1197916671875 0.064453125 0.1158854171875 0.0634765625 0.1119791671875 0.05859375 0.11328125 0.0595703125 0.1197916671875
5 0.4990234375 0.25 0.5048828125 0.25 0.509765625 0.24088541718749998 0.5009765625 0.23697916718749998 0.498046875 0.24088541718749998 0.4990234375 0.25
5 0.2626953125 0.28125 0.2705078125 0.2838541671875 0.2734375 0.27734375 0.2646484375 0.2760416671875 0.2626953125 0.28125
2 0.0732421875 0.9114583328125001 0.0869140625 0.9140625 0.095703125 0.9049479171874999 0.095703125 0.8919270828125001 0.10546875 0.8763020828125001 0.0927734375 0.8802083328125001 0.0869140625 0.8776041671874999 0.0771484375 0.8828125 0.0693359375 0.8776041671874999 0.0634765625 0.8854166671874999 0.0244140625 0.8828125 0.0146484375 0.890625 0.0126953125 0.8984375 0.0263671875 0.8932291671874999 0.0400390625 0.8932291671874999 0.0654296875 0.9036458328125001 0.0732421875 0.9114583328125001
2 0.140625 0.3815104171875 0.1416015625 0.3854166671875 0.1513671875 0.3828125 0.15234375 0.38671875 0.142578125 0.3971354171875 0.134765625 0.4153645828125 0.1318359375 0.4322916671875 0.1455078125 0.4322916671875 0.1591796875 0.421875 0.1708984375 0.4036458328125 0.1845703125 0.3958333328125 0.2001953125 0.3932291671875 0.2109375 0.3763020828125 0.21484375 0.3580729171875 0.224609375 0.34765625 0.224609375 0.3424479171875 0.2080078125 0.3333333328125 0.1669921875 0.3307291671875 0.1533203125 0.3203125 0.1396484375 0.3177083328125 0.1328125 0.3268229171875 0.134765625 0.3372395828125 0.1435546875 0.3541666671875 0.1455078125 0.3515625 0.154296875 0.3580729171875 0.15625 0.3736979171875 0.140625 0.3815104171875
2 0.81640625 0.1627604171875 0.83984375 0.1315104171875 0.83984375 0.1263020828125 0.845703125 0.12109375 0.84765625 0.11328125 0.8408203125 0.1145833328125 0.8310546875 0.1067708328125 0.8271484375 0.109375 0.8095703125 0.1067708328125 0.8017578125 0.1119791671875 0.7939453125 0.109375 0.7900390625 0.1145833328125 0.7607421875 0.1302083328125 0.724609375 0.1861979171875 0.716796875 0.21223958281250002 0.7138671875 0.24479166718749998 0.720703125 0.2877604171875 0.728515625 0.30859375 0.7529296875 0.3463541671875 0.7822265625 0.3723958328125 0.7939453125 0.3723958328125 0.8056640625 0.3671875 0.8115234375 0.3697916671875 0.8203125 0.3502604171875 0.80078125 0.3190104171875 0.798828125 0.30859375 0.787109375 0.2877604171875 0.78515625 0.22786458281250002 0.7939453125 0.21354166718749998 0.798828125 0.22265625 0.80078125 0.21744791718749998 0.798828125 0.20442708281250002 0.806640625 0.19140625 0.810546875 0.17578125 0.81640625 0.1705729171875 0.81640625 0.1627604171875
2 0.806640625 0.62890625 0.80078125 0.6263020828125 0.8046875 0.6236979171875 0.8046875 0.6184895828125 0.8017578125 0.6145833328125 0.7998046875 0.6171875 0.7958984375 0.6067708328125 0.7880859375 0.6119791671875 0.7802734375 0.6041666671875 0.759765625 0.6236979171875 0.751953125 0.6393229171875 0.751953125 0.6497395828125 0.74609375 0.6549479171875 0.7421875 0.6809895828125 0.7431640625 0.6953125 0.74609375 0.7018229171875 0.744140625 0.7356770828125 0.748046875 0.76171875 0.7744140625 0.7942708328125 0.7841796875 0.7994791671875 0.7919921875 0.8125 0.8017578125 0.8125 0.8095703125 0.7916666671875 0.8125 0.80078125 0.8173828125 0.8020833328125001 0.818359375 0.7877604171875 0.8134765625 0.78125 0.806640625 0.7825520828125 0.8046875 0.7591145828125 0.80078125 0.75390625 0.796875 0.6940104171875 0.80078125 0.6705729171875 0.810546875 0.6419270828125 0.806640625 0.6393229171875 0.806640625 0.62890625
5 0.326171875 0.4075520828125 0.326171875 0.3971354171875 0.3232421875 0.3932291671875 0.3134765625 0.3958333328125 0.3134765625 0.4010416671875 0.3193359375 0.4114583328125 0.326171875 0.4075520828125
5 0.421875 0.3346354171875 0.4228515625 0.34375 0.4248046875 0.3515625 0.4326171875 0.3515625 0.4375 0.33984375 0.4326171875 0.3333333328125 0.4248046875 0.3307291671875 0.421875 0.3346354171875
5 0.3701171875 0.3723958328125 0.3798828125 0.3671875 0.38671875 0.35546875 0.3779296875 0.3489583328125 0.3701171875 0.3723958328125
5 0.3779296875 0.1328125 0.3759765625 0.140625 0.3798828125 0.15625 0.3857421875 0.1588541671875 0.390625 0.1549479171875 0.392578125 0.1393229171875 0.3876953125 0.1328125 0.3779296875 0.1328125
5 0.3583984375 0.8229166671874999 0.3662109375 0.8359375 0.369140625 0.81640625 0.3623046875 0.8125 0.357421875 0.8190104171874999 0.3583984375 0.8229166671874999
5 0.478515625 0.68359375 0.478515625 0.6731770828125 0.4755859375 0.6692708328125 0.470703125 0.6705729171875 0.4716796875 0.6848958328125 0.4755859375 0.6875 0.478515625 0.68359375
5 0.4384765625 0.8020833328125001 0.4443359375 0.8072916671874999 0.447265625 0.7955729171875 0.4404296875 0.7916666671875 0.4375 0.7955729171875 0.4384765625 0.8020833328125001
5 0.8408203125 0.5807291671875 0.8388671875 0.5885416671875 0.83984375 0.6028645828125 0.8564453125 0.6119791671875 0.869140625 0.6002604171875 0.8671875 0.58984375 0.8544921875 0.578125 0.8408203125 0.5807291671875