5 0.00390625 0.878125 0.0078125 0.0125
5 0.15703125 0.3953125 0.009375 0.009375
5 0.1015625 0.1103515625 0.1184895828125 0.126953125 0.1419270828125 0.13671875 0.1627604171875 0.140625 0.1692708328125 0.1376953125 0.1770833328125 0.1123046875 0.1770833328125 0.0869140625 0.1575520828125 0.068359375 0.1471354171875 0.06640625 0.1341145828125 0.0703125 0.1067708328125 0.0986328125 0.1015625 0.1103515625
5 0.18359375 0.068359375 0.1901041671875 0.0634765625 0.1875 0.0537109375 0.1705729171875 0.041015625 0.1627604171875 0.041015625 0.1536458328125 0.0478515625 0.15625 0.0595703125 0.1731770828125 0.068359375 0.18359375 0.068359375
5 0.1888020828125 0.0625 0.1822916671875 0.0673828125 0.1822916671875 0.0751953125 0.1940104171875 0.078125 0.20052083281250002 0.0751953125 0.20052083281250002 0.0654296875 0.1888020828125 0.0625
5 0.23828125 0.119140625 0.24739583281250002 0.1181640625 0.24348958281250002 0.109375 0.23307291718749998 0.109375 0.23177083281250002 0.1142578125 0.23828125 0.119140625
5 0.9427083328125001 0.0185546875 0.9388020828125001 0.015625 0.9296875 0.0166015625 0.9270833328125001 0.0244140625 0.93359375 0.029296875 0.94140625 0.029296875 0.9453125 0.0263671875 0.9427083328125001 0.0185546875
5 0.69140625 0.39453125 0.6979166671875 0.3916015625 0.69140625 0.3828125 0.67578125 0.3828125 0.6783854171875 0.392578125 0.69140625 0.39453125
5 0.79296875 0.359375 0.796875 0.3564453125 0.796875 0.3447265625 0.7825520828125 0.345703125 0.78125 0.3564453125 0.79296875 0.359375
5 0.8528645828125001 0.478515625 0.8723958328125001 0.4677734375 0.8828125 0.4228515625 0.8580729171874999 0.404296875 0.8346354171874999 0.40625 0.8203125 0.4169921875 0.8255208328125001 0.4716796875 0.8372395828125001 0.478515625 0.8528645828125001 0.478515625
5 0.7578125 0.4736328125 0.7408854171875 0.4609375 0.7291666671875 0.4619140625 0.7239583328125 0.4697265625 0.7239583328125 0.4833984375 0.73828125 0.494140625 0.7578125 0.4794921875 0.7578125 0.4736328125
5 0.7877604171875 0.541015625 0.7864583328125 0.5458984375 0.79296875 0.548828125 0.7942708328125 0.5419921875 0.7877604171875 0.541015625
5 0.90625 0.5771484375 0.9049479171874999 0.56640625 0.8815104171874999 0.560546875 0.8658854171874999 0.564453125 0.8567708328125001 0.5712890625 0.8541666671874999 0.5771484375 0.86328125 0.583984375 0.8841145828125001 0.5859375 0.90625 0.5771484375
5 0.2734375 0.3388671875 0.2643229171875 0.333984375 0.25390625 0.333984375 0.25 0.3447265625 0.26171875 0.3515625 0.26953125 0.3515625 0.2760416671875 0.3447265625 0.2734375 0.3388671875
5 0.05338541718749999 0.390625 0.05208333281250001 0.3974609375 0.06380208281250001 0.40234375 0.06510416718749999 0.3935546875 0.05338541718749999 0.390625
5 0.006510417187500001 0.447265625 0.0208333328125 0.4365234375 0.01171875 0.427734375 0.0013020828125 0.42578125 0 0.4462890625 0.006510417187500001 0.447265625
5 0.1653645828125 0.501953125 0.1822916671875 0.4990234375 0.17578125 0.490234375 0.1653645828125 0.490234375 0.1614583328125 0.4931640625 0.1653645828125 0.501953125
5 0.23828125 0.509765625 0.24739583281250002 0.5029296875 0.24348958281250002 0.498046875 0.23567708281250002 0.498046875 0.23177083281250002 0.5068359375 0.23828125 0.509765625
5 0.2708333328125 0.5751953125 0.2708333328125 0.5654296875 0.2565104171875 0.5625 0.25 0.5673828125 0.25 0.5751953125 0.2565104171875 0.58203125 0.26171875 0.58203125 0.2708333328125 0.5751953125
5 0.6627604171875 0.71484375 0.6588541671875 0.7197265625 0.6705729171875 0.7265625 0.671875 0.7177734375 0.6627604171875 0.71484375
5 0.9466145828125001 0.798828125 0.953125 0.7939453125 0.953125 0.7841796875 0.9440104171874999 0.7734375 0.9075520828125001 0.7734375 0.9036458328125001 0.7763671875 0.90625 0.7822265625 0.9283854171874999 0.794921875 0.9466145828125001 0.798828125
5 0.7721354171875 0.87109375 0.7981770828125 0.8671875 0.8072916671874999 0.8564453125 0.8059895828125001 0.849609375 0.7799479171875 0.841796875 0.7591145828125 0.841796875 0.75 0.8466796875 0.7473958328125 0.8623046875 0.75390625 0.8671875 0.7721354171875 0.87109375
5 0.0546875 0.9072265625 0.0455729171875 0.900390625 0.0325520828125 0.90234375 0.0286458328125 0.9052734375 0.03125 0.9169921875 0.0377604171875 0.919921875 0.0481770828125 0.91796875 0.0546875 0.9072265625
5 0.0403645828125 0.927734375 0.0364583328125 0.9384765625 0.0481770828125 0.94140625 0.05208333281250001 0.9306640625 0.0403645828125 0.927734375
5 0.4622395828125 0.92578125 0.4583333328125 0.9326171875 0.4674479171875 0.9375 0.4739583328125 0.9306640625 0.4622395828125 0.92578125
5 0.4361979171875 0.98046875 0.4322916671875 0.9892578125 0.44140625 0.9921875 0.4479166671875 0.9853515625 0.4361979171875 0.98046875
5 0.609375 0.9833984375 0.6119791671875 0.9658203125 0.5963541671875 0.9677734375 0.5859375 0.9794921875 0.5859375 0.9853515625 0.5924479171875 0.990234375 0.6028645828125 0.990234375 0.609375 0.9833984375
5 0.8606770828125001 0.830078125 0.8541666671874999 0.8349609375 0.8580729171874999 0.845703125 0.88671875 0.84375 0.9010416671874999 0.8369140625 0.8971354171874999 0.830078125 0.8606770828125001 0.830078125
5 0.85546875 0.94140625 0.8515625 0.9482421875 0.8606770828125001 0.955078125 0.8684895828125001 0.955078125 0.8697916671874999 0.9462890625 0.86328125 0.94140625 0.85546875 0.94140625
5 0.76171875 0.982421875 0.7552083328125 0.9873046875 0.7565104171875 1 0.7864583328125 0.9990234375 0.7838541671875 0.9912109375 0.7747395828125 0.984375 0.76171875 0.982421875
5 0.9856770828125001 0.9296875 1 0.9130859375 0.9973958328125001 0.9033203125 0.9700520828125001 0.89453125 0.9518229171874999 0.89453125 0.9479166671874999 0.8974609375 0.9505208328125001 0.9091796875 0.97265625 0.9296875 0.9856770828125001 0.9296875
5 0.9427083328125001 0.9677734375 0.9244791671874999 0.9990234375 0.9830729171874999 1 0.9739583328125001 0.9677734375 0.96484375 0.962890625 0.9518229171874999 0.962890625 0.9427083328125001 0.9677734375
5 0.84765625 0.716796875 0.8567708328125001 0.7138671875 0.85546875 0.70703125 0.8424479171874999 0.70703125 0.8411458328125001 0.7119140625 0.84765625 0.716796875
5 0.87109375 0.71484375 0.8736979171874999 0.720703125 0.921875 0.7275390625 0.87109375 0.71484375
5 0.87109375 0.703125 0.8697916671874999 0.7080078125 0.87890625 0.7109375 0.8802083328125001 0.7041015625 0.87109375 0.703125
5 0.24869791718749998 0.962890625 0.26953125 0.9609375 0.28125 0.9541015625 0.28125 0.9423828125 0.2643229171875 0.931640625 0.24088541718749998 0.935546875 0.2265625 0.9482421875 0.22395833281250002 0.9541015625 0.22786458281250002 0.95703125 0.24869791718749998 0.962890625
5 0.0494791671875 0.5634765625 0.06119791718749999 0.5703125 0.09244791718749999 0.5703125 0.12890625 0.5625 0.1484375 0.5537109375 0.14453125 0.54296875 0.1236979171875 0.537109375 0.06901041718749999 0.537109375 0.05208333281250001 0.5458984375 0.046875 0.5576171875 0.0494791671875 0.5634765625
2 0.2604166671875 0.2333984375 0.2578125 0.2666015625 0.2838541671875 0.2978515625 0.3059895828125 0.314453125 0.3606770828125 0.33984375 0.3815104171875 0.33984375 0.3919270828125 0.3359375 0.3984375 0.3291015625 0.3984375 0.3212890625 0.38746095 0.24216309374999997 0.34696361875 0.22410347343749998 0.2903645828125 0.232421875 0.2604166671875 0.2333984375
5 0.5481770828125 0.703125 0.5013020828125 0.681640625 0.4856770828125 0.6796875 0.4817708328125 0.6865234375 0.5091145828125 0.701171875 0.55859375 0.716796875 0.5651041671875 0.7158203125 0.5481770828125 0.703125
5 0.8971354171874999 0.630859375 0.9348958328125001 0.6318359375 0.9283854171874999 0.626953125 0.8971354171874999 0.623046875 0.8932291671874999 0.6259765625 0.8971354171874999 0.630859375
2 0.7434895828125 0.08984375 0.76953125 0.107421875 0.8424479171874999 0.140625 0.8567708328125001 0.1376953125 0.8125 0.0771484375 0.7721354171875 0.04296875 0.7122395828125 0.03125 0.7083333328125 0.0341796875 0.7109375 0.0537109375 0.7434895828125 0.08984375
5 0.859375 0.3564453125 0.8502604171874999 0.345703125 0.8268229171874999 0.337890625 0.8033854171874999 0.3359375 0.7994791671875 0.3388671875 0.796875 0.3505859375 0.8216145828125001 0.36328125 0.83984375 0.36328125 0.859375 0.3564453125