5 0.3684895828125 0.1796875 0.3815104171875 0.1796875 0.3971354171875 0.169921875 0.40234375 0.169921875 0.4088541671875 0.1650390625 0.4166666671875 0.1474609375 0.4166666671875 0.1376953125 0.40234375 0.12109375 0.3580729171875 0.10546875 0.3359375 0.1044921875 0.29296875 0.1171875 0.28125 0.1259765625 0.2708333328125 0.1494140625 0.2734375 0.1630859375 0.28125 0.1748046875 0.30078125 0.189453125 0.3346354171875 0.201171875 0.3424479171875 0.19921875 0.3580729171875 0.18359375 0.3684895828125 0.1796875
5 0.140625 0.2529296875 0.13671875 0.244140625 0.1197916671875 0.2451171875 0.1197916671875 0.2548828125 0.1236979171875 0.2578125 0.1341145828125 0.2578125 0.140625 0.2529296875
5 0.05989583281250001 0.5986328125 0.06901041718749999 0.603515625 0.09244791718749999 0.60546875 0.1015625 0.5966796875 0.09895833281250001 0.5888671875 0.08984375 0.580078125 0.0703125 0.5791015625 0.05729166718749999 0.5908203125 0.05989583281250001 0.5986328125
5 0.1627604171875 0.423828125 0.1588541671875 0.4287109375 0.1640625 0.4443359375 0.1783854171875 0.453125 0.20052083281250002 0.4404296875 0.20572916718749998 0.4287109375 0.20182291718749998 0.421875 0.1861979171875 0.416015625 0.1796875 0.4169921875 0.1627604171875 0.423828125
5 0.4921875 0.2275390625 0.4856770828125 0.220703125 0.4739583328125 0.2197265625 0.4635416671875 0.2275390625 0.47265625 0.23828125 0.4830729171875 0.236328125 0.4921875 0.2275390625
5 0.66796875 0.767578125 0.6783854171875 0.767578125 0.6848958328125 0.7587890625 0.67578125 0.75 0.671875 0.7509765625 0.6588541671875 0.7568359375 0.6588541671875 0.7626953125 0.66796875 0.767578125
5 0.014322917187500001 0.16015625 0.0026041671875 0.1611328125 0 0.2041015625 0.0026041671875 0.2099609375 0.009114582812499999 0.2109375 0.03125 0.2001953125 0.0416666671875 0.1904296875 0.0416666671875 0.1826171875 0.0390625 0.1748046875 0.0299479171875 0.16796875 0.0221354171875 0.16796875 0.014322917187500001 0.16015625
5 0.234375 0.7255859375 0.23307291718749998 0.71875 0.21875 0.7177734375 0.203125 0.7255859375 0.20703125 0.734375 0.22526041718749998 0.734375 0.234375 0.7255859375
5 0.05078125 0.134765625 0.05729166718749999 0.1279296875 0.0546875 0.1201171875 0.0455729171875 0.11328125 0.0390625 0.1142578125 0.0364583328125 0.1181640625 0.0390625 0.1279296875 0.05078125 0.134765625
5 0.09895833281250001 0.0126953125 0.1028645828125 0.025390625 0.11328125 0.025390625 0.1171875 0.0224609375 0.1106770828125 0.01171875 0.09895833281250001 0.0126953125
5 0.06901041718749999 0.087890625 0.07291666718749999 0.0849609375 0.0703125 0.0751953125 0.06380208281250001 0.0703125 0.05729166718749999 0.0712890625 0.0546875 0.0751953125 0.05989583281250001 0.0849609375 0.06901041718749999 0.087890625
5 0.1588541671875 0.1025390625 0.1510416671875 0.1103515625 0.1510416671875 0.1201171875 0.1549479171875 0.123046875 0.1653645828125 0.123046875 0.1744791671875 0.1142578125 0.1666666671875 0.1064453125 0.1666666671875 0.0966796875 0.1588541671875 0.0966796875 0.1588541671875 0.1025390625
5 0.1315104171875 0.216796875 0.1354166671875 0.2138671875 0.1354166671875 0.2060546875 0.1263020828125 0.201171875 0.1197916671875 0.2021484375 0.109375 0.2119140625 0.1184895828125 0.21875 0.1315104171875 0.216796875
5 0.62109375 0.8203125 0.6354166671875 0.8173828125 0.6328125 0.8076171875 0.6263020828125 0.802734375 0.6145833328125 0.8037109375 0.609375 0.8095703125 0.6197916671875 0.8154296875 0.62109375 0.8203125
5 0.3489583328125 0.7080078125 0.34375 0.7158203125 0.3528645828125 0.724609375 0.359375 0.7158203125 0.359375 0.7080078125 0.3489583328125 0.7080078125
5 0.7903645828125 0.587890625 0.7838541671875 0.5927734375 0.7838541671875 0.6005859375 0.79296875 0.611328125 0.80078125 0.611328125 0.8125 0.6044921875 0.8125 0.5888671875 0.80859375 0.5859375 0.8020833328125001 0.5869140625 0.7903645828125 0.587890625
5 0.08463541718749999 0.166015625 0.08072916718749999 0.1708984375 0.08072916718749999 0.1826171875 0.08984375 0.19140625 0.1028645828125 0.193359375 0.1067708328125 0.1865234375 0.1041666671875 0.1689453125 0.09505208281250001 0.1640625 0.09114583281250001 0.1650390625 0.08463541718749999 0.166015625
5 1 0.8583984375 0.9973958328125001 0.8583984375 0.9908854171874999 0.859375 0.984375 0.8681640625 0.9869791671874999 0.8798828125 0.99609375 0.8828125 1 0.8818359375 1 0.8583984375
5 0.0481770828125 0 0.013020832812499999 0.0009765625 0.0026041671875 0.0048828125 0.0052083328125 0.0244140625 0.0169270828125 0.03125 0.02734375 0.033203125 0.0325520828125 0.0390625 0.0403645828125 0.0390625 0.046875 0.0341796875 0.0546875 0.0185546875 0.05208333281250001 0.0029296875 0.0481770828125 0
5 0.04296875 0.001953125 0.0182291671875 0.0029296875 0.0078125 0.0068359375 0.013020832812499999 0.0087890625 0.0052083328125 0.0244140625 0.0208333328125 0.0341796875 0.02734375 0.04296875 0.0325520828125 0.04296875 0.0442708328125 0.0361328125 0.05208333281250001 0.0107421875 0.0494791671875 0.0048828125 0.04296875 0.001953125
5 0 0.4423828125 0.00390625 0.447265625 0.014322917187500001 0.447265625 0.0221354171875 0.439453125 0.0299479171875 0.439453125 0.0338541671875 0.4287109375 0.0390625 0.4248046875 0.0364583328125 0.4169921875 0.0299479171875 0.412109375 0.0182291671875 0.4111328125 0 0.4306640625 0 0.4423828125
5 0.8385416671874999 0.5966796875 0.8450520828125001 0.603515625 0.86328125 0.60546875 0.875 0.5986328125 0.8776041671874999 0.5888671875 0.8684895828125001 0.580078125 0.8541666671874999 0.5810546875 0.8385416671874999 0.5908203125 0.8385416671874999 0.5966796875
5 0.9609375 0.5556640625 0.9583333328125001 0.5478515625 0.9479166671874999 0.5458984375 0.9322916671874999 0.5537109375 0.9309895828125001 0.564453125 0.94921875 0.5625 0.9609375 0.5556640625
5 0.8177083328125001 0.4326171875 0.82421875 0.4375 0.8294270828125001 0.4375 0.8411458328125001 0.4267578125 0.8411458328125001 0.4189453125 0.83203125 0.4140625 0.8203125 0.4150390625 0.8125 0.4248046875 0.8177083328125001 0.4326171875
5 0.16015625 0.787109375 0.1510416671875 0.7880859375 0.1393229171875 0.796875 0.1263020828125 0.796875 0.1171875 0.8056640625 0.1171875 0.8115234375 0.1315104171875 0.8203125 0.14453125 0.814453125 0.1627604171875 0.814453125 0.1692708328125 0.8076171875 0.1666666671875 0.7919921875 0.16015625 0.787109375
5 0.1979166671875 0.1845703125 0.1888020828125 0.1875 0.1783854171875 0.185546875 0.171875 0.2001953125 0.17578125 0.205078125 0.18359375 0.205078125 0.1940104171875 0.21484375 0.20182291718749998 0.21484375 0.2109375 0.2060546875 0.20833333281250002 0.1884765625 0.1979166671875 0.1845703125
5 0.20703125 0.33984375 0.2109375 0.3369140625 0.21614583281250002 0.3271484375 0.21223958281250002 0.3203125 0.1822916671875 0.3193359375 0.1770833328125 0.3271484375 0.1861979171875 0.33984375 0.20703125 0.33984375
5 0.06770833281250001 0.3388671875 0.0703125 0.3310546875 0.0546875 0.3251953125 0.046875 0.3291015625 0.046875 0.3388671875 0.05598958281250001 0.34375 0.06770833281250001 0.3388671875
5 0.6770833328125 0.9384765625 0.65234375 0.92578125 0.6354166671875 0.9248046875 0.6028645828125 0.92578125 0.5963541671875 0.9306640625 0.60546875 0.939453125 0.62109375 0.939453125 0.6276041671875 0.9501953125 0.6393229171875 0.955078125 0.6549479171875 0.958984375 0.6705729171875 0.955078125 0.6770833328125 0.9462890625 0.6770833328125 0.9384765625
5 0.8723958328125001 0.8876953125 0.88671875 0.89453125 0.8997395828125001 0.89453125 0.90625 0.8896484375 0.9036458328125001 0.8740234375 0.88671875 0.8671875 0.8776041671874999 0.8681640625 0.8723958328125001 0.8701171875 0.8723958328125001 0.8876953125