5 0.07421875 0.59453125 0.0203125 0.01875
5 0.6770833328125 0.5380859375 0.6822916671875 0.5478515625 0.72265625 0.572265625 0.76953125 0.580078125 0.80078125 0.576171875 0.83984375 0.556640625 0.8489583328125001 0.5498046875 0.8671875 0.5205078125 0.8671875 0.5048828125 0.8307291671874999 0.4736328125 0.7955729171875 0.44921875 0.7669270828125 0.44140625 0.7252604171875 0.451171875 0.7096354171875 0.458984375 0.6848958328125 0.4951171875 0.6770833328125 0.5146484375 0.6770833328125 0.5380859375
5 0.6028645828125 0.80859375 0.6471354171875 0.8203125 0.6731770828125 0.8203125 0.6888020828125 0.81640625 0.7213541671875 0.7939453125 0.7213541671875 0.7705078125 0.703125 0.7099609375 0.6953125 0.6982421875 0.6731770828125 0.68359375 0.65234375 0.677734375 0.6028645828125 0.677734375 0.5703125 0.7060546875 0.5598958328125 0.7255859375 0.5572916671875 0.7763671875 0.5716145828125 0.791015625 0.6028645828125 0.80859375
5 0.7421875 0.7880859375 0.7395833328125 0.7958984375 0.7447916671875 0.8115234375 0.7565104171875 0.818359375 0.7799479171875 0.818359375 0.8020833328125001 0.8056640625 0.8072916671874999 0.7841796875 0.7799479171875 0.767578125 0.7591145828125 0.767578125 0.7421875 0.7880859375
5 0.6354166671875 0.4345703125 0.6276041671875 0.4013671875 0.61328125 0.38671875 0.5794270828125 0.39453125 0.5703125 0.4013671875 0.5651041671875 0.4130859375 0.5677083328125 0.4267578125 0.5846354171875 0.443359375 0.5924479171875 0.447265625 0.60546875 0.447265625 0.62109375 0.443359375 0.6354166671875 0.4345703125
5 0.3580729171875 0.33984375 0.3763020828125 0.341796875 0.3854166671875 0.3388671875 0.3880208328125 0.3271484375 0.3815104171875 0.318359375 0.3606770828125 0.31640625 0.3541666671875 0.3212890625 0.3515625 0.3349609375 0.3580729171875 0.33984375
5 0.44921875 0.326171875 0.4674479171875 0.33203125 0.4791666671875 0.3251953125 0.4791666671875 0.3134765625 0.46484375 0.3046875 0.4518229171875 0.3046875 0.4479166671875 0.3095703125 0.4453125 0.3193359375 0.44921875 0.326171875
5 0.55078125 0.310546875 0.5546875 0.2919921875 0.5481770828125 0.287109375 0.53515625 0.2890625 0.5286458328125 0.2939453125 0.5286458328125 0.3056640625 0.53515625 0.310546875 0.55078125 0.310546875
5 0.203125 0.3466796875 0.20052083281250002 0.3662109375 0.21223958281250002 0.37890625 0.22265625 0.380859375 0.234375 0.3740234375 0.23697916718749998 0.3681640625 0.234375 0.3427734375 0.22786458281250002 0.3359375 0.21744791718749998 0.333984375 0.203125 0.3466796875
5 0.2669270828125 0.439453125 0.28515625 0.44140625 0.2916666671875 0.4384765625 0.2916666671875 0.4267578125 0.2825520828125 0.416015625 0.2721354171875 0.416015625 0.2630208328125 0.4228515625 0.2604166671875 0.4326171875 0.2669270828125 0.439453125
5 0.2552083328125 0.4541015625 0.2578125 0.4462890625 0.24869791718749998 0.439453125 0.23307291718749998 0.439453125 0.22916666718749998 0.4521484375 0.23828125 0.4609375 0.24348958281250002 0.4609375 0.2552083328125 0.4541015625
5 0.3190104171875 0.541015625 0.3346354171875 0.544921875 0.3567708328125 0.5322265625 0.3567708328125 0.5126953125 0.33984375 0.501953125 0.32421875 0.501953125 0.3072916671875 0.5166015625 0.3072916671875 0.5322265625 0.3190104171875 0.541015625
5 0.3880208328125 0.5712890625 0.40234375 0.58203125 0.41796875 0.58203125 0.4244791671875 0.5732421875 0.4244791671875 0.5615234375 0.4075520828125 0.552734375 0.3919270828125 0.5546875 0.3880208328125 0.5576171875 0.3880208328125 0.5712890625
5 0.19140625 0.216796875 0.21223958281250002 0.216796875 0.21875 0.2119140625 0.21875 0.2021484375 0.21223958281250002 0.193359375 0.1966145828125 0.19140625 0.18359375 0.1953125 0.1822916671875 0.2041015625 0.19140625 0.216796875
5 0.08333333281250001 0.2353515625 0.08333333281250001 0.2080078125 0.06901041718749999 0.2109375 0.05989583281250001 0.2216796875 0.0546875 0.2373046875 0.06380208281250001 0.24609375 0.07161458281250001 0.24609375 0.08333333281250001 0.2353515625
5 0.15625 0.1123046875 0.1471354171875 0.1015625 0.1393229171875 0.099609375 0.1276041671875 0.1044921875 0.125 0.1142578125 0.1393229171875 0.123046875 0.1471354171875 0.12109375 0.15625 0.1123046875
5 0.18359375 0.099609375 0.1940104171875 0.09765625 0.20052083281250002 0.0908203125 0.20052083281250002 0.0849609375 0.1940104171875 0.080078125 0.1809895828125 0.080078125 0.1744791671875 0.0849609375 0.171875 0.0908203125 0.18359375 0.099609375
5 0.3802083328125 0.0869140625 0.3776041671875 0.0673828125 0.3606770828125 0.0625 0.3541666671875 0.0693359375 0.3515625 0.0888671875 0.35546875 0.091796875 0.3763020828125 0.08984375 0.3802083328125 0.0869140625
5 0.2630208328125 0.1533203125 0.2630208328125 0.1416015625 0.25390625 0.134765625 0.2421875 0.1376953125 0.23958333281250002 0.1513671875 0.2513020828125 0.158203125 0.2591145828125 0.15625 0.2630208328125 0.1533203125
5 0.06770833281250001 0.1904296875 0.06770833281250001 0.1787109375 0.06119791718749999 0.173828125 0.0455729171875 0.17578125 0.0416666671875 0.1787109375 0.0416666671875 0.1904296875 0.0455729171875 0.193359375 0.06770833281250001 0.1904296875
5 0.1614583328125 0.1669921875 0.1640625 0.1572265625 0.16015625 0.15234375 0.1497395828125 0.15234375 0.1432291671875 0.1572265625 0.1432291671875 0.1650390625 0.1549479171875 0.169921875 0.1614583328125 0.1669921875
5 0.1783854171875 0.248046875 0.1666666671875 0.2568359375 0.1666666671875 0.2666015625 0.17578125 0.271484375 0.1901041671875 0.2666015625 0.1875 0.2529296875 0.1783854171875 0.248046875
5 0.3268229171875 0.716796875 0.33984375 0.716796875 0.3580729171875 0.708984375 0.3645833328125 0.7001953125 0.3528645828125 0.6875 0.33984375 0.6875 0.3255208328125 0.6962890625 0.3229166671875 0.7138671875 0.3268229171875 0.716796875
5 0.4348958328125 0.8212890625 0.4440104171875 0.828125 0.45703125 0.830078125 0.46875 0.8134765625 0.4661458328125 0.8056640625 0.45703125 0.80078125 0.4309895828125 0.802734375 0.4270833328125 0.8115234375 0.4348958328125 0.8212890625
5 0.44921875 0.74609375 0.4453125 0.7490234375 0.4453125 0.7607421875 0.4596354171875 0.765625 0.4713541671875 0.7490234375 0.4596354171875 0.744140625 0.44921875 0.74609375
5 0.0338541671875 0.7587890625 0.0338541671875 0.7724609375 0.0377604171875 0.77734375 0.04296875 0.77734375 0.08723958281250001 0.771484375 0.09895833281250001 0.7646484375 0.1041666671875 0.7548828125 0.09505208281250001 0.74609375 0.07421875 0.74609375 0.0338541671875 0.7587890625
5 0.3268229171875 0.361328125 0.3177083328125 0.3681640625 0.3177083328125 0.3798828125 0.3346354171875 0.392578125 0.34375 0.3740234375 0.3385416671875 0.3662109375 0.3268229171875 0.361328125
5 0.4166666671875 0.4111328125 0.4231770828125 0.416015625 0.43359375 0.416015625 0.4427083328125 0.4111328125 0.4427083328125 0.3916015625 0.4361979171875 0.388671875 0.421875 0.3916015625 0.4166666671875 0.3994140625 0.4166666671875 0.4111328125
5 0.46875 0.4462890625 0.46875 0.4658203125 0.48828125 0.47265625 0.5091145828125 0.46875 0.515625 0.4638671875 0.5260416671875 0.4501953125 0.5286458328125 0.4384765625 0.51953125 0.43359375 0.4908854171875 0.43359375 0.46875 0.4462890625
5 0.49609375 0.43359375 0.5325520828125 0.43359375 0.5364583328125 0.4306640625 0.5364583328125 0.4208984375 0.52734375 0.416015625 0.5013020828125 0.416015625 0.4947916671875 0.4189453125 0.4921875 0.4306640625 0.49609375 0.43359375
5 0.8033854171874999 0.96484375 0.82421875 0.9609375 0.8411458328125001 0.9521484375 0.8463541671874999 0.9345703125 0.8346354171874999 0.931640625 0.8190104171874999 0.935546875 0.7994791671875 0.9482421875 0.796875 0.9580078125 0.8033854171874999 0.96484375
5 0.93359375 0.708984375 0.9322916671874999 0.7216796875 0.9361979171874999 0.724609375 0.95703125 0.724609375 0.9609375 0.7216796875 0.95703125 0.712890625 0.93359375 0.708984375
5 0.9518229171874999 0.7734375 0.9609375 0.7587890625 0.9583333328125001 0.7451171875 0.9361979171874999 0.740234375 0.9322916671874999 0.7431640625 0.9322916671874999 0.7744140625 0.9361979171874999 0.77734375 0.9518229171874999 0.7734375
5 0.0416666671875 0.3017578125 0.05338541718749999 0.306640625 0.06901041718749999 0.3046875 0.07291666718749999 0.2978515625 0.06770833281250001 0.2900390625 0.05598958281250001 0.283203125 0.0481770828125 0.283203125 0.0390625 0.2900390625 0.0416666671875 0.3017578125
5 0.1106770828125 0.404296875 0.1197916671875 0.3955078125 0.11328125 0.3828125 0.09765625 0.380859375 0.0859375 0.3896484375 0.0859375 0.4052734375 0.09244791718749999 0.408203125 0.1106770828125 0.404296875
5 0.1744791671875 0.5791015625 0.1588541671875 0.5498046875 0.1549479171875 0.548828125 0.1484375 0.5556640625 0.1380208328125 0.5791015625 0.1497395828125 0.587890625 0.1627604171875 0.587890625 0.1744791671875 0.5791015625