5 0.1875 0.6796875 0.01875 0.021875
5 0.54296875 0.97734375 0.028125 0.0203125
5 0.07109375 0.98515625 0.06875 0.0296875
5 0.1703125 0.9359375 0.0203125 0.034375
5 0.857421875 0.19140625 0.8662109375 0.20833333281250002 0.8916015625 0.2109375 0.8984375 0.1940104171875 0.8818359375 0.15625 0.8662109375 0.1536458328125 0.857421875 0.1627604171875 0.857421875 0.19140625
5 0.8310546875 0.1744791671875 0.826171875 0.18359375 0.828125 0.19921875 0.8330078125 0.20572916718749998 0.8408203125 0.20572916718749998 0.84765625 0.1966145828125 0.84765625 0.1809895828125 0.8427734375 0.1744791671875 0.8310546875 0.1744791671875
5 0.8681640625 0.4088541671875 0.861328125 0.41796875 0.86328125 0.4361979171875 0.8779296875 0.4427083328125 0.8857421875 0.4401041671875 0.890625 0.4309895828125 0.8896484375 0.40625 0.8740234375 0.4036458328125 0.8681640625 0.4088541671875
5 1 0.4049479171875 0.9912109375 0.4036458328125 0.9853515625 0.4088541671875 0.96875 0.4388020828125 0.9765625 0.48046875 0.9931640625 0.4921875 1 0.4908854171875 1 0.4049479171875
5 0.9765625 0.3502604171875 0.978515625 0.36328125 0.9814453125 0.3671875 0.9990234375 0.3671875 1 0.3424479171875 0.9931640625 0.3333333328125 0.9873046875 0.3333333328125 0.9765625 0.3502604171875
5 0.994140625 0.37109375 0.9755859375 0.3723958328125 0.97265625 0.3815104171875 0.9833984375 0.390625 0.994140625 0.37890625 0.994140625 0.37109375
5 0.767578125 0.23828125 0.76953125 0.24869791718749998 0.7783203125 0.2604166671875 0.78515625 0.2565104171875 0.78515625 0.24088541718749998 0.7783203125 0.23177083281250002 0.7724609375 0.23177083281250002 0.767578125 0.23828125
5 0.7451171875 0.1510416671875 0.759765625 0.1341145828125 0.7734375 0.09765625 0.77734375 0.06640625 0.7734375 0.0481770828125 0.7451171875 0.013020832812499999 0.7080078125 0.010416667187500001 0.6865234375 0.015625 0.662109375 0.0481770828125 0.65625 0.06380208281250001 0.65625 0.09244791718749999 0.671875 0.1341145828125 0.6826171875 0.1484375 0.7001953125 0.1588541671875 0.7236328125 0.1614583328125 0.7451171875 0.1510416671875
5 0.6376953125 0.06510416718749999 0.634765625 0.07161458281250001 0.63671875 0.08463541718749999 0.6455078125 0.09375 0.6552734375 0.09375 0.658203125 0.08463541718749999 0.65625 0.06640625 0.6513671875 0.05989583281250001 0.6376953125 0.06510416718749999
5 0.6337890625 0.1901041671875 0.638671875 0.18359375 0.634765625 0.16015625 0.6240234375 0.1510416671875 0.609375 0.16796875 0.6181640625 0.1848958328125 0.6337890625 0.1901041671875
5 0.65625 0.3346354171875 0.6611328125 0.3411458328125 0.6708984375 0.3411458328125 0.673828125 0.33203125 0.6708984375 0.3229166671875 0.6611328125 0.3203125 0.65625 0.3268229171875 0.65625 0.3346354171875
5 0.583984375 0.4361979171875 0.5908203125 0.4453125 0.5986328125 0.4427083328125 0.6015625 0.4361979171875 0.5986328125 0.4192708328125 0.5927734375 0.4166666671875 0.583984375 0.42578125 0.583984375 0.4361979171875
5 0.6396484375 0.7708333328125 0.642578125 0.7643229171875 0.6357421875 0.7526041671875 0.6220703125 0.7473958328125 0.615234375 0.7565104171875 0.615234375 0.7643229171875 0.6396484375 0.7708333328125
5 0.5576171875 0.8020833328125001 0.552734375 0.80859375 0.552734375 0.81640625 0.5615234375 0.828125 0.5732421875 0.828125 0.578125 0.8216145828125001 0.576171875 0.80859375 0.5712890625 0.8020833328125001 0.5576171875 0.8020833328125001
5 0.5546875 0.87109375 0.5546875 0.8841145828125001 0.5634765625 0.8958333328125001 0.5732421875 0.8932291671874999 0.58203125 0.87890625 0.58203125 0.87109375 0.5732421875 0.8619791671874999 0.5654296875 0.859375 0.5546875 0.87109375
5 0.5185546875 0.8802083328125001 0.5302734375 0.8802083328125001 0.533203125 0.8658854171874999 0.5263671875 0.8567708328125001 0.51171875 0.8606770828125001 0.51171875 0.87109375 0.5185546875 0.8802083328125001
5 0.544921875 0.7122395828125 0.544921875 0.7252604171875 0.5478515625 0.7291666671875 0.5556640625 0.7265625 0.5625 0.71484375 0.5576171875 0.7083333328125 0.5498046875 0.7083333328125 0.544921875 0.7122395828125
5 0.46875 0.66015625 0.4755859375 0.6875 0.4892578125 0.6848958328125 0.498046875 0.67578125 0.49609375 0.65234375 0.4912109375 0.6458333328125 0.4814453125 0.6458333328125 0.46875 0.66015625
5 0.3994140625 0.20833333281250002 0.388671875 0.22265625 0.384765625 0.23567708281250002 0.3876953125 0.25 0.3994140625 0.2526041671875 0.4140625 0.24348958281250002 0.412109375 0.21484375 0.4072265625 0.20833333281250002 0.3994140625 0.20833333281250002
5 0.3896484375 0.2916666671875 0.3984375 0.2877604171875 0.400390625 0.2669270828125 0.3876953125 0.2630208328125 0.3828125 0.26953125 0.3828125 0.2825520828125 0.3896484375 0.2916666671875
5 0.2646484375 0.28125 0.275390625 0.27734375 0.2763671875 0.2552083328125 0.2626953125 0.2526041671875 0.259765625 0.2565104171875 0.2578125 0.26953125 0.2646484375 0.28125
5 0.20703125 0.23046875 0.2119140625 0.234375 0.22265625 0.22005208281250002 0.22265625 0.20963541718749998 0.2177734375 0.20052083281250002 0.2138671875 0.1979166671875 0.203125 0.21223958281250002 0.20703125 0.23046875
5 0.0361328125 0.046875 0.0498046875 0.046875 0.052734375 0.04296875 0.052734375 0.03515625 0.0439453125 0.015625 0.0341796875 0.013020832812499999 0.025390625 0.0247395828125 0.0361328125 0.046875
5 0.0400390625 0.07291666718749999 0.037109375 0.07682291718749999 0.037109375 0.09765625 0.0498046875 0.1067708328125 0.0576171875 0.1041666671875 0.060546875 0.09765625 0.05859375 0.08203125 0.0517578125 0.07291666718749999 0.0400390625 0.07291666718749999
5 0.013671875 0.1184895828125 0.0224609375 0.1328125 0.0283203125 0.1354166671875 0.037109375 0.1315104171875 0.03515625 0.12109375 0.0283203125 0.1119791671875 0.0205078125 0.1119791671875 0.013671875 0.1184895828125
5 0.0244140625 0.8307291671874999 0.017578125 0.8346354171874999 0.015625 0.8450520828125001 0.0185546875 0.8515625 0.0283203125 0.8541666671874999 0.033203125 0.8502604171874999 0.03515625 0.8372395828125001 0.0302734375 0.8307291671874999 0.0244140625 0.8307291671874999
5 0.037109375 0.82421875 0.0380859375 0.84375 0.0517578125 0.8463541671874999 0.07421875 0.8268229171874999 0.0615234375 0.8020833328125001 0.0537109375 0.796875 0.046875 0.8033854171874999 0.037109375 0.82421875
5 0.353515625 0.8372395828125001 0.3515625 0.8580729171874999 0.3564453125 0.8645833328125001 0.3720703125 0.8671875 0.376953125 0.8606770828125001 0.37890625 0.8502604171874999 0.373046875 0.83203125 0.3603515625 0.828125 0.353515625 0.8372395828125001
5 0.4228515625 0.8880208328125001 0.412109375 0.9049479171874999 0.412109375 0.9127604171874999 0.4267578125 0.921875 0.4326171875 0.9192708328125001 0.44140625 0.8997395828125001 0.439453125 0.8919270828125001 0.4365234375 0.8880208328125001 0.4228515625 0.8880208328125001
5 0.4384765625 0.875 0.443359375 0.8684895828125001 0.443359375 0.8606770828125001 0.4345703125 0.8541666671874999 0.4296875 0.8606770828125001 0.4296875 0.8684895828125001 0.4384765625 0.875
5 0.3984375 0.8502604171874999 0.4130859375 0.8619791671874999 0.4287109375 0.859375 0.427734375 0.8450520828125001 0.4130859375 0.8307291671874999 0.4052734375 0.828125 0.400390625 0.8346354171874999 0.3984375 0.8502604171874999
5 0.7236328125 0.7734375 0.716796875 0.79296875 0.720703125 0.8059895828125001 0.7294921875 0.8098958328125001 0.7431640625 0.7994791671875 0.74609375 0.79296875 0.744140625 0.7799479171875 0.7392578125 0.7734375 0.7236328125 0.7734375
5 0.751953125 0.84765625 0.751953125 0.8580729171874999 0.7685546875 0.8645833328125001 0.7734375 0.8580729171874999 0.7734375 0.8502604171874999 0.7646484375 0.8385416671874999 0.7587890625 0.8385416671874999 0.751953125 0.84765625
5 0.7783203125 0.8828125 0.7587890625 0.8802083328125001 0.755859375 0.8971354171874999 0.7626953125 0.9010416671874999 0.7763671875 0.8984375 0.7783203125 0.8828125
5 0.853515625 0.8346354171874999 0.8623046875 0.84375 0.9072265625 0.8229166671874999 0.91015625 0.8138020828125001 0.900390625 0.7981770828125 0.8974609375 0.7942708328125 0.8798828125 0.796875 0.853515625 0.8346354171874999
5 0.96875 0.83984375 0.96484375 0.8528645828125001 0.9736328125 0.8619791671874999 0.9873046875 0.8515625 0.994140625 0.83984375 0.9892578125 0.8333333328125001 0.9755859375 0.8333333328125001 0.96875 0.83984375
5 0.8955078125 0.7473958328125 0.890625 0.7565104171875 0.892578125 0.76953125 0.8994140625 0.7760416671875 0.9072265625 0.7760416671875 0.912109375 0.7669270828125 0.91015625 0.7486979171875 0.9072265625 0.7447916671875 0.8955078125 0.7473958328125
5 0.806640625 0.5377604171875 0.8134765625 0.5494791671875 0.8212890625 0.5520833328125 0.826171875 0.5455729171875 0.82421875 0.52734375 0.8193359375 0.5208333328125 0.80859375 0.5247395828125 0.806640625 0.5377604171875
5 0.84765625 0.07161458281250001 0.8544921875 0.078125 0.8623046875 0.078125 0.87109375 0.06640625 0.869140625 0.05338541718749999 0.8662109375 0.0494791671875 0.8525390625 0.05208333281250001 0.84765625 0.07161458281250001
5 0.9267578125 0.0026041671875 0.9208984375 0.0026041671875 0.8984375 0.0325520828125 0.8984375 0.0455729171875 0.9189453125 0.06770833281250001 0.927734375 0.06119791718749999 0.939453125 0.0377604171875 0.939453125 0.0247395828125 0.931640625 0.009114582812499999 0.9267578125 0.0026041671875
5 0.8291015625 0.0494791671875 0.8359375 0.04296875 0.8330078125 0.0286458328125 0.8251953125 0.0260416671875 0.8203125 0.0299479171875 0.8232421875 0.046875 0.8291015625 0.0494791671875
5 0.4892578125 0.6119791671875 0.484375 0.62109375 0.486328125 0.63671875 0.4912109375 0.6432291671875 0.5029296875 0.6432291671875 0.51171875 0.6263020828125 0.5087890625 0.6197916671875 0.4970703125 0.609375 0.4892578125 0.6119791671875
5 0.57421875 0.66796875 0.572265625 0.64453125 0.5625 0.62109375 0.5419921875 0.59375 0.5087890625 0.5885416671875 0.48828125 0.59765625 0.470703125 0.66015625 0.470703125 0.6705729171875 0.4775390625 0.6848958328125 0.5224609375 0.7083333328125 0.5419921875 0.7083333328125 0.5595703125 0.6979166671875 0.56640625 0.6888020828125 0.57421875 0.66796875
5 0.25390625 0.73828125 0.25390625 0.7513020828125 0.2646484375 0.7786458328125 0.28125 0.7721354171875 0.27734375 0.7434895828125 0.2666015625 0.7291666671875 0.2607421875 0.7291666671875 0.25390625 0.73828125
5 0.4052734375 0.5677083328125 0.4140625 0.55859375 0.412109375 0.5481770828125 0.4072265625 0.5416666671875 0.3994140625 0.5416666671875 0.392578125 0.5559895828125 0.4052734375 0.5677083328125
5 0.3876953125 0.5130208328125 0.392578125 0.5065104171875 0.390625 0.4934895828125 0.3798828125 0.4895833328125 0.375 0.5065104171875 0.3798828125 0.5130208328125 0.3876953125 0.5130208328125
5 0.19140625 0.8684895828125001 0.1962890625 0.8802083328125001 0.2041015625 0.8828125 0.208984375 0.8763020828125001 0.20703125 0.8606770828125001 0.2021484375 0.8567708328125001 0.193359375 0.86328125 0.19140625 0.8684895828125001
5 0.1708984375 0.8697916671874999 0.1826171875 0.8697916671874999 0.1826171875 0.8541666671874999 0.1728515625 0.8515625 0.16796875 0.8580729171874999 0.16796875 0.8658854171874999 0.1708984375 0.8697916671874999
5 0.5927734375 0.9322916671874999 0.5859375 0.9440104171874999 0.5859375 0.95703125 0.5986328125 0.96875 0.6083984375 0.96875 0.611328125 0.95703125 0.609375 0.9440104171874999 0.6005859375 0.9322916671874999 0.5927734375 0.9322916671874999
5 0.50390625 0.9518229171874999 0.5126953125 0.9557291671874999 0.5224609375 0.9505208328125001 0.529296875 0.9309895828125001 0.5263671875 0.9244791671874999 0.5146484375 0.9244791671874999 0.501953125 0.94140625 0.50390625 0.9518229171874999
5 0.927734375 0.8997395828125001 0.9326171875 0.90625 0.9404296875 0.90625 0.9453125 0.8997395828125001 0.9453125 0.88671875 0.9326171875 0.8854166671874999 0.927734375 0.8919270828125001 0.927734375 0.8997395828125001
5 0.3876953125 1 0.390625 0.99609375 0.388671875 0.97265625 0.3740234375 0.953125 0.3427734375 0.9401041671874999 0.3291015625 0.9401041671874999 0.298828125 0.9622395828125001 0.294921875 0.99609375 0.3017578125 1 0.3876953125 1
5 0.263671875 0.9856770828125001 0.2685546875 0.9947916671874999 0.3046875 0.99609375 0.3125 0.9518229171874999 0.2998046875 0.9322916671874999 0.2763671875 0.9296875 0.267578125 0.94140625 0.263671875 0.9856770828125001