5 0.265625 0.8017578125 0.24609375 0.7890625 0.234375 0.7900390625 0.23177083281250002 0.7939453125 0.234375 0.8212890625 0.24609375 0.830078125 0.2643229171875 0.828125 0.2708333328125 0.8212890625 0.265625 0.8017578125
5 0.0455729171875 0.775390625 0.0546875 0.7646484375 0.05208333281250001 0.7490234375 0.0455729171875 0.744140625 0.0338541671875 0.7451171875 0.0260416671875 0.7490234375 0.0208333328125 0.7568359375 0.0208333328125 0.7705078125 0.02734375 0.775390625 0.0455729171875 0.775390625
5 0.3098958328125 0.2236328125 0.30078125 0.216796875 0.28125 0.2177734375 0.2734375 0.2255859375 0.2734375 0.2392578125 0.2877604171875 0.24609375 0.3033854171875 0.244140625 0.3098958328125 0.2373046875 0.3098958328125 0.2236328125
5 0.4895833328125 0.6904296875 0.484375 0.7021484375 0.4934895828125 0.70703125 0.5013020828125 0.70703125 0.5078125 0.7021484375 0.5078125 0.6943359375 0.4986979171875 0.689453125 0.4895833328125 0.6904296875
5 0.8020833328125001 0.8212890625 0.79296875 0.814453125 0.7838541671875 0.8154296875 0.7734375 0.8232421875 0.7682291671875 0.8349609375 0.7747395828125 0.845703125 0.7955729171875 0.837890625 0.8020833328125001 0.8271484375 0.8020833328125001 0.8212890625
5 0.4778645828125 0.505859375 0.4609375 0.5048828125 0.453125 0.5087890625 0.4505208328125 0.5283203125 0.453125 0.5634765625 0.4661458328125 0.5751953125 0.484375 0.6064453125 0.4908854171875 0.611328125 0.5065104171875 0.611328125 0.515625 0.6064453125 0.5130208328125 0.5927734375 0.5026041671875 0.5830078125 0.5104166671875 0.5615234375 0.5078125 0.5478515625 0.484375 0.5107421875 0.4778645828125 0.505859375
5 0.9921875 0.7158203125 0.98046875 0.708984375 0.9739583328125001 0.7099609375 0.96875 0.7119140625 0.96875 0.7236328125 0.9752604171874999 0.73046875 0.98828125 0.732421875 0.9947916671874999 0.7216796875 0.9921875 0.7158203125
5 0.4635416671875 0.7392578125 0.4544270828125 0.73046875 0.4427083328125 0.7314453125 0.4375 0.7333984375 0.4322916671875 0.7470703125 0.44140625 0.755859375 0.4544270828125 0.7578125 0.4635416671875 0.7529296875 0.4635416671875 0.7392578125
5 0.73828125 0.900390625 0.7604166671875 0.8857421875 0.7708333328125 0.8623046875 0.7643229171875 0.857421875 0.7552083328125 0.8564453125 0.73828125 0.86328125 0.71875 0.8779296875 0.7135416671875 0.8916015625 0.7200520828125 0.896484375 0.73828125 0.900390625
5 0.46484375 0.666015625 0.4778645828125 0.662109375 0.4869791671875 0.6513671875 0.4830729171875 0.640625 0.4713541671875 0.6416015625 0.4609375 0.6552734375 0.46484375 0.666015625
5 0.83984375 0.69140625 0.8489583328125001 0.6845703125 0.8489583328125001 0.6787109375 0.8424479171874999 0.673828125 0.8333333328125001 0.6748046875 0.8307291671874999 0.6865234375 0.83984375 0.69140625
5 0.1041666671875 0.6201171875 0.09895833281250001 0.6240234375 0.09895833281250001 0.6298828125 0.10546875 0.634765625 0.11328125 0.634765625 0.1197916671875 0.6279296875 0.11328125 0.619140625 0.1041666671875 0.6201171875
5 0.4010416671875 0.5400390625 0.3958333328125 0.5458984375 0.3958333328125 0.5537109375 0.4049479171875 0.55859375 0.4114583328125 0.5556640625 0.4140625 0.5458984375 0.4075520828125 0.5390625 0.4010416671875 0.5400390625
5 0.1484375 0.5068359375 0.1432291671875 0.5107421875 0.1432291671875 0.5224609375 0.1549479171875 0.525390625 0.1614583328125 0.5205078125 0.1614583328125 0.5126953125 0.1575520828125 0.5078125 0.1484375 0.5068359375
5 0.3072916671875 0.7568359375 0.31640625 0.759765625 0.3229166671875 0.7451171875 0.31640625 0.736328125 0.3098958328125 0.7373046875 0.3020833328125 0.7490234375 0.3072916671875 0.7568359375
5 0.7578125 0.5732421875 0.7526041671875 0.5771484375 0.7526041671875 0.5888671875 0.76171875 0.595703125 0.7734375 0.5888671875 0.7734375 0.5810546875 0.7669270828125 0.572265625 0.7578125 0.5732421875
5 0.4075520828125 0.71484375 0.4010416671875 0.7158203125 0.3984375 0.7294921875 0.4075520828125 0.73046875 0.4114583328125 0.7216796875 0.4075520828125 0.71484375
5 0.8098958328125001 0.2451171875 0.7981770828125 0.236328125 0.7864583328125 0.2373046875 0.78125 0.2431640625 0.7864583328125 0.2548828125 0.79296875 0.259765625 0.8033854171874999 0.259765625 0.8098958328125001 0.2548828125 0.8098958328125001 0.2451171875
5 0.06119791718749999 0.6953125 0.06770833281250001 0.6904296875 0.06770833281250001 0.6845703125 0.06380208281250001 0.6796875 0.0546875 0.6806640625 0.05208333281250001 0.6884765625 0.06119791718749999 0.6953125
5 0.4153645828125 0.708984375 0.421875 0.7041015625 0.421875 0.6962890625 0.4075520828125 0.68359375 0.4010416671875 0.6826171875 0.3932291671875 0.6845703125 0.3932291671875 0.6923828125 0.4010416671875 0.7021484375 0.41015625 0.708984375 0.4153645828125 0.708984375
5 0.7096354171875 0.857421875 0.7018229171875 0.853515625 0.6848958328125 0.8544921875 0.6848958328125 0.8642578125 0.6888020828125 0.8671875 0.70703125 0.873046875 0.7135416671875 0.8720703125 0.7161458328125 0.8642578125 0.7096354171875 0.857421875
5 0.2526041671875 0.7275390625 0.24348958281250002 0.720703125 0.22916666718749998 0.7216796875 0.22395833281250002 0.7275390625 0.22395833281250002 0.7353515625 0.23307291718749998 0.75390625 0.24869791718749998 0.75 0.2578125 0.7392578125 0.2526041671875 0.7275390625
5 0.2630208328125 0.0322265625 0.25390625 0.025390625 0.24739583281250002 0.0244140625 0.2265625 0.0439453125 0.23567708281250002 0.05859375 0.24869791718749998 0.05859375 0.2630208328125 0.0478515625 0.265625 0.0419921875 0.2630208328125 0.0322265625
5 0.76171875 0.96484375 0.7682291671875 0.9599609375 0.7682291671875 0.9501953125 0.7643229171875 0.947265625 0.7552083328125 0.9482421875 0.7526041671875 0.9619140625 0.76171875 0.96484375
5 0.23697916718749998 0.8623046875 0.234375 0.8740234375 0.23828125 0.876953125 0.24869791718749998 0.876953125 0.2526041671875 0.8740234375 0.25 0.8642578125 0.24609375 0.861328125 0.23697916718749998 0.8623046875
5 0.6458333328125 0.9443359375 0.66796875 0.94921875 0.6692708328125 0.9384765625 0.66015625 0.93359375 0.6510416671875 0.9345703125 0.6458333328125 0.9384765625 0.6458333328125 0.9443359375
5 0.6119791671875 0.7197265625 0.6236979171875 0.72265625 0.625 0.7138671875 0.62109375 0.708984375 0.6171875 0.7099609375 0.6119791671875 0.7138671875 0.6119791671875 0.7197265625
5 0.7057291671875 0.6865234375 0.7057291671875 0.6806640625 0.6809895828125 0.658203125 0.6731770828125 0.654296875 0.6666666671875 0.6552734375 0.6640625 0.6611328125 0.6744791671875 0.6728515625 0.6796875 0.6884765625 0.69140625 0.697265625 0.7057291671875 0.6865234375
5 0.5416666671875 0.7392578125 0.5364583328125 0.7470703125 0.54296875 0.751953125 0.55078125 0.751953125 0.5546875 0.7490234375 0.5546875 0.7412109375 0.55078125 0.73828125 0.5416666671875 0.7392578125
5 0.7161458328125 0.9677734375 0.7109375 0.9716796875 0.7109375 0.9814453125 0.72265625 0.982421875 0.7265625 0.9794921875 0.7265625 0.9697265625 0.72265625 0.966796875 0.7161458328125 0.9677734375
5 0.09635416718749999 0.7431640625 0.09114583281250001 0.7451171875 0.09114583281250001 0.7607421875 0.1028645828125 0.763671875 0.109375 0.7548828125 0.1067708328125 0.7470703125 0.1002604171875 0.7421875 0.09635416718749999 0.7431640625
5 0.66015625 0.814453125 0.6536458328125 0.8154296875 0.6510416671875 0.8232421875 0.66015625 0.826171875 0.6640625 0.8173828125 0.66015625 0.814453125
5 0.9088541671874999 0.9638671875 0.90234375 0.95703125 0.8880208328125001 0.9560546875 0.8828125 0.9599609375 0.8802083328125001 0.9755859375 0.8893229171874999 0.984375 0.90234375 0.984375 0.9088541671874999 0.9794921875 0.9088541671874999 0.9638671875
5 0.7838541671875 0.9794921875 0.7747395828125 0.97265625 0.7630208328125 0.9716796875 0.7513020828125 0.974609375 0.7447916671875 0.9814453125 0.7473958328125 0.9990234375 0.7825520828125 1 0.7864583328125 0.9931640625 0.7838541671875 0.9794921875
5 0.390625 0.8369140625 0.3880208328125 0.8466796875 0.39453125 0.8515625 0.3997395828125 0.8515625 0.40625 0.8466796875 0.40625 0.8388671875 0.40234375 0.8359375 0.390625 0.8369140625
5 0.8932291671874999 0.5302734375 0.8932291671874999 0.5263671875 0.8880208328125001 0.5244140625 0.875 0.5341796875 0.8723958328125001 0.5419921875 0.8763020828125001 0.548828125 0.8880208328125001 0.5439453125 0.8880208328125001 0.5361328125 0.8932291671874999 0.5302734375
5 0.2864583328125 0.1591796875 0.2760416671875 0.1806640625 0.28515625 0.189453125 0.30078125 0.193359375 0.3125 0.1884765625 0.3151041671875 0.1787109375 0.30078125 0.16015625 0.2864583328125 0.1591796875
5 0.7708333328125 0.6728515625 0.7682291671875 0.6611328125 0.7552083328125 0.6611328125 0.75 0.6650390625 0.7526041671875 0.6767578125 0.76953125 0.689453125 0.7825520828125 0.693359375 0.7864583328125 0.6845703125 0.7708333328125 0.6728515625
5 0.7721354171875 0.482421875 0.7799479171875 0.482421875 0.7890625 0.4716796875 0.7890625 0.4619140625 0.78125 0.4599609375 0.7682291671875 0.4716796875 0.7721354171875 0.482421875
5 0 0.4677734375 0.009114582812499999 0.470703125 0.015625 0.4658203125 0.015625 0.4580078125 0.009114582812499999 0.453125 0 0.4541015625 0 0.4677734375
5 0.03515625 0.517578125 0.0390625 0.5087890625 0.0286458328125 0.5048828125 0.0234375 0.5146484375 0.03515625 0.517578125
5 0.2630208328125 0.7255859375 0.2604166671875 0.7314453125 0.2630208328125 0.7373046875 0.2747395828125 0.740234375 0.28125 0.7353515625 0.28125 0.7294921875 0.2747395828125 0.724609375 0.2630208328125 0.7255859375
5 0.7981770828125 0.390625 0.7942708328125 0.3916015625 0.7916666671875 0.3994140625 0.80078125 0.40234375 0.8046875 0.3955078125 0.7981770828125 0.390625
5 1 0.4111328125 0.9921875 0.4091796875 0.984375 0.4150390625 0.9908854171874999 0.423828125 1 0.4208984375 1 0.4111328125
5 0.0703125 0.8408203125 0.05989583281250001 0.8544921875 0.06901041718749999 0.861328125 0.08203125 0.86328125 0.08854166718749999 0.8564453125 0.0859375 0.8466796875 0.07942708281250001 0.841796875 0.0703125 0.8408203125
5 0.8359375 0.6728515625 0.8307291671874999 0.6767578125 0.8307291671874999 0.6845703125 0.83984375 0.69140625 0.8489583328125001 0.6865234375 0.8489583328125001 0.6787109375 0.8424479171874999 0.671875 0.8359375 0.6728515625
5 0.0546875 0.6806640625 0.05208333281250001 0.6865234375 0.0546875 0.6923828125 0.06119791718749999 0.6953125 0.06770833281250001 0.6904296875 0.06770833281250001 0.6845703125 0.06380208281250001 0.6796875 0.0546875 0.6806640625
5 0.9739583328125001 0.5810546875 0.96875 0.5849609375 0.96875 0.5908203125 0.9778645828125001 0.599609375 0.9856770828125001 0.599609375 0.9869791671874999 0.5849609375 0.9778645828125001 0.580078125 0.9739583328125001 0.5810546875
5 0.5963541671875 0.8251953125 0.5911458328125 0.8349609375 0.5950520828125 0.83984375 0.6028645828125 0.841796875 0.6067708328125 0.8388671875 0.6067708328125 0.8271484375 0.6028645828125 0.82421875 0.5963541671875 0.8251953125
5 0.609375 0.6591796875 0.6080729171875 0.654296875 0.5989583328125 0.6552734375 0.6002604171875 0.662109375 0.609375 0.6591796875
2 0.5677083328125 0.8701171875 0.5625 0.8583984375 0.5533854171875 0.849609375 0.5260416671875 0.8427734375 0.5143229171875 0.845703125 0.5078125 0.8525390625 0.5078125 0.8720703125 0.515625 0.8876953125 0.515625 0.8994140625 0.5078125 0.9091796875 0.5078125 0.9208984375 0.5221354171875 0.927734375 0.53515625 0.9296875 0.5364583328125 0.9365234375 0.5481770828125 0.939453125 0.546875 0.9150390625 0.5677083328125 0.8935546875 0.5677083328125 0.8701171875
5 0.21875 0.9462890625 0.20703125 0.9375 0.1927083328125 0.9384765625 0.1875 0.9482421875 0.1901041671875 0.9560546875 0.1940104171875 0.958984375 0.21223958281250002 0.9609375 0.22135416718749998 0.9541015625 0.21875 0.9462890625
5 0.6927083328125 0.9462890625 0.6822916671875 0.9443359375 0.6744791671875 0.9462890625 0.6744791671875 0.9521484375 0.6888020828125 0.955078125 0.6927083328125 0.9462890625
5 0.33203125 0.078125 0.3255208328125 0.0791015625 0.3229166671875 0.0869140625 0.3346354171875 0.08984375 0.3359375 0.0810546875 0.33203125 0.078125
5 0.890625 0.3095703125 0.8854166671874999 0.3193359375 0.89453125 0.326171875 0.9049479171874999 0.32421875 0.9088541671874999 0.3193359375 0.90625 0.3134765625 0.8997395828125001 0.30859375 0.890625 0.3095703125
5 0.03515625 0.51953125 0.0416666671875 0.5126953125 0.0390625 0.5087890625 0.03515625 0.505859375 0.0260416671875 0.5068359375 0.0234375 0.5166015625 0.03515625 0.51953125
5 0.71484375 0.98828125 0.71875 0.9853515625 0.71875 0.9775390625 0.7122395828125 0.97265625 0.7083333328125 0.9736328125 0.7057291671875 0.9873046875 0.71484375 0.98828125
5 0.19921875 0.521484375 0.1927083328125 0.5224609375 0.1901041671875 0.5302734375 0.19921875 0.533203125 0.203125 0.5244140625 0.19921875 0.521484375
5 0.3802083328125 0.4951171875 0.3776041671875 0.4990234375 0.3802083328125 0.5107421875 0.3893229171875 0.517578125 0.39453125 0.517578125 0.3932291671875 0.4990234375 0.38671875 0.494140625 0.3802083328125 0.4951171875
5 0.84765625 0.455078125 0.8580729171874999 0.453125 0.8671875 0.4443359375 0.86328125 0.439453125 0.8541666671874999 0.4404296875 0.8463541671874999 0.4443359375 0.84765625 0.455078125
5 0.1002604171875 0.5234375 0.1041666671875 0.5146484375 0.09635416718749999 0.5126953125 0.09114583281250001 0.5205078125 0.1002604171875 0.5234375
5 0.5638020828125 0.63671875 0.5651041671875 0.6298828125 0.5572916671875 0.6298828125 0.5572916671875 0.6357421875 0.5638020828125 0.63671875
5 0.1302083328125 0.8525390625 0.1276041671875 0.8623046875 0.1341145828125 0.8671875 0.14453125 0.865234375 0.1484375 0.8603515625 0.1458333328125 0.8544921875 0.1419270828125 0.8515625 0.1302083328125 0.8525390625
5 0.3932291671875 0.4990234375 0.3893229171875 0.49609375 0.3802083328125 0.4970703125 0.3776041671875 0.5048828125 0.3828125 0.5126953125 0.3893229171875 0.517578125 0.39453125 0.517578125 0.3984375 0.5126953125 0.3932291671875 0.4990234375
5 0.7591145828125 0.076171875 0.7630208328125 0.0732421875 0.7630208328125 0.0654296875 0.7591145828125 0.0625 0.7526041671875 0.0634765625 0.75 0.0732421875 0.7591145828125 0.076171875
5 0.1940104171875 0.763671875 0.1901041671875 0.7646484375 0.1848958328125 0.7724609375 0.1940104171875 0.77734375 0.20052083281250002 0.7705078125 0.1940104171875 0.763671875
5 0.21744791718749998 0.99609375 0.22135416718749998 0.9873046875 0.21354166718749998 0.9853515625 0.20833333281250002 0.9931640625 0.21744791718749998 0.99609375
2 0.1302083328125 0.9658203125 0.1380208328125 0.9814453125 0.1380208328125 0.9990234375 0.14453125 1 0.1614583328125 0.9873046875 0.1666666671875 0.9736328125 0.1640625 0.9560546875 0.1510416671875 0.9423828125 0.1536458328125 0.9287109375 0.1497395828125 0.92578125 0.140625 0.9267578125 0.1302083328125 0.9404296875 0.1302083328125 0.9658203125
2 0.06640625 0.859375 0.07682291718749999 0.857421875 0.0703125 0.8544921875 0.0703125 0.8486328125 0.07421875 0.84765625 0.08072916718749999 0.8505859375 0.08463541718749999 0.859375 0.08333333281250001 0.8466796875 0.07291666718749999 0.8427734375 0.06510416718749999 0.8466796875 0.0625 0.8564453125 0.06640625 0.859375
2 0 0.9130859375 0.00390625 0.919921875 0.0052083328125 0.9150390625 0.01953125 0.908203125 0.0299479171875 0.908203125 0.05078125 0.90234375 0.05598958281250001 0.904296875 0.078125 0.8955078125 0.0859375 0.8740234375 0.07942708281250001 0.865234375 0.06510416718749999 0.8642578125 0.04296875 0.8828125 0.0247395828125 0.880859375 0.0169270828125 0.876953125 0.00390625 0.876953125 0 0.8798828125 0 0.9130859375
5 0.7018229171875 0.89453125 0.7057291671875 0.8857421875 0.6979166671875 0.8837890625 0.6927083328125 0.8876953125 0.7018229171875 0.89453125
5 0.7161458328125 0.9248046875 0.7200520828125 0.927734375 0.7278645828125 0.92578125 0.7265625 0.9150390625 0.7161458328125 0.9150390625 0.7135416671875 0.9189453125 0.7161458328125 0.9248046875
5 0.0625 0.9560546875 0.05989583281250001 0.9697265625 0.06640625 0.974609375 0.07682291718749999 0.974609375 0.08072916718749999 0.9716796875 0.08072916718749999 0.9619140625 0.07161458281250001 0.955078125 0.0625 0.9560546875
5 0.2786458328125 0.1533203125 0.28515625 0.158203125 0.2981770828125 0.16015625 0.2994791671875 0.1513671875 0.2838541671875 0.1435546875 0.2786458328125 0.1474609375 0.2786458328125 0.1533203125
5 0.64453125 0.787109375 0.6510416671875 0.7822265625 0.6432291671875 0.7763671875 0.640625 0.7841796875 0.64453125 0.787109375
5 0.1458333328125 0.8544921875 0.1419270828125 0.8515625 0.1328125 0.8525390625 0.1276041671875 0.8564453125 0.1276041671875 0.8623046875 0.1341145828125 0.8671875 0.1419270828125 0.8671875 0.1458333328125 0.8642578125 0.1458333328125 0.8544921875
5 0.81640625 0.509765625 0.8098958328125001 0.5107421875 0.8072916671874999 0.5146484375 0.81640625 0.521484375 0.8203125 0.5126953125 0.81640625 0.509765625
5 0.07942708281250001 0.060546875 0.08854166718749999 0.0537109375 0.08854166718749999 0.0439453125 0.08463541718749999 0.041015625 0.07291666718749999 0.0419921875 0.0703125 0.0556640625 0.07942708281250001 0.060546875
5 0.86328125 0.828125 0.8515625 0.8271484375 0.8489583328125001 0.8310546875 0.8528645828125001 0.8359375 0.8645833328125001 0.8330078125 0.86328125 0.828125
5 0.3307291671875 0.1748046875 0.3333333328125 0.1826171875 0.3450520828125 0.193359375 0.35546875 0.197265625 0.3658854171875 0.197265625 0.3854166671875 0.1865234375 0.3932291671875 0.1728515625 0.3932291671875 0.1611328125 0.3763020828125 0.142578125 0.3658854171875 0.138671875 0.3489583328125 0.1396484375 0.3333333328125 0.1513671875 0.3307291671875 0.1748046875
5 0.8854166671874999 0.1689453125 0.89453125 0.173828125 0.9205729171874999 0.171875 0.9244791671874999 0.1611328125 0.9192708328125001 0.1494140625 0.9075520828125001 0.142578125 0.8958333328125001 0.1435546875 0.88671875 0.146484375 0.8802083328125001 0.1533203125 0.8802083328125001 0.1611328125 0.8854166671874999 0.1689453125
5 0.8515625 0.1005859375 0.8489583328125001 0.1044921875 0.8515625 0.1103515625 0.86328125 0.11328125 0.8671875 0.1103515625 0.8671875 0.1025390625 0.86328125 0.099609375 0.8515625 0.1005859375
5 0.9270833328125001 0.0498046875 0.9244791671874999 0.0615234375 0.9283854171874999 0.064453125 0.9388020828125001 0.064453125 0.9453125 0.0595703125 0.9453125 0.0537109375 0.9388020828125001 0.048828125 0.9270833328125001 0.0498046875
5 0.8736979171874999 0.013671875 0.87890625 0.013671875 0.8828125 0.0087890625 0.8802083328125001 0.0009765625 0.8697916671874999 0.0009765625 0.8671875 0.0087890625 0.8736979171874999 0.013671875
5 0.65234375 0.298828125 0.6888020828125 0.294921875 0.6927083328125 0.2900390625 0.6927083328125 0.2724609375 0.6875 0.2626953125 0.66796875 0.25390625 0.65625 0.2548828125 0.640625 0.2607421875 0.6302083328125 0.2822265625 0.640625 0.2939453125 0.65234375 0.298828125
5 0.6276041671875 0.5068359375 0.6223958328125 0.5107421875 0.6223958328125 0.5166015625 0.6341145828125 0.525390625 0.6380208328125 0.5205078125 0.6380208328125 0.5087890625 0.6341145828125 0.505859375 0.6276041671875 0.5068359375
5 0.609375 0.4384765625 0.6015625 0.4365234375 0.5963541671875 0.4443359375 0.60546875 0.44921875 0.609375 0.4462890625 0.609375 0.4384765625
5 0.22526041718749998 0.431640625 0.23177083281250002 0.4287109375 0.23177083281250002 0.4208984375 0.23958333281250002 0.4169921875 0.24479166718749998 0.4091796875 0.23828125 0.404296875 0.23177083281250002 0.4052734375 0.2265625 0.4072265625 0.22395833281250002 0.4169921875 0.21614583281250002 0.4228515625 0.22526041718749998 0.431640625
5 0.2265625 0.4560546875 0.21744791718749998 0.44921875 0.21354166718749998 0.4501953125 0.2109375 0.4599609375 0.23307291718749998 0.4765625 0.23828125 0.4765625 0.23958333281250002 0.4736328125 0.23177083281250002 0.4677734375 0.2265625 0.4560546875
5 0.2643229171875 0.583984375 0.2734375 0.5830078125 0.2734375 0.5771484375 0.2669270828125 0.572265625 0.2578125 0.5732421875 0.2552083328125 0.5771484375 0.2643229171875 0.583984375
5 0.3125 0.0986328125 0.3046875 0.0986328125 0.30859375 0.10546875 0.3125 0.0986328125
2 0.1184895828125 0.9375 0.1223958328125 0.9345703125 0.1223958328125 0.9267578125 0.1145833328125 0.9208984375 0.1119791671875 0.8974609375 0.10546875 0.892578125 0.07942708281250001 0.892578125 0.07161458281250001 0.8984375 0.05338541718749999 0.900390625 0.0377604171875 0.888671875 0.03125 0.8896484375 0.0286458328125 0.8916015625 0.03125 0.8974609375 0.0221354171875 0.90234375 0.0169270828125 0.900390625 0.013020832812499999 0.9072265625 0.0026041671875 0.9130859375 0 0.9267578125 0.00390625 0.93359375 0.0169270828125 0.9296875 0.0403645828125 0.9296875 0.0455729171875 0.93359375 0.09244791718749999 0.931640625 0.1080729171875 0.9375 0.1184895828125 0.9375
2 0.9674479171874999 0.876953125 0.9544270828125001 0.873046875 0.9322916671874999 0.8740234375 0.9231770828125001 0.876953125 0.91796875 0.884765625 0.89453125 0.884765625 0.8841145828125001 0.888671875 0.8697916671874999 0.8994140625 0.8645833328125001 0.9111328125 0.8684895828125001 0.9140625 0.87890625 0.912109375 0.8919270828125001 0.900390625 0.92578125 0.89453125 0.95703125 0.896484375 0.96875 0.8916015625 0.9713541671874999 0.8798828125 0.9674479171874999 0.876953125
5 0.4322916671875 0.5537109375 0.4440104171875 0.556640625 0.4479166671875 0.5498046875 0.44140625 0.54296875 0.4375 0.5439453125 0.4322916671875 0.5478515625 0.4322916671875 0.5537109375
5 0.3658854171875 0.853515625 0.3723958328125 0.8486328125 0.3723958328125 0.8447265625 0.3684895828125 0.841796875 0.359375 0.8427734375 0.359375 0.8505859375 0.3658854171875 0.853515625
2 0.4505208328125 0.8837890625 0.47265625 0.896484375 0.5091145828125 0.900390625 0.515625 0.8935546875 0.5104166671875 0.8759765625 0.4934895828125 0.865234375 0.4791666671875 0.8662109375 0.4622395828125 0.875 0.45703125 0.87109375 0.4505208328125 0.8759765625 0.4505208328125 0.8837890625