4 0.5458984375 0.8515625 0.55859375 0.84765625 0.5498046875 0.8359375 0.5400390625 0.8359375 0.5390625 0.8450520828125001 0.5458984375 0.8515625
4 0.8232421875 0.8541666671874999 0.8203125 0.8580729171874999 0.8232421875 0.8697916671874999 0.8427734375 0.8697916671874999 0.845703125 0.8658854171874999 0.8408203125 0.8541666671874999 0.8232421875 0.8541666671874999
4 0.8740234375 0.96875 0.876953125 0.95703125 0.8701171875 0.9479166671874999 0.8642578125 0.9479166671874999 0.861328125 0.95703125 0.8740234375 0.96875
5 0.935546875 0.82421875 0.931640625 0.80078125 0.9208984375 0.7890625 0.916015625 0.7903645828125 0.90625 0.8138020828125001 0.90625 0.8294270828125001 0.9130859375 0.8385416671874999 0.9248046875 0.8385416671874999 0.935546875 0.82421875
5 0.6396484375 0.8802083328125001 0.6279296875 0.8802083328125001 0.625 0.88671875 0.623046875 0.8997395828125001 0.6298828125 0.9088541671874999 0.6376953125 0.90625 0.646484375 0.8893229171874999 0.6396484375 0.8802083328125001
5 0.478515625 0.86328125 0.482421875 0.8528645828125001 0.4794921875 0.84375 0.4658203125 0.8333333328125001 0.455078125 0.8372395828125001 0.453125 0.8502604171874999 0.4580078125 0.8619791671874999 0.4658203125 0.8671875 0.478515625 0.86328125
5 0.4130859375 0.8984375 0.408203125 0.9049479171874999 0.4091796875 0.9166666671874999 0.4287109375 0.9192708328125001 0.43359375 0.9127604171874999 0.4287109375 0.8984375 0.4130859375 0.8984375
4 0.53295476875 0.8775162234374999 0.53749934375 0.8676007859375 0.53295476875 0.8642956406250001 0.5271707625000001 0.863193925 0.5156027515625 0.8653973546874999 0.510231890625 0.87090593125 0.5114713203125001 0.8780670796875001 0.520147328125 0.884126515625 0.5284101921875 0.8813722265624999 0.53295476875 0.8775162234374999
4 0.5808793828125001 0.8687025015625001 0.5837713859375 0.862092209375 0.5660062265625 0.849973340625 0.5664193703125 0.863193925 0.5734428046875 0.8703550734375 0.5808793828125001 0.8687025015625001
4 0.565179940625 0.8273881781249999 0.5726165187500001 0.8367527578124999 0.5829450984375 0.8334476125 0.5821188125 0.8290407515625 0.5759216640625 0.82132874375 0.5676588 0.8185744546875 0.565179940625 0.8273881781249999
4 0.5317153390625 0.8262864625 0.544935921875 0.814718453125 0.5267576203125001 0.8031504421875001 0.520147328125 0.8152693093750001 0.5279970484375001 0.8279390359375001 0.5317153390625 0.8262864625
4 0.5044478859375 0.953534578125 0.5032084546875 0.9441699984374999 0.504861028125 0.9359071328124999 0.5061004578125 0.918830546875 0.504861028125 0.916627115625 0.4941193046875 0.9259916953125 0.4932930171875 0.9359071328124999 0.49164044531249995 0.9452717140625 0.492879875 0.9540854359375001 0.5027953125 0.9557380078125 0.5044478859375 0.953534578125
4 0.5912079640625 0.8576853484375 0.5978182546874999 0.8664990703125 0.604428546875 0.8676007859375 0.609799409375 0.8560327750000001 0.604428546875 0.85107505625 0.5936868234375 0.8494224828125001 0.5912079640625 0.8576853484375
4 0.8159578812499999 0.805353871875 0.8118264500000001 0.7992944375000001 0.798605865625 0.8020487265625 0.79654015 0.8119641640624999 0.8010847249999999 0.8229813171875 0.8126527359375 0.8317950390625001 0.8205024562500001 0.8262864625 0.8196761703125001 0.8152693093750001 0.8159578812499999 0.805353871875
4 0.8506619125 0.8152693093750001 0.854380203125 0.81416759375 0.85561963125 0.8086590171875001 0.8535539156249999 0.8009470109375 0.85107505625 0.7948875765625 0.8477699109374999 0.788277284375 0.8399201890624999 0.7866247125 0.8374413296875 0.7959892921875 0.8399201890624999 0.80700644375 0.8481830531250001 0.81416759375 0.8506619125 0.8152693093750001
4 0.8089344468749999 0.7612852609375 0.7866247125 0.8031504421875001 0.8196761703125001 0.780565278125 0.83661504375 0.776709275 0.844464765625 0.7662429796875 0.839093903125 0.7563275421875 0.8250470328124999 0.755776684375 0.8089344468749999 0.7612852609375
4 0.7746435593750001 0.9281951265625 0.7758829875 0.9458225703125 0.779188134375 0.94747514375 0.784145853125 0.9392122781250001 0.7820801375 0.9309494140625001 0.7866247125 0.921584834375 0.7824932796875 0.9138728281249999 0.7804275640625 0.8967962406250001 0.7800144203125 0.8846773718750001 0.7812538499999999 0.874211078125 0.7746435593750001 0.8692533578124999 0.7721647 0.8791687953125 0.7738172718749999 0.899550528125 0.7746435593750001 0.9144236859375001 0.7746435593750001 0.9281951265625
4 0.783319565625 0.998154046875 0.78166699375 0.9887894656249999 0.77629613125 0.98713689375 0.7750567015625001 0.9915437546874999 0.7750567015625001 0.9970523312499999 0.77712241875 0.998704903125 0.783319565625 0.998154046875
4 0.7878641421875 0.976119740625 0.7928218609375 0.9706111640625 0.7936481468750001 0.9651025890625 0.7911692875 0.9568397234375 0.7866247125 0.9562888656249999 0.7853852828125001 0.9590431531249999 0.783319565625 0.9617974421875 0.7804275640625 0.9645517296874999 0.7754698453125 0.973365453125 0.7754698453125 0.9755688828125001 0.7775355609375 0.978874028125 0.7829064234375 0.978874028125 0.7878641421875 0.976119740625
4 0.48916158593750003 0.9023048171875001 0.4887484421875 0.9072625359375 0.48957472968750004 0.9144236859375001 0.49164044531249995 0.9171779734375001 0.492879875 0.9160762578125 0.4970113078125 0.9078133921875 0.4957718765625 0.9012031015625 0.490401015625 0.8989996703124999 0.48916158593750003 0.9023048171875001