5 0.0400390625 0.8723958328125001 0.033203125 0.8815104171874999 0.0380859375 0.8932291671874999 0.0517578125 0.8984375 0.056640625 0.88671875 0.0517578125 0.8776041671874999 0.0400390625 0.8723958328125001
5 0.1953125 0.8684895828125001 0.1953125 0.8528645828125001 0.1884765625 0.84375 0.1708984375 0.8411458328125001 0.162109375 0.84765625 0.16015625 0.8736979171874999 0.1669921875 0.8828125 0.1787109375 0.8854166671874999 0.1953125 0.8684895828125001
5 0.287109375 0.76171875 0.2744140625 0.7526041671875 0.2626953125 0.7552083328125 0.259765625 0.7747395828125 0.2646484375 0.78125 0.2802734375 0.78125 0.2890625 0.76953125 0.287109375 0.76171875
5 0.4091796875 0.9427083328125001 0.4287109375 0.9427083328125001 0.4453125 0.9205729171874999 0.447265625 0.9127604171874999 0.443359375 0.8971354171874999 0.4267578125 0.8776041671874999 0.4111328125 0.8776041671874999 0.4033203125 0.8828125 0.39453125 0.8997395828125001 0.39453125 0.92578125 0.4091796875 0.9427083328125001
5 0.3779296875 0.6197916671875 0.3916015625 0.6223958328125 0.4072265625 0.6145833328125 0.421875 0.58984375 0.419921875 0.5716145828125 0.4052734375 0.5598958328125 0.3798828125 0.5598958328125 0.3701171875 0.5651041671875 0.36328125 0.5768229171875 0.36328125 0.5924479171875 0.3779296875 0.6197916671875
5 0.4599609375 0.296875 0.4775390625 0.3046875 0.4892578125 0.3046875 0.509765625 0.2877604171875 0.509765625 0.2747395828125 0.5048828125 0.265625 0.4931640625 0.2578125 0.4658203125 0.2604166671875 0.44921875 0.27734375 0.44921875 0.28515625 0.4599609375 0.296875
5 0.296875 0.23567708281250002 0.2900390625 0.22916666718749998 0.2802734375 0.22916666718749998 0.2734375 0.23828125 0.2783203125 0.2526041671875 0.2900390625 0.2526041671875 0.296875 0.24348958281250002 0.296875 0.23567708281250002
5 0.3037109375 0.24739583281250002 0.296875 0.2591145828125 0.3056640625 0.2682291671875 0.3154296875 0.2708333328125 0.322265625 0.26171875 0.3154296875 0.25 0.3037109375 0.24739583281250002
5 0.2041015625 0 0.201171875 0.00390625 0.203125 0.01171875 0.2138671875 0.0338541671875 0.2294921875 0.0364583328125 0.23828125 0.0247395828125 0.2421875 0.00390625 0.2392578125 0 0.2041015625 0
5 0.0380859375 0.1354166671875 0.044921875 0.12890625 0.044921875 0.1184895828125 0.0341796875 0.1067708328125 0.0263671875 0.1067708328125 0.015625 0.1184895828125 0.0166015625 0.1276041671875 0.0244140625 0.1354166671875 0.0380859375 0.1354166671875
5 0.6357421875 0.7473958328125 0.64453125 0.7330729171875 0.64453125 0.72265625 0.6396484375 0.7161458328125 0.6240234375 0.71875 0.619140625 0.7252604171875 0.62109375 0.7408854171875 0.6259765625 0.7473958328125 0.6357421875 0.7473958328125
5 0.7177734375 0.8020833328125001 0.724609375 0.7955729171875 0.724609375 0.7877604171875 0.7177734375 0.7786458328125 0.7099609375 0.7760416671875 0.701171875 0.78515625 0.701171875 0.7955729171875 0.7060546875 0.8020833328125001 0.7177734375 0.8020833328125001
5 0.7333984375 0.765625 0.7412109375 0.7682291671875 0.744140625 0.7565104171875 0.7353515625 0.75 0.73046875 0.7565104171875 0.7333984375 0.765625
5 0.5673828125 0.3151041671875 0.580078125 0.3033854171875 0.578125 0.28515625 0.5732421875 0.2786458328125 0.5546875 0.28515625 0.552734375 0.2955729171875 0.556640625 0.30859375 0.5615234375 0.3151041671875 0.5673828125 0.3151041671875
2 0.6591796875 0 0.65625 0.00390625 0.6884765625 0.0442708328125 0.7216796875 0.046875 0.75390625 0.03515625 0.7431640625 0.0026041671875 0.6591796875 0
2 0.02627418125 0.771825396875 0.03603980625 0.771825396875 0.052641368749999994 0.752294146875 0.062406993749999994 0.7262524796875 0.055803571875 0.7172619046875 0.0334821421875 0.718501984375 0.0037202375 0.7123015875 0 0.7085813484375 0.00283668125 0.7588045640625001 0.02627418125 0.771825396875
2 0.0966796875 0.6692708328125 0.1044921875 0.671875 0.1181640625 0.6640625 0.126953125 0.65234375 0.12890625 0.6393229171875 0.1162109375 0.6171875 0.0966796875 0.6015625 0.0908203125 0.6015625 0.087890625 0.6158854171875 0.091796875 0.6627604171875 0.0966796875 0.6692708328125
2 0.087890625 0.6028645828125 0.0859375 0.58203125 0.0595703125 0.5364583328125 0.0458984375 0.53125 0.0390625 0.5403645828125 0.037109375 0.5559895828125 0.0693359375 0.6015625 0.0849609375 0.6119791671875 0.087890625 0.6028645828125
5 0.6142578125 0.3359375 0.60546875 0.33984375 0.60546875 0.35546875 0.6103515625 0.3619791671875 0.6171875 0.3580729171875 0.619140625 0.3424479171875 0.6142578125 0.3359375
2 0.10546875 0.20703125 0.119140625 0.14453125 0.1171875 0.13671875 0.0986328125 0.1145833328125 0.0927734375 0.1171875 0.0703125 0.15234375 0.095703125 0.20442708281250002 0.0986328125 0.20833333281250002 0.10546875 0.20703125
5 0.654296875 0.7408854171875 0.6630859375 0.7473958328125 0.66796875 0.7434895828125 0.66796875 0.7356770828125 0.6572265625 0.7317708328125 0.654296875 0.7408854171875
5 0.201171875 0.7278645828125 0.1943359375 0.71875 0.1865234375 0.71875 0.181640625 0.72265625 0.1865234375 0.7369791671875 0.1943359375 0.7395833328125 0.201171875 0.7330729171875 0.201171875 0.7278645828125
5 0.2080078125 0.5104166671875 0.212890625 0.50390625 0.21484375 0.4908854171875 0.2099609375 0.484375 0.2001953125 0.484375 0.1953125 0.4908854171875 0.197265625 0.50390625 0.2021484375 0.5104166671875 0.2080078125 0.5104166671875
5 0.134765625 0.96484375 0.1279296875 0.9557291671874999 0.1201171875 0.9557291671874999 0.1171875 0.9596354171874999 0.1201171875 0.9713541671874999 0.1298828125 0.9739583328125001 0.134765625 0.9700520828125001 0.134765625 0.96484375
5 0.4619140625 0.4166666671875 0.4560546875 0.4166666671875 0.451171875 0.42578125 0.453125 0.4309895828125 0.4697265625 0.4479166671875 0.4853515625 0.4505208328125 0.490234375 0.4388020828125 0.4619140625 0.4166666671875
5 0.5634765625 0.1015625 0.556640625 0.10546875 0.556640625 0.11328125 0.5615234375 0.1197916671875 0.572265625 0.1158854171875 0.572265625 0.1106770828125 0.5634765625 0.1015625
5 0.7275390625 0.625 0.732421875 0.62109375 0.734375 0.6080729171875 0.7236328125 0.5963541671875 0.7138671875 0.59375 0.7109375 0.59765625 0.712890625 0.6158854171875 0.7197265625 0.625 0.7275390625 0.625
5 0.142578125 0.23567708281250002 0.150390625 0.23567708281250002 0.15234375 0.22005208281250002 0.1494140625 0.21354166718749998 0.1376953125 0.20833333281250002 0.142578125 0.23567708281250002
5 0.16015625 0.1497395828125 0.1337890625 0.140625 0.1455078125 0.1640625 0.1513671875 0.1692708328125 0.1591796875 0.1666666671875 0.162109375 0.16015625 0.16015625 0.1497395828125
5 0.7763671875 0.0260416671875 0.771484375 0.04296875 0.7822265625 0.05989583281250001 0.7919921875 0.05989583281250001 0.798828125 0.0481770828125 0.798828125 0.0403645828125 0.7763671875 0.0260416671875