5 0.6315104171875 0.8203125 0.6184895828125 0.8203125 0.6028645828125 0.830078125 0.59765625 0.830078125 0.5911458328125 0.8349609375 0.5833333328125 0.8525390625 0.5833333328125 0.8623046875 0.59765625 0.87890625 0.6419270828125 0.89453125 0.6640625 0.8955078125 0.70703125 0.8828125 0.71875 0.8740234375 0.7291666671875 0.8505859375 0.7265625 0.8369140625 0.71875 0.8251953125 0.69921875 0.810546875 0.6653645828125 0.798828125 0.6575520828125 0.80078125 0.6419270828125 0.81640625 0.6315104171875 0.8203125
5 0.859375 0.7470703125 0.86328125 0.755859375 0.8802083328125001 0.7548828125 0.8802083328125001 0.7451171875 0.8763020828125001 0.7421875 0.8658854171874999 0.7421875 0.859375 0.7470703125
5 0.9401041671874999 0.4013671875 0.9309895828125001 0.396484375 0.9075520828125001 0.39453125 0.8984375 0.4033203125 0.9010416671874999 0.4111328125 0.91015625 0.419921875 0.9296875 0.4208984375 0.9427083328125001 0.4091796875 0.9401041671874999 0.4013671875
5 0.8372395828125001 0.576171875 0.8411458328125001 0.5712890625 0.8359375 0.5556640625 0.8216145828125001 0.546875 0.7994791671875 0.5595703125 0.7942708328125 0.5712890625 0.7981770828125 0.578125 0.8138020828125001 0.583984375 0.8203125 0.5830078125 0.8372395828125001 0.576171875
5 0.5078125 0.7724609375 0.5143229171875 0.779296875 0.5260416671875 0.7802734375 0.5364583328125 0.7724609375 0.52734375 0.76171875 0.5169270828125 0.763671875 0.5078125 0.7724609375
5 0.33203125 0.232421875 0.3216145828125 0.232421875 0.3151041671875 0.2412109375 0.32421875 0.25 0.328125 0.2490234375 0.3411458328125 0.2431640625 0.3411458328125 0.2373046875 0.33203125 0.232421875
5 0.9856770828125001 0.83984375 0.9973958328125001 0.8388671875 1 0.7958984375 0.9973958328125001 0.7900390625 0.9908854171874999 0.7890625 0.96875 0.7998046875 0.9583333328125001 0.8095703125 0.9583333328125001 0.8173828125 0.9609375 0.8251953125 0.9700520828125001 0.83203125 0.9778645828125001 0.83203125 0.9856770828125001 0.83984375
5 0.765625 0.2744140625 0.7669270828125 0.28125 0.78125 0.2822265625 0.796875 0.2744140625 0.79296875 0.265625 0.7747395828125 0.265625 0.765625 0.2744140625
5 0.94921875 0.865234375 0.9427083328125001 0.8720703125 0.9453125 0.8798828125 0.9544270828125001 0.88671875 0.9609375 0.8857421875 0.9635416671874999 0.8818359375 0.9609375 0.8720703125 0.94921875 0.865234375
5 0.9010416671874999 0.9873046875 0.8971354171874999 0.974609375 0.88671875 0.974609375 0.8828125 0.9775390625 0.8893229171874999 0.98828125 0.9010416671874999 0.9873046875
5 0.9309895828125001 0.912109375 0.9270833328125001 0.9150390625 0.9296875 0.9248046875 0.9361979171874999 0.9296875 0.9427083328125001 0.9287109375 0.9453125 0.9248046875 0.9401041671874999 0.9150390625 0.9309895828125001 0.912109375
5 0.8411458328125001 0.8974609375 0.8489583328125001 0.8896484375 0.8489583328125001 0.8798828125 0.8450520828125001 0.876953125 0.8346354171874999 0.876953125 0.8255208328125001 0.8857421875 0.8333333328125001 0.8935546875 0.8333333328125001 0.9033203125 0.8411458328125001 0.9033203125 0.8411458328125001 0.8974609375
5 0.8684895828125001 0.783203125 0.8645833328125001 0.7861328125 0.8645833328125001 0.7939453125 0.8736979171874999 0.798828125 0.8802083328125001 0.7978515625 0.890625 0.7880859375 0.8815104171874999 0.78125 0.8684895828125001 0.783203125
5 0.37890625 0.1796875 0.3645833328125 0.1826171875 0.3671875 0.1923828125 0.3736979171875 0.197265625 0.3854166671875 0.1962890625 0.390625 0.1904296875 0.3802083328125 0.1845703125 0.37890625 0.1796875
5 0.6510416671875 0.2919921875 0.65625 0.2841796875 0.6471354171875 0.275390625 0.640625 0.2841796875 0.640625 0.2919921875 0.6510416671875 0.2919921875
5 0.20963541718749998 0.412109375 0.21614583281250002 0.4072265625 0.21614583281250002 0.3994140625 0.20703125 0.388671875 0.19921875 0.388671875 0.1875 0.3955078125 0.1875 0.4111328125 0.19140625 0.4140625 0.1979166671875 0.4130859375 0.20963541718749998 0.412109375
5 0.9153645828125001 0.833984375 0.9192708328125001 0.8291015625 0.9192708328125001 0.8173828125 0.91015625 0.80859375 0.8971354171874999 0.806640625 0.8932291671874999 0.8134765625 0.8958333328125001 0.8310546875 0.9049479171874999 0.8359375 0.9088541671874999 0.8349609375 0.9153645828125001 0.833984375
5 0 0.1416015625 0.0026041671875 0.1416015625 0.009114582812499999 0.140625 0.015625 0.1318359375 0.013020832812499999 0.1201171875 0.00390625 0.1171875 0 0.1181640625 0 0.1416015625
5 0.9518229171874999 1 0.9869791671874999 0.9990234375 0.9973958328125001 0.9951171875 0.9947916671874999 0.9755859375 0.9830729171874999 0.96875 0.97265625 0.966796875 0.9674479171874999 0.9609375 0.9596354171874999 0.9609375 0.953125 0.9658203125 0.9453125 0.9814453125 0.9479166671874999 0.9970703125 0.9518229171874999 1
5 0.95703125 0.998046875 0.9817708328125001 0.9970703125 0.9921875 0.9931640625 0.9869791671874999 0.9912109375 0.9947916671874999 0.9755859375 0.9791666671874999 0.9658203125 0.97265625 0.95703125 0.9674479171874999 0.95703125 0.9557291671874999 0.9638671875 0.9479166671874999 0.9892578125 0.9505208328125001 0.9951171875 0.95703125 0.998046875
5 1 0.5576171875 0.99609375 0.552734375 0.9856770828125001 0.552734375 0.9778645828125001 0.560546875 0.9700520828125001 0.560546875 0.9661458328125001 0.5712890625 0.9609375 0.5751953125 0.9635416671874999 0.5830078125 0.9700520828125001 0.587890625 0.9817708328125001 0.5888671875 1 0.5693359375 1 0.5576171875
5 0.1614583328125 0.4033203125 0.1549479171875 0.396484375 0.13671875 0.39453125 0.125 0.4013671875 0.1223958328125 0.4111328125 0.1315104171875 0.419921875 0.1458333328125 0.4189453125 0.1614583328125 0.4091796875 0.1614583328125 0.4033203125
5 0.0390625 0.4443359375 0.0416666671875 0.4521484375 0.05208333281250001 0.4541015625 0.06770833281250001 0.4462890625 0.06901041718749999 0.435546875 0.05078125 0.4375 0.0390625 0.4443359375
5 0.1822916671875 0.5673828125 0.17578125 0.5625 0.1705729171875 0.5625 0.1588541671875 0.5732421875 0.1588541671875 0.5810546875 0.16796875 0.5859375 0.1796875 0.5849609375 0.1875 0.5751953125 0.1822916671875 0.5673828125
5 0.83984375 0.212890625 0.8489583328125001 0.2119140625 0.8606770828125001 0.203125 0.8736979171874999 0.203125 0.8828125 0.1943359375 0.8828125 0.1884765625 0.8684895828125001 0.1796875 0.85546875 0.185546875 0.8372395828125001 0.185546875 0.8307291671874999 0.1923828125 0.8333333328125001 0.2080078125 0.83984375 0.212890625
5 0.8020833328125001 0.8154296875 0.8111979171874999 0.8125 0.8216145828125001 0.814453125 0.828125 0.7998046875 0.82421875 0.794921875 0.81640625 0.794921875 0.8059895828125001 0.78515625 0.7981770828125 0.78515625 0.7890625 0.7939453125 0.7916666671875 0.8115234375 0.8020833328125001 0.8154296875
5 0.79296875 0.66015625 0.7890625 0.6630859375 0.7838541671875 0.6728515625 0.7877604171875 0.6796875 0.8177083328125001 0.6806640625 0.8229166671874999 0.6728515625 0.8138020828125001 0.66015625 0.79296875 0.66015625
5 0.9322916671874999 0.6611328125 0.9296875 0.6689453125 0.9453125 0.6748046875 0.953125 0.6708984375 0.953125 0.6611328125 0.9440104171874999 0.65625 0.9322916671874999 0.6611328125
5 0.3229166671875 0.0615234375 0.34765625 0.07421875 0.3645833328125 0.0751953125 0.3971354171875 0.07421875 0.4036458328125 0.0693359375 0.39453125 0.060546875 0.37890625 0.060546875 0.3723958328125 0.0498046875 0.3606770828125 0.044921875 0.3450520828125 0.041015625 0.3294270828125 0.044921875 0.3229166671875 0.0537109375 0.3229166671875 0.0615234375
5 0.1276041671875 0.1123046875 0.11328125 0.10546875 0.1002604171875 0.10546875 0.09375 0.1103515625 0.09635416718749999 0.1259765625 0.11328125 0.1328125 0.1223958328125 0.1318359375 0.1276041671875 0.1298828125 0.1276041671875 0.1123046875