5 0.3033854171875 0.185546875 0.3216145828125 0.185546875 0.3359375 0.1787109375 0.3411458328125 0.1630859375 0.3294270828125 0.1484375 0.3190104171875 0.14453125 0.3033854171875 0.14453125 0.2864583328125 0.1533203125 0.2838541671875 0.1669921875 0.3033854171875 0.185546875
5 0.05078125 0.234375 0.0221354171875 0.234375 0.01171875 0.23828125 0.013020832812499999 0.2451171875 0.0338541671875 0.2705078125 0.05338541718749999 0.287109375 0.08723958281250001 0.2890625 0.1041666671875 0.2783203125 0.1119791671875 0.2666015625 0.1119791671875 0.2490234375 0.09765625 0.23828125 0.05078125 0.234375
5 0.07291666718749999 0.2216796875 0.07552083281250001 0.2080078125 0.06640625 0.19921875 0.0403645828125 0.197265625 0.0338541671875 0.2001953125 0.03125 0.2158203125 0.04296875 0.2265625 0.06640625 0.2265625 0.07291666718749999 0.2216796875
5 0.03515625 0.181640625 0.0416666671875 0.1767578125 0.0416666671875 0.1708984375 0.0325520828125 0.166015625 0.0247395828125 0.16796875 0.0208333328125 0.1787109375 0.03515625 0.181640625
5 0.1015625 0.1767578125 0.09895833281250001 0.1845703125 0.1028645828125 0.1875 0.1171875 0.1845703125 0.11328125 0.17578125 0.1015625 0.1767578125
5 0.08723958281250001 0.126953125 0.07942708281250001 0.126953125 0.07291666718749999 0.1318359375 0.07291666718749999 0.1376953125 0.08463541718749999 0.142578125 0.09505208281250001 0.140625 0.09895833281250001 0.1337890625 0.08723958281250001 0.126953125
5 0.23828125 0.2265625 0.21875 0.2373046875 0.21614583281250002 0.2509765625 0.22786458281250002 0.26171875 0.24088541718749998 0.263671875 0.2578125 0.2451171875 0.2578125 0.2294921875 0.23828125 0.2265625
5 0.4348958328125 0.2275390625 0.43359375 0.236328125 0.4505208328125 0.2333984375 0.4466145828125 0.2265625 0.4348958328125 0.2275390625
5 0.3997395828125 0.2109375 0.390625 0.2158203125 0.3880208328125 0.2255859375 0.39453125 0.228515625 0.4075520828125 0.2265625 0.4140625 0.2216796875 0.4140625 0.2177734375 0.3997395828125 0.2109375
5 0.35546875 0.19921875 0.3515625 0.2080078125 0.36328125 0.2109375 0.3697916671875 0.2041015625 0.3606770828125 0.197265625 0.35546875 0.19921875
5 0.5677083328125 0.1455078125 0.5677083328125 0.1376953125 0.55859375 0.130859375 0.5403645828125 0.12890625 0.5364583328125 0.1318359375 0.5338541671875 0.1396484375 0.54296875 0.1484375 0.5611979171875 0.150390625 0.5677083328125 0.1455078125
5 0.5729166671875 0.1455078125 0.5846354171875 0.1484375 0.59375 0.1435546875 0.59375 0.1357421875 0.5794270828125 0.1328125 0.5729166671875 0.1376953125 0.5729166671875 0.1455078125
5 0.6341145828125 0.140625 0.64453125 0.140625 0.65625 0.1337890625 0.6497395828125 0.125 0.6328125 0.1298828125 0.6302083328125 0.1357421875 0.6341145828125 0.140625
5 0.8046875 0.1396484375 0.8046875 0.1318359375 0.7981770828125 0.126953125 0.77734375 0.125 0.7682291671875 0.1298828125 0.765625 0.1455078125 0.7721354171875 0.150390625 0.7903645828125 0.150390625 0.8046875 0.1396484375
5 0.9205729171874999 0.205078125 0.8841145828125001 0.203125 0.8828125 0.2197265625 0.8893229171874999 0.2265625 0.9153645828125001 0.228515625 0.9244791671874999 0.2216796875 0.9270833328125001 0.2138671875 0.9205729171874999 0.205078125
5 0.7942708328125 0.3291015625 0.8059895828125001 0.33984375 0.8268229171874999 0.33984375 0.8385416671874999 0.3330078125 0.8411458328125001 0.3271484375 0.8346354171874999 0.318359375 0.82421875 0.314453125 0.8033854171874999 0.314453125 0.7942708328125 0.3212890625 0.7942708328125 0.3291015625
5 0.8072916671874999 0.2998046875 0.8046875 0.2880859375 0.78515625 0.283203125 0.7721354171875 0.283203125 0.7578125 0.2939453125 0.7552083328125 0.3095703125 0.7591145828125 0.3125 0.7955729171875 0.3125 0.8072916671874999 0.2998046875
5 0.4375 0.3466796875 0.4401041671875 0.3349609375 0.43359375 0.326171875 0.4153645828125 0.32421875 0.40625 0.3291015625 0.4010416671875 0.3466796875 0.41015625 0.353515625 0.4231770828125 0.353515625 0.4375 0.3466796875
5 0.20703125 0.62109375 0.21744791718749998 0.625 0.25390625 0.62109375 0.2682291671875 0.6044921875 0.2630208328125 0.5908203125 0.23046875 0.576171875 0.20442708281250002 0.580078125 0.1927083328125 0.5927734375 0.1927083328125 0.6083984375 0.20703125 0.62109375
5 0.1940104171875 0.578125 0.20703125 0.578125 0.23177083281250002 0.5673828125 0.23046875 0.564453125 0.19921875 0.56640625 0.1901041671875 0.5732421875 0.1940104171875 0.578125
5 0 0.5947265625 0.006510417187500001 0.59765625 0.0377604171875 0.59765625 0.0455729171875 0.595703125 0.0546875 0.5869140625 0.05729166718749999 0.5751953125 0.05078125 0.568359375 0.00390625 0.568359375 0 0.5712890625 0 0.5947265625
5 0.328125 0.5537109375 0.328125 0.5400390625 0.3216145828125 0.53515625 0.3138020828125 0.53515625 0.2994791671875 0.5419921875 0.2942708328125 0.5478515625 0.3020833328125 0.5615234375 0.3190104171875 0.56640625 0.328125 0.5537109375
5 0.328125 0.5556640625 0.328125 0.5400390625 0.3216145828125 0.53515625 0.3138020828125 0.53515625 0.2942708328125 0.5458984375 0.2864583328125 0.5810546875 0.30078125 0.583984375 0.3229166671875 0.5654296875 0.328125 0.5556640625
5 0.47265625 0.568359375 0.4609375 0.5771484375 0.4635416671875 0.5986328125 0.47265625 0.6015625 0.51171875 0.599609375 0.5403645828125 0.587890625 0.5494791671875 0.5791015625 0.5442708328125 0.5693359375 0.52734375 0.55859375 0.4986979171875 0.55859375 0.47265625 0.568359375
5 0.43359375 0.591796875 0.4296875 0.5947265625 0.43359375 0.603515625 0.4505208328125 0.6005859375 0.44921875 0.591796875 0.43359375 0.591796875
5 0.3841145828125 0.578125 0.4010416671875 0.5751953125 0.3971354171875 0.56640625 0.38671875 0.5625 0.3802083328125 0.5654296875 0.3776041671875 0.5732421875 0.3841145828125 0.578125
5 0.35546875 0.595703125 0.3515625 0.6044921875 0.36328125 0.607421875 0.3671875 0.5986328125 0.35546875 0.595703125
5 0.32421875 0.681640625 0.3203125 0.6923828125 0.3346354171875 0.693359375 0.3385416671875 0.6845703125 0.32421875 0.681640625
5 0.3111979171875 0.623046875 0.3072916671875 0.6259765625 0.3111979171875 0.630859375 0.3216145828125 0.630859375 0.328125 0.6240234375 0.3111979171875 0.623046875
5 0.1809895828125 0.623046875 0.1796875 0.6298828125 0.1888020828125 0.630859375 0.1901041671875 0.6240234375 0.1809895828125 0.623046875
5 0.04296875 0.611328125 0.0247395828125 0.61328125 0.0234375 0.6181640625 0.0377604171875 0.626953125 0.05078125 0.625 0.0546875 0.6201171875 0.0546875 0.6162109375 0.04296875 0.611328125
5 0.05078125 0.64453125 0.05859375 0.64453125 0.06510416718749999 0.6396484375 0.05859375 0.630859375 0.046875 0.6337890625 0.0442708328125 0.6376953125 0.05078125 0.64453125
5 0.72265625 0.6328125 0.7213541671875 0.6396484375 0.7278645828125 0.64453125 0.7395833328125 0.6416015625 0.7356770828125 0.6328125 0.72265625 0.6328125
5 0.8190104171874999 0.583984375 0.8046875 0.5888671875 0.7994791671875 0.5966796875 0.8111979171874999 0.609375 0.8268229171874999 0.609375 0.8333333328125001 0.6044921875 0.8307291671874999 0.5927734375 0.8190104171874999 0.583984375
5 0.87890625 0.5859375 0.8763020828125001 0.59375 0.88671875 0.595703125 0.8958333328125001 0.5927734375 0.89453125 0.587890625 0.87890625 0.5859375
5 0.87890625 0.5703125 0.875 0.5732421875 0.87890625 0.578125 0.88671875 0.578125 0.8932291671874999 0.5732421875 0.87890625 0.5703125
5 0.8072916671874999 0.9267578125 0.8098958328125001 0.9091796875 0.8059895828125001 0.904296875 0.7877604171875 0.90234375 0.7747395828125 0.90625 0.7708333328125 0.9091796875 0.78515625 0.9296875 0.7955729171875 0.931640625 0.8072916671874999 0.9267578125
5 0.08072916718749999 0.9931640625 0.07942708281250001 1 0.1380208328125 0.9990234375 0.11328125 0.982421875 0.1002604171875 0.982421875 0.08072916718749999 0.9931640625
2 0.07421875 0.123046875 0.1015625 0.1123046875 0.1015625 0.1025390625 0.06901041718749999 0.083984375 0.02734375 0.08984375 0.0234375 0.0927734375 0.03125 0.1083984375 0.0481770828125 0.119140625 0.07421875 0.123046875
2 0.1653645828125 0.08984375 0.13671875 0.08984375 0.11328125 0.09765625 0.1067708328125 0.1025390625 0.1067708328125 0.1103515625 0.1315104171875 0.12890625 0.1419270828125 0.130859375 0.16015625 0.130859375 0.1731770828125 0.126953125 0.1875 0.1064453125 0.1875 0.1005859375 0.1653645828125 0.08984375
2 0.21484375 0.1015625 0.2109375 0.1064453125 0.23307291718749998 0.1171875 0.2747395828125 0.119140625 0.29296875 0.1171875 0.3138020828125 0.109375 0.3255208328125 0.0966796875 0.3255208328125 0.0908203125 0.3138020828125 0.0859375 0.2669270828125 0.0859375 0.21484375 0.1015625
2 0.90234375 0.08984375 0.8958333328125001 0.0947265625 0.8828125 0.1083984375 0.89453125 0.12109375 0.9049479171874999 0.12109375 0.921875 0.1064453125 0.921875 0.0927734375 0.90234375 0.08984375
2 0.9596354171874999 0.123046875 0.9661458328125001 0.1142578125 0.9635416671874999 0.0830078125 0.9544270828125001 0.08203125 0.9296875 0.0947265625 0.9270833328125001 0.1064453125 0.9322916671874999 0.1220703125 0.9388020828125001 0.126953125 0.9596354171874999 0.123046875
5 0.5638020828125 0.283203125 0.57421875 0.28515625 0.5885416671875 0.2763671875 0.5846354171875 0.263671875 0.5533854171875 0.26171875 0.5520833328125 0.2724609375 0.5638020828125 0.283203125
5 0.76953125 0.244140625 0.7408854171875 0.244140625 0.7369791671875 0.2490234375 0.7421875 0.2587890625 0.7486979171875 0.26171875 0.7669270828125 0.26171875 0.7786458328125 0.2548828125 0.76953125 0.244140625
5 0.7161458328125 0.2373046875 0.71484375 0.248046875 0.7291666671875 0.2412109375 0.72265625 0.236328125 0.7161458328125 0.2373046875
5 0.5481770828125 0.193359375 0.5690104171875 0.185546875 0.5729166671875 0.1787109375 0.5638020828125 0.17578125 0.5377604171875 0.181640625 0.5338541671875 0.1904296875 0.5481770828125 0.193359375
5 0.4895833328125 0.1591796875 0.4869791671875 0.1630859375 0.4934895828125 0.169921875 0.5026041671875 0.1669921875 0.5013020828125 0.16015625 0.4895833328125 0.1591796875
5 0.4049479171875 0.1328125 0.40625 0.1474609375 0.4153645828125 0.150390625 0.4192708328125 0.1396484375 0.4127604171875 0.1328125 0.4049479171875 0.1328125
5 0.5 0.0810546875 0.5 0.0712890625 0.4934895828125 0.064453125 0.4752604171875 0.064453125 0.4635416671875 0.0693359375 0.4609375 0.0771484375 0.47265625 0.083984375 0.48828125 0.0859375 0.5 0.0810546875
5 0.55078125 0.23828125 0.5611979171875 0.23828125 0.5729166671875 0.2314453125 0.5690104171875 0.224609375 0.5611979171875 0.224609375 0.5494791671875 0.2333984375 0.55078125 0.23828125
5 0.1705729171875 0.25 0.1640625 0.2548828125 0.1666666671875 0.2607421875 0.1809895828125 0.263671875 0.1848958328125 0.2548828125 0.1705729171875 0.25
5 0.17578125 0.28125 0.171875 0.2880859375 0.1809895828125 0.296875 0.1901041671875 0.2900390625 0.18359375 0.28125 0.17578125 0.28125
5 0.29296875 0.275390625 0.2890625 0.2861328125 0.2981770828125 0.287109375 0.3046875 0.2802734375 0.29296875 0.275390625
5 0.38671875 0.275390625 0.3828125 0.2783203125 0.3854166671875 0.2841796875 0.39453125 0.28515625 0.3984375 0.2783203125 0.38671875 0.275390625
5 0.5026041671875 0.2763671875 0.4908854171875 0.2734375 0.4908854171875 0.279296875 0.5026041671875 0.2763671875
5 0.9856770828125001 0.21484375 0.9791666671874999 0.2236328125 0.99609375 0.2265625 1 0.2177734375 0.9856770828125001 0.21484375
5 0.9440104171874999 0.1640625 0.9401041671874999 0.1669921875 0.94140625 0.17578125 0.9583333328125001 0.1708984375 0.9544270828125001 0.1640625 0.9440104171874999 0.1640625