5 0.009114582812499999 0.876953125 0.0026041671875 0.8876953125 0.006510417187500001 0.890625 0.0182291671875 0.8896484375 0.0208333328125 0.8798828125 0.009114582812499999 0.876953125
5 0.7838541671875 0.7158203125 0.78125 0.7216796875 0.78515625 0.7265625 0.7981770828125 0.732421875 0.8098958328125001 0.7314453125 0.8151041671874999 0.7216796875 0.8033854171874999 0.7109375 0.79296875 0.7109375 0.7838541671875 0.7158203125
5 0.7734375 0.3408203125 0.7799479171875 0.353515625 0.796875 0.3544921875 0.8151041671874999 0.3466796875 0.8125 0.3330078125 0.80078125 0.326171875 0.7877604171875 0.328125 0.7734375 0.3408203125
5 0.8346354171874999 0.517578125 0.8229166671874999 0.5244140625 0.8203125 0.5322265625 0.83203125 0.54296875 0.8463541671874999 0.5458984375 0.8567708328125001 0.5380859375 0.859375 0.5302734375 0.8502604171874999 0.51953125 0.8346354171874999 0.517578125
5 0.05208333281250001 0.6142578125 0.05208333281250001 0.6201171875 0.0625 0.6240234375 0.06770833281250001 0.6220703125 0.0703125 0.6162109375 0.06380208281250001 0.611328125 0.05859375 0.611328125 0.05208333281250001 0.6142578125
5 0.3411458328125 0.9873046875 0.3450520828125 0.9921875 0.3541666671875 0.9931640625 0.3619791671875 0.9814453125 0.35546875 0.974609375 0.3502604171875 0.974609375 0.34375 0.9794921875 0.3411458328125 0.9873046875
5 0.20833333281250002 0.1083984375 0.2109375 0.0966796875 0.20442708281250002 0.091796875 0.19921875 0.091796875 0.1979166671875 0.1064453125 0.20182291718749998 0.109375 0.20833333281250002 0.1083984375
5 0.0234375 0.0380859375 0.0286458328125 0.0322265625 0.0221354171875 0.02734375 0.0169270828125 0.02734375 0.010416667187500001 0.0341796875 0.0169270828125 0.0390625 0.0234375 0.0380859375
5 0.18359375 0.765625 0.1744791671875 0.7705078125 0.171875 0.7783203125 0.1809895828125 0.787109375 0.1927083328125 0.7880859375 0.203125 0.7841796875 0.20572916718749998 0.7744140625 0.19921875 0.767578125 0.18359375 0.765625
5 0.6471354171875 0.7109375 0.640625 0.7177734375 0.640625 0.7236328125 0.65234375 0.732421875 0.671875 0.7314453125 0.6770833328125 0.7275390625 0.6744791671875 0.7138671875 0.66015625 0.70703125 0.6471354171875 0.7109375
5 0.6575520828125 0.66015625 0.6510416671875 0.6650390625 0.6510416671875 0.6748046875 0.6575520828125 0.6796875 0.671875 0.6787109375 0.6770833328125 0.6748046875 0.6770833328125 0.6650390625 0.6705729171875 0.66015625 0.6575520828125 0.66015625
5 0.6888020828125 0.8125 0.6744791671875 0.8251953125 0.6744791671875 0.8349609375 0.6888020828125 0.84375 0.7135416671875 0.8427734375 0.7265625 0.8330078125 0.7239583328125 0.8173828125 0.7122395828125 0.810546875 0.6888020828125 0.8125
5 0.21614583281250002 0.9716796875 0.21875 0.9619140625 0.21223958281250002 0.958984375 0.20833333281250002 0.9716796875 0.21614583281250002 0.9716796875
5 0.9791666671874999 0.2998046875 0.9817708328125001 0.2900390625 0.9752604171874999 0.28515625 0.96484375 0.287109375 0.9635416671874999 0.2958984375 0.9700520828125001 0.30078125 0.9791666671874999 0.2998046875
5 0.6875 0.3095703125 0.6875 0.3212890625 0.6953125 0.3271484375 0.7083333328125 0.3212890625 0.7083333328125 0.3134765625 0.7018229171875 0.306640625 0.69140625 0.306640625 0.6875 0.3095703125
5 0.9010416671874999 0.9169921875 0.8815104171874999 0.900390625 0.8763020828125001 0.8984375 0.85546875 0.900390625 0.8463541671874999 0.9052734375 0.84375 0.9091796875 0.8463541671874999 0.9189453125 0.8606770828125001 0.93359375 0.8932291671874999 0.9345703125 0.9010416671874999 0.9287109375 0.9010416671874999 0.9169921875
5 0.8815104171874999 0.724609375 0.8776041671874999 0.7294921875 0.8802083328125001 0.7333984375 0.8893229171874999 0.740234375 0.8984375 0.7392578125 0.9010416671874999 0.7373046875 0.8984375 0.7255859375 0.8919270828125001 0.72265625 0.8815104171874999 0.724609375
5 0.1328125 0.3544921875 0.12890625 0.34765625 0.1223958328125 0.3486328125 0.1263020828125 0.35546875 0.1328125 0.3544921875
5 0.05338541718749999 0.609375 0.0494791671875 0.6123046875 0.0494791671875 0.6201171875 0.05859375 0.625 0.0625 0.6240234375 0.0703125 0.6181640625 0.06770833281250001 0.6123046875 0.06380208281250001 0.609375 0.05338541718749999 0.609375
5 0.9973958328125001 0.3779296875 0.9973958328125001 0.3681640625 0.9908854171874999 0.361328125 0.97265625 0.361328125 0.9622395828125001 0.365234375 0.953125 0.3740234375 0.953125 0.3837890625 0.9596354171874999 0.388671875 0.9791666671874999 0.3896484375 0.98828125 0.38671875 0.9973958328125001 0.3779296875
5 0.8880208328125001 0.6201171875 0.890625 0.6123046875 0.8841145828125001 0.611328125 0.8828125 0.6181640625 0.8880208328125001 0.6201171875
5 0.6901041671875 0.3310546875 0.6966145828125 0.326171875 0.7018229171875 0.326171875 0.7083333328125 0.3193359375 0.7083333328125 0.3134765625 0.7018229171875 0.306640625 0.6888020828125 0.306640625 0.68359375 0.3125 0.67578125 0.3125 0.6614583328125 0.3193359375 0.6614583328125 0.3271484375 0.6653645828125 0.330078125 0.6901041671875 0.3310546875
5 0.8802083328125001 0.7333984375 0.8919270828125001 0.7421875 0.8958333328125001 0.7412109375 0.9010416671874999 0.7373046875 0.9010416671874999 0.7294921875 0.89453125 0.724609375 0.8841145828125001 0.724609375 0.8802083328125001 0.7333984375
5 0.8138020828125001 0.912109375 0.8098958328125001 0.9150390625 0.8125 0.9248046875 0.8216145828125001 0.9296875 0.828125 0.9287109375 0.8333333328125001 0.9248046875 0.8307291671874999 0.9150390625 0.8268229171874999 0.912109375 0.8138020828125001 0.912109375
5 0.625 0.8564453125 0.625 0.8603515625 0.6380208328125 0.8662109375 0.64453125 0.865234375 0.6510416671875 0.8583984375 0.64453125 0.849609375 0.6315104171875 0.849609375 0.625 0.8564453125
5 0.8645833328125001 0.3193359375 0.8528645828125001 0.31640625 0.8489583328125001 0.3232421875 0.859375 0.3271484375 0.8645833328125001 0.3251953125 0.8645833328125001 0.3193359375
5 0.7395833328125 0.1591796875 0.7356770828125 0.15234375 0.7317708328125 0.1572265625 0.7395833328125 0.1591796875
5 0.7395833328125 0.5849609375 0.7421875 0.5791015625 0.73828125 0.57421875 0.7330729171875 0.57421875 0.7291666671875 0.5830078125 0.7330729171875 0.5859375 0.7395833328125 0.5849609375
5 0.11328125 0.048828125 0.1041666671875 0.0517578125 0.1080729171875 0.056640625 0.1145833328125 0.0556640625 0.1171875 0.0517578125 0.11328125 0.048828125
5 0.2578125 0.4404296875 0.25390625 0.431640625 0.2421875 0.4345703125 0.24609375 0.44140625 0.2578125 0.4404296875
5 0.1692708328125 0.4736328125 0.1549479171875 0.470703125 0.1536458328125 0.4775390625 0.1614583328125 0.4814453125 0.1692708328125 0.4775390625 0.1692708328125 0.4736328125
5 0.2265625 0.5146484375 0.22526041718749998 0.5078125 0.21614583281250002 0.5107421875 0.22005208281250002 0.515625 0.2265625 0.5146484375
5 0.28515625 0.80078125 0.265625 0.8095703125 0.2630208328125 0.8232421875 0.27734375 0.833984375 0.2916666671875 0.8349609375 0.2994791671875 0.8251953125 0.3020833328125 0.8095703125 0.29296875 0.80078125 0.28515625 0.80078125
5 0.28515625 0.470703125 0.2799479171875 0.46875 0.26953125 0.470703125 0.2578125 0.4814453125 0.2630208328125 0.4912109375 0.28515625 0.501953125 0.2916666671875 0.5009765625 0.2994791671875 0.4951171875 0.296875 0.4814453125 0.28515625 0.470703125