5 0.3619791671875 0.5380859375 0.3502604171875 0.529296875 0.3385416671875 0.5283203125 0.3255208328125 0.5361328125 0.3229166671875 0.5458984375 0.3346354171875 0.5546875 0.35546875 0.560546875 0.3645833328125 0.5498046875 0.3619791671875 0.5380859375
5 0.078125 0.7763671875 0.06901041718749999 0.767578125 0.0546875 0.7685546875 0.0442708328125 0.7744140625 0.0416666671875 0.7880859375 0.05338541718749999 0.798828125 0.06901041718749999 0.798828125 0.078125 0.7900390625 0.078125 0.7763671875
5 0.5872395828125 0.85546875 0.6158854171875 0.853515625 0.625 0.8427734375 0.625 0.8349609375 0.6171875 0.8193359375 0.59765625 0.80859375 0.5833333328125 0.8095703125 0.5677083328125 0.8232421875 0.5651041671875 0.8369140625 0.5703125 0.8447265625 0.5872395828125 0.85546875
5 0.4114583328125 0.0634765625 0.40234375 0.05859375 0.3958333328125 0.0595703125 0.3880208328125 0.0634765625 0.3854166671875 0.0732421875 0.3919270828125 0.080078125 0.40234375 0.08203125 0.4114583328125 0.0751953125 0.4114583328125 0.0634765625
5 0 0.2900390625 0.006510417187500001 0.29296875 0.03125 0.2802734375 0.0390625 0.2666015625 0.0390625 0.2568359375 0.0338541671875 0.2451171875 0.01953125 0.232421875 0.0026041671875 0.2314453125 0 0.2333984375 0 0.2900390625
5 0.06640625 0.611328125 0.078125 0.6025390625 0.07552083281250001 0.5888671875 0.06380208281250001 0.580078125 0.0546875 0.5791015625 0.0481770828125 0.580078125 0.0416666671875 0.5869140625 0.0416666671875 0.6005859375 0.05338541718749999 0.609375 0.06640625 0.611328125
5 0.3177083328125 0.3095703125 0.3151041671875 0.2958984375 0.3033854171875 0.28515625 0.29296875 0.28125 0.2838541671875 0.2822265625 0.2708333328125 0.2939453125 0.2708333328125 0.3115234375 0.2799479171875 0.322265625 0.30078125 0.326171875 0.3177083328125 0.3095703125
5 0.3697916671875 0.0966796875 0.359375 0.0927734375 0.3515625 0.0986328125 0.35546875 0.109375 0.3697916671875 0.1064453125 0.3697916671875 0.0966796875
5 0.44140625 0.169921875 0.45703125 0.173828125 0.4661458328125 0.1708984375 0.44921875 0.15625 0.4401041671875 0.1572265625 0.4375 0.1650390625 0.44140625 0.169921875
5 0.1901041671875 0.4736328125 0.1809895828125 0.462890625 0.1640625 0.4619140625 0.1536458328125 0.4716796875 0.15625 0.4853515625 0.16796875 0.4921875 0.18359375 0.4921875 0.1901041671875 0.4853515625 0.1901041671875 0.4736328125
5 0.5651041671875 0.2294921875 0.5625 0.2431640625 0.5716145828125 0.25 0.58203125 0.251953125 0.5859375 0.2451171875 0.5807291671875 0.2353515625 0.5716145828125 0.228515625 0.5651041671875 0.2294921875
5 0.5026041671875 0.5302734375 0.4934895828125 0.525390625 0.4895833328125 0.5263671875 0.4817708328125 0.5322265625 0.4817708328125 0.5380859375 0.48828125 0.54296875 0.49609375 0.54296875 0.5026041671875 0.5400390625 0.5026041671875 0.5302734375
5 0.02734375 0.49609375 0.0208333328125 0.4970703125 0.013020832812499999 0.5087890625 0.014322917187500001 0.515625 0.03125 0.5029296875 0.02734375 0.49609375
5 0.3255208328125 0.1845703125 0.33203125 0.189453125 0.3424479171875 0.19140625 0.3528645828125 0.185546875 0.35546875 0.1875 0.359375 0.1826171875 0.3567708328125 0.1611328125 0.34765625 0.15234375 0.3307291671875 0.1513671875 0.3229166671875 0.1591796875 0.3203125 0.1728515625 0.3255208328125 0.1845703125
5 0.8098958328125001 0.3564453125 0.7981770828125 0.345703125 0.78125 0.3466796875 0.7708333328125 0.3544921875 0.7708333328125 0.3662109375 0.7799479171875 0.375 0.7903645828125 0.375 0.8072916671874999 0.3662109375 0.8098958328125001 0.3564453125
5 0.6380208328125 0.5634765625 0.6263020828125 0.55078125 0.609375 0.5517578125 0.5963541671875 0.5595703125 0.5963541671875 0.5732421875 0.6080729171875 0.583984375 0.6236979171875 0.5859375 0.6354166671875 0.5732421875 0.6380208328125 0.5634765625
5 0.5703125 0.5322265625 0.5677083328125 0.5341796875 0.5703125 0.5419921875 0.5768229171875 0.546875 0.58203125 0.546875 0.5833333328125 0.5361328125 0.57421875 0.53125 0.5703125 0.5322265625
5 0.7630208328125 0.6162109375 0.7630208328125 0.6083984375 0.75390625 0.6015625 0.7356770828125 0.59765625 0.7239583328125 0.5986328125 0.7213541671875 0.6083984375 0.7239583328125 0.6162109375 0.73046875 0.62109375 0.7486979171875 0.625 0.7630208328125 0.6162109375
5 0.010416667187500001 0.4521484375 0.0052083328125 0.4560546875 0.0052083328125 0.4619140625 0.009114582812499999 0.466796875 0.01953125 0.46875 0.0234375 0.4560546875 0.0169270828125 0.451171875 0.010416667187500001 0.4521484375
2 0.7174479171875 0.771484375 0.69140625 0.7734375 0.6744791671875 0.7861328125 0.6770833328125 0.8115234375 0.6966145828125 0.8203125 0.70703125 0.8203125 0.7200520828125 0.828125 0.73046875 0.828125 0.7369791671875 0.8212890625 0.7369791671875 0.7998046875 0.7447916671875 0.7646484375 0.7408854171875 0.76171875 0.734375 0.7626953125 0.7174479171875 0.771484375
5 0.48828125 0.68359375 0.4765625 0.6923828125 0.4739583328125 0.6962890625 0.4765625 0.7158203125 0.4817708328125 0.7236328125 0.4986979171875 0.732421875 0.5299479171875 0.728515625 0.5416666671875 0.7216796875 0.5442708328125 0.7158203125 0.5442708328125 0.6982421875 0.5364583328125 0.6845703125 0.5221354171875 0.6796875 0.5 0.6806640625 0.48828125 0.68359375
5 0.1302083328125 0.4208984375 0.125 0.4287109375 0.12890625 0.43359375 0.1393229171875 0.435546875 0.1458333328125 0.4306640625 0.1458333328125 0.4248046875 0.1393229171875 0.419921875 0.1302083328125 0.4208984375
5 0.4270833328125 0.0517578125 0.421875 0.0556640625 0.421875 0.0615234375 0.4283854171875 0.06640625 0.4361979171875 0.06640625 0.4401041671875 0.0576171875 0.4309895828125 0.05078125 0.4270833328125 0.0517578125
5 0.0416666671875 0.2197265625 0.0338541671875 0.2255859375 0.0338541671875 0.2333984375 0.0377604171875 0.23828125 0.05078125 0.240234375 0.0625 0.2314453125 0.05078125 0.220703125 0.0416666671875 0.2197265625
5 0 0.8837890625 0.00390625 0.884765625 0.0208333328125 0.8740234375 0.0286458328125 0.8525390625 0.0182291671875 0.8271484375 0.01171875 0.8203125 0 0.8173828125 0 0.8837890625
5 0.3984375 0.1689453125 0.3958333328125 0.1767578125 0.40234375 0.181640625 0.4075520828125 0.181640625 0.4114583328125 0.1787109375 0.4114583328125 0.1708984375 0.4075520828125 0.16796875 0.3984375 0.1689453125
5 0.7057291671875 0.3134765625 0.6979166671875 0.3310546875 0.70703125 0.33984375 0.71484375 0.33984375 0.7265625 0.3330078125 0.7291666671875 0.3251953125 0.7174479171875 0.314453125 0.7057291671875 0.3134765625
5 0.51953125 0.18359375 0.5130208328125 0.1845703125 0.5104166671875 0.1923828125 0.51953125 0.1953125 0.5234375 0.1865234375 0.51953125 0.18359375
5 0.9817708328125001 0.1259765625 0.984375 0.1318359375 0.9986979171874999 0.138671875 1 0.0986328125 0.9947916671874999 0.0986328125 0.9817708328125001 0.1123046875 0.9817708328125001 0.1259765625
5 0.6484375 0.7626953125 0.640625 0.7607421875 0.6354166671875 0.7626953125 0.6354166671875 0.7724609375 0.6471354171875 0.7734375 0.6484375 0.7626953125
5 0.5143229171875 0.388671875 0.4986979171875 0.37890625 0.4895833328125 0.3798828125 0.4817708328125 0.3837890625 0.4817708328125 0.4072265625 0.4856770828125 0.412109375 0.5052083328125 0.4189453125 0.5104166671875 0.4326171875 0.5247395828125 0.443359375 0.53515625 0.447265625 0.55078125 0.4453125 0.5755208328125 0.4326171875 0.5833333328125 0.4130859375 0.5703125 0.3935546875 0.55859375 0.384765625 0.5325520828125 0.3828125 0.5143229171875 0.388671875
5 0.3932291671875 0.2412109375 0.41015625 0.25390625 0.4205729171875 0.25390625 0.4244791671875 0.2490234375 0.421875 0.2294921875 0.4140625 0.2236328125 0.4114583328125 0.2099609375 0.4049479171875 0.205078125 0.3958333328125 0.2060546875 0.3854166671875 0.2138671875 0.3932291671875 0.2314453125 0.3932291671875 0.2412109375
5 0.2578125 0.3720703125 0.24869791718749998 0.3671875 0.23177083281250002 0.3681640625 0.21875 0.3779296875 0.21875 0.3896484375 0.22526041718749998 0.39453125 0.2513020828125 0.392578125 0.2604166671875 0.3818359375 0.2578125 0.3720703125
5 0.89453125 0.55078125 0.8997395828125001 0.55078125 0.9036458328125001 0.5458984375 0.8984375 0.5361328125 0.8932291671874999 0.5361328125 0.8880208328125001 0.5458984375 0.89453125 0.55078125
5 0.1979166671875 0.2607421875 0.19140625 0.25390625 0.1796875 0.2548828125 0.1770833328125 0.2587890625 0.1796875 0.2783203125 0.1888020828125 0.28515625 0.1940104171875 0.28515625 0.1979166671875 0.2822265625 0.1979166671875 0.2607421875
5 0.828125 0.3017578125 0.8255208328125001 0.3056640625 0.83203125 0.3125 0.8372395828125001 0.314453125 0.8463541671874999 0.3095703125 0.8463541671874999 0.3056640625 0.83984375 0.30078125 0.828125 0.3017578125
5 0.8229166671874999 0.4619140625 0.8177083328125001 0.4658203125 0.8177083328125001 0.4716796875 0.8268229171874999 0.474609375 0.8333333328125001 0.4697265625 0.8333333328125001 0.4638671875 0.8294270828125001 0.4609375 0.8229166671874999 0.4619140625
5 0.06380208281250001 0.189453125 0.07552083281250001 0.1865234375 0.07552083281250001 0.1826171875 0.06901041718749999 0.177734375 0.05989583281250001 0.1787109375 0.05989583281250001 0.1865234375 0.06380208281250001 0.189453125
5 0.5325520828125 0.947265625 0.5481770828125 0.9453125 0.5572916671875 0.9306640625 0.5546875 0.9130859375 0.54296875 0.904296875 0.5221354171875 0.896484375 0.5078125 0.8974609375 0.5 0.9072265625 0.5026041671875 0.9365234375 0.5169270828125 0.9453125 0.5325520828125 0.947265625
5 0.640625 0.9814453125 0.6302083328125 0.9873046875 0.6302083328125 0.9990234375 0.6627604171875 1 0.6640625 0.9931640625 0.6536458328125 0.9833984375 0.6471354171875 0.98046875 0.640625 0.9814453125
5 0.5677083328125 0.7568359375 0.57421875 0.76171875 0.5807291671875 0.7568359375 0.5807291671875 0.7509765625 0.5729166671875 0.7451171875 0.5677083328125 0.7490234375 0.5677083328125 0.7568359375
5 0.4361979171875 0.640625 0.4505208328125 0.6240234375 0.4505208328125 0.6025390625 0.4466145828125 0.599609375 0.4348958328125 0.6005859375 0.4244791671875 0.6064453125 0.4192708328125 0.6142578125 0.4192708328125 0.6337890625 0.4283854171875 0.640625 0.4361979171875 0.640625
5 0.41015625 0.619140625 0.4010416671875 0.6201171875 0.3984375 0.6318359375 0.4127604171875 0.63671875 0.4166666671875 0.6240234375 0.41015625 0.619140625
5 0.06380208281250001 0.3828125 0.07421875 0.384765625 0.078125 0.3720703125 0.07421875 0.369140625 0.06510416718749999 0.3701171875 0.05989583281250001 0.3779296875 0.06380208281250001 0.3828125
5 0.20572916718749998 0.3447265625 0.19921875 0.33984375 0.1927083328125 0.3408203125 0.1848958328125 0.3447265625 0.1848958328125 0.3525390625 0.19140625 0.357421875 0.19921875 0.357421875 0.20572916718749998 0.3525390625 0.20572916718749998 0.3447265625
5 0.3697916671875 0.3505859375 0.3606770828125 0.345703125 0.3541666671875 0.3466796875 0.3515625 0.3505859375 0.3541666671875 0.3603515625 0.3606770828125 0.36328125 0.3684895828125 0.361328125 0.3723958328125 0.3544921875 0.3697916671875 0.3505859375
5 0.15234375 0.30859375 0.1588541671875 0.3037109375 0.1588541671875 0.2998046875 0.15234375 0.294921875 0.1458333328125 0.2958984375 0.1432291671875 0.3037109375 0.15234375 0.30859375
5 0.7057291671875 0.3701171875 0.69921875 0.36328125 0.6927083328125 0.3642578125 0.6770833328125 0.3759765625 0.6796875 0.4013671875 0.67578125 0.40625 0.6940104171875 0.400390625 0.7057291671875 0.3896484375 0.7057291671875 0.3701171875
5 0.6497395828125 0.43359375 0.6640625 0.4287109375 0.6770833328125 0.4111328125 0.6770833328125 0.4072265625 0.671875 0.4072265625 0.6484375 0.4248046875 0.6497395828125 0.43359375
5 0.7200520828125 0.443359375 0.73046875 0.443359375 0.7317708328125 0.4345703125 0.72265625 0.427734375 0.71875 0.4287109375 0.7161458328125 0.4404296875 0.7200520828125 0.443359375
5 0.7630208328125 0.4697265625 0.7565104171875 0.466796875 0.7473958328125 0.4677734375 0.7447916671875 0.4697265625 0.7473958328125 0.4814453125 0.7565104171875 0.48828125 0.76171875 0.48828125 0.7682291671875 0.4833984375 0.7630208328125 0.4697265625
5 0.8815104171874999 0.51171875 0.8880208328125001 0.5068359375 0.8880208328125001 0.5029296875 0.8841145828125001 0.5 0.875 0.5009765625 0.8723958328125001 0.5107421875 0.8815104171874999 0.51171875
5 0.66015625 0.52734375 0.65625 0.5283203125 0.65625 0.5322265625 0.6653645828125 0.5390625 0.6770833328125 0.5419921875 0.66015625 0.52734375
5 0.58984375 0.46484375 0.5807291671875 0.4658203125 0.5807291671875 0.4755859375 0.59765625 0.484375 0.5963541671875 0.4697265625 0.58984375 0.46484375
5 0.4505208328125 0.4638671875 0.45703125 0.46875 0.46875 0.4658203125 0.46875 0.4521484375 0.4609375 0.4462890625 0.4505208328125 0.4521484375 0.4505208328125 0.4638671875
5 0.70703125 0.2265625 0.6940104171875 0.228515625 0.6875 0.2255859375 0.68359375 0.232421875 0.67578125 0.228515625 0.66796875 0.23046875 0.6588541671875 0.2392578125 0.6588541671875 0.2470703125 0.6705729171875 0.2578125 0.6783854171875 0.2578125 0.69140625 0.267578125 0.7044270828125 0.26953125 0.7213541671875 0.2587890625 0.7213541671875 0.2529296875 0.7161458328125 0.2490234375 0.7213541671875 0.2373046875 0.70703125 0.2265625
5 0.7473958328125 0.3037109375 0.7408854171875 0.298828125 0.7369791671875 0.2998046875 0.7291666671875 0.3037109375 0.7265625 0.3095703125 0.7265625 0.3134765625 0.7330729171875 0.318359375 0.7473958328125 0.3134765625 0.7473958328125 0.3037109375
5 0.7877604171875 0.23046875 0.7786458328125 0.2314453125 0.7786458328125 0.2392578125 0.7877604171875 0.2421875 0.7916666671875 0.2333984375 0.7877604171875 0.23046875
2 0.6888020828125 0.19921875 0.6940104171875 0.203125 0.71875 0.1904296875 0.7239583328125 0.1767578125 0.7161458328125 0.1591796875 0.71875 0.1416015625 0.70703125 0.12890625 0.6927083328125 0.1279296875 0.6783854171875 0.1328125 0.6705729171875 0.130859375 0.6653645828125 0.140625 0.6497395828125 0.140625 0.6458333328125 0.1474609375 0.6549479171875 0.154296875 0.6653645828125 0.15625 0.671875 0.1650390625 0.6666666671875 0.1767578125 0.6692708328125 0.1865234375 0.6770833328125 0.1943359375 0.6744791671875 0.1982421875 0.6783854171875 0.201171875 0.6888020828125 0.19921875
5 0.5950520828125 0.197265625 0.6119791671875 0.1904296875 0.6145833328125 0.1865234375 0.6119791671875 0.1748046875 0.5989583328125 0.1552734375 0.5859375 0.1435546875 0.5755208328125 0.1435546875 0.5703125 0.1494140625 0.5703125 0.1865234375 0.5794270828125 0.1953125 0.5950520828125 0.197265625
2 0.66796875 0.125 0.6341145828125 0.123046875 0.6106770828125 0.115234375 0.5598958328125 0.1064453125 0.5572916671875 0.1103515625 0.56640625 0.1171875 0.5846354171875 0.123046875 0.60546875 0.138671875 0.6184895828125 0.142578125 0.6315104171875 0.140625 0.6471354171875 0.1484375 0.6653645828125 0.15234375 0.6770833328125 0.1455078125 0.6809895828125 0.13671875 0.6927083328125 0.1376953125 0.69140625 0.1328125 0.6809895828125 0.1328125 0.66796875 0.125
5 0.7942708328125 0.1201171875 0.7786458328125 0.1357421875 0.7786458328125 0.1474609375 0.78515625 0.154296875 0.7994791671875 0.1513671875 0.8125 0.1279296875 0.8059895828125001 0.12109375 0.7942708328125 0.1201171875
5 0.3229166671875 0.1142578125 0.3151041671875 0.1201171875 0.32421875 0.12890625 0.33203125 0.12890625 0.3359375 0.1259765625 0.3359375 0.1162109375 0.33203125 0.11328125 0.3229166671875 0.1142578125
2 0.2513020828125 0.138671875 0.24869791718749998 0.1328125 0.24348958281250002 0.1328125 0.23958333281250002 0.1376953125 0.24739583281250002 0.1396484375 0.24739583281250002 0.1513671875 0.2552083328125 0.1552734375 0.2552083328125 0.1591796875 0.2669270828125 0.16015625 0.28125 0.1494140625 0.2942708328125 0.1337890625 0.3203125 0.0869140625 0.3307291671875 0.0830078125 0.3385416671875 0.0517578125 0.3359375 0.0439453125 0.3294270828125 0.0390625 0.3033854171875 0.033203125 0.2890625 0.0244140625 0.2877604171875 0 0.2578125 0.0009765625 0.2578125 0.0146484375 0.24739583281250002 0.0263671875 0.24739583281250002 0.0361328125 0.2552083328125 0.0517578125 0.25 0.0576171875 0.2526041671875 0.0634765625 0.2421875 0.0830078125 0.2421875 0.1083984375 0.24609375 0.11328125 0.2526041671875 0.1123046875 0.2526041671875 0.1181640625 0.2578125 0.1201171875 0.2578125 0.1318359375 0.2513020828125 0.138671875
2 0.015625 0.1240234375 0.05208333281250001 0.1416015625 0.0494791671875 0.1533203125 0.05338541718749999 0.15625 0.07942708281250001 0.15625 0.10546875 0.162109375 0.1276041671875 0.1474609375 0.1302083328125 0.1396484375 0.1197916671875 0.1337890625 0.1145833328125 0.1259765625 0.1145833328125 0.1123046875 0.1041666671875 0.0966796875 0.1171875 0.0869140625 0.109375 0.0830078125 0.1041666671875 0.0732421875 0.09114583281250001 0.0654296875 0.09375 0.0517578125 0.08723958281250001 0.037109375 0.08333333281250001 0.0400390625 0.08203125 0.056640625 0.078125 0.0517578125 0.078125 0.0166015625 0.07291666718749999 0.0126953125 0.07291666718749999 0.0048828125 0.06901041718749999 0 0.06510416718749999 0.0009765625 0.0625 0.0322265625 0.05859375 0.033203125 0.0546875 0.0185546875 0.04296875 0 0.0026041671875 0.0009765625 0.0026041671875 0.0771484375 0.010416667187500001 0.0888671875 0.0078125 0.0908203125 0.0169270828125 0.09375 0.0208333328125 0.1005859375 0.01953125 0.10546875 0.01171875 0.103515625 0.010416667187500001 0.1064453125 0.02734375 0.111328125 0.0260416671875 0.1142578125 0.03125 0.1181640625 0.0299479171875 0.12109375 0.0169270828125 0.119140625 0.015625 0.1240234375
5 0.9348958328125001 0.5498046875 0.9348958328125001 0.5595703125 0.9388020828125001 0.564453125 0.94921875 0.564453125 0.9557291671874999 0.5556640625 0.9583333328125001 0.5439453125 0.96875 0.5302734375 0.96875 0.5224609375 0.9635416671874999 0.5224609375 0.9583333328125001 0.5263671875 0.9557291671874999 0.5361328125 0.9348958328125001 0.5498046875
5 0.01171875 0.732421875 0.0221354171875 0.732421875 0.0260416671875 0.7294921875 0.0234375 0.7236328125 0.013020832812499999 0.7216796875 0.0078125 0.7294921875 0.01171875 0.732421875