4 0.529296875 0.9309895828125001 0.529296875 0.8997395828125001 0.5234375 0.8815104171874999 0.5068359375 0.8541666671874999 0.4833984375 0.8385416671874999 0.4560546875 0.8385416671874999 0.4169921875 0.8828125 0.400390625 0.91015625 0.4140625 0.9596354171874999 0.4521484375 0.9973958328125001 0.4794921875 0.9947916671874999 0.4990234375 0.984375 0.5234375 0.9518229171874999 0.529296875 0.9309895828125001
4 0.2255859375 0.4036458328125 0.2431640625 0.4036458328125 0.25 0.39453125 0.25390625 0.3815104171875 0.25390625 0.36328125 0.2490234375 0.3541666671875 0.2353515625 0.3515625 0.21875 0.36328125 0.21484375 0.38671875 0.2255859375 0.4036458328125
4 0.2744140625 0.359375 0.2626953125 0.3489583328125 0.2353515625 0.3515625 0.2236328125 0.3567708328125 0.212890625 0.3736979171875 0.220703125 0.4361979171875 0.2548828125 0.46875 0.2666015625 0.4713541671875 0.2802734375 0.4661458328125 0.29296875 0.44140625 0.2890625 0.3815104171875 0.2744140625 0.359375
5 0.165625 0.8109375 0.0125 0.0109375
5 0.109375 0.75859375 0.009375 0.0109375
5 0.9677734375 0.8567708328125001 0.9765625 0.84765625 0.9736328125 0.8359375 0.9599609375 0.8333333328125001 0.955078125 0.83984375 0.955078125 0.84765625 0.9677734375 0.8567708328125001
5 0.716796875 0.86328125 0.7255859375 0.8697916671874999 0.734375 0.8606770828125001 0.732421875 0.85546875 0.7216796875 0.8515625 0.716796875 0.86328125
5 0.75390625 0.7877604171875 0.7568359375 0.7916666671875 0.7646484375 0.7890625 0.767578125 0.7747395828125 0.7568359375 0.7760416671875 0.75390625 0.7877604171875
5 0.6298828125 0.9375 0.640625 0.92578125 0.642578125 0.9153645828125001 0.6357421875 0.90625 0.6298828125 0.90625 0.62109375 0.9153645828125001 0.619140625 0.9309895828125001 0.6240234375 0.9375 0.6298828125 0.9375
5 0.6455078125 0.5859375 0.650390625 0.5794270828125 0.6474609375 0.5651041671875 0.6357421875 0.5598958328125 0.62890625 0.57421875 0.6318359375 0.5807291671875 0.6455078125 0.5859375
5 0.6572265625 0.546875 0.65234375 0.5533854171875 0.654296875 0.5611979171875 0.6572265625 0.5651041671875 0.6689453125 0.5651041671875 0.671875 0.5611979171875 0.6689453125 0.546875 0.6572265625 0.546875
5 0.8662109375 0.4401041671875 0.876953125 0.42578125 0.880859375 0.4075520828125 0.8701171875 0.4036458328125 0.849609375 0.4309895828125 0.849609375 0.4388020828125 0.8662109375 0.4401041671875
5 0.7724609375 0.1901041671875 0.767578125 0.19921875 0.76953125 0.20703125 0.7724609375 0.2109375 0.7841796875 0.2109375 0.7890625 0.20182291718749998 0.7861328125 0.1901041671875 0.7724609375 0.1901041671875
5 0.8662109375 0.0234375 0.87109375 0.01171875 0.865234375 0.0013020828125 0.8427734375 0 0.83984375 0.009114582812499999 0.8505859375 0.0234375 0.8662109375 0.0234375
5 0.392578125 0.26953125 0.4033203125 0.2760416671875 0.408203125 0.26953125 0.408203125 0.26171875 0.3955078125 0.2578125 0.392578125 0.26953125
5 0.361328125 0.26953125 0.3662109375 0.2786458328125 0.3701171875 0.2786458328125 0.373046875 0.2721354171875 0.3701171875 0.2682291671875 0.361328125 0.26953125
5 0.2861328125 0.1171875 0.29296875 0.10546875 0.2900390625 0.09635416718749999 0.2744140625 0.09635416718749999 0.271484375 0.1106770828125 0.2783203125 0.1171875 0.2861328125 0.1171875
5 0.0830078125 0.3125 0.09375 0.3059895828125 0.0908203125 0.2916666671875 0.0849609375 0.2890625 0.078125 0.2955729171875 0.078125 0.3059895828125 0.0830078125 0.3125
5 0.11328125 0.3528645828125 0.1162109375 0.3645833328125 0.125 0.36328125 0.1240234375 0.3489583328125 0.1181640625 0.3463541671875 0.11328125 0.3528645828125
2 0.2568359375 0.0182291671875 0.2958984375 0.0078125 0.30078125 0.0013020828125 0.2158203125 0 0.21484375 0.01171875 0.2314453125 0.0182291671875 0.2568359375 0.0182291671875
2 0.4638671875 0.46875 0.3994140625 0.4973958328125 0.390625 0.5143229171875 0.4345703125 0.5390625 0.4814453125 0.53125 0.490234375 0.5247395828125 0.4755859375 0.4739583328125 0.4638671875 0.46875
2 0.3486328125 0.3463541671875 0.3388671875 0.34375 0.32421875 0.3606770828125 0.322265625 0.4231770828125 0.326171875 0.4596354171875 0.3505859375 0.5104166671875 0.3818359375 0.5104166671875 0.388671875 0.50390625 0.40234375 0.4466145828125 0.400390625 0.4049479171875 0.3857421875 0.3776041671875 0.3486328125 0.3463541671875
4 0.0771484375 0.5260416671875 0.087890625 0.5169270828125 0.087890625 0.5091145828125 0.0712890625 0.5078125 0.06640625 0.51171875 0.06640625 0.5221354171875 0.0771484375 0.5260416671875
4 0.0537109375 0.4661458328125 0.0869140625 0.4661458328125 0.091796875 0.4596354171875 0.095703125 0.44921875 0.095703125 0.42578125 0.0849609375 0.4114583328125 0.0634765625 0.4088541671875 0.05078125 0.42578125 0.048828125 0.4596354171875 0.0537109375 0.4661458328125
4 0.2431640625 0.3515625 0.2333984375 0.3541666671875 0.2265625 0.3684895828125 0.228515625 0.3841145828125 0.2451171875 0.3880208328125 0.25390625 0.3763020828125 0.2509765625 0.3567708328125 0.2431640625 0.3515625
4 0.1318359375 0.4036458328125 0.13671875 0.3971354171875 0.13671875 0.38671875 0.1318359375 0.3802083328125 0.1220703125 0.3802083328125 0.115234375 0.3893229171875 0.115234375 0.3971354171875 0.1181640625 0.4036458328125 0.1318359375 0.4036458328125
4 0.14453125 0.3893229171875 0.1455078125 0.4010416671875 0.158203125 0.3919270828125 0.158203125 0.37890625 0.150390625 0.3763020828125 0.14453125 0.3893229171875
4 0.1025390625 0.3958333328125 0.09765625 0.40234375 0.099609375 0.41015625 0.1044921875 0.4140625 0.1103515625 0.4114583328125 0.11328125 0.40234375 0.111328125 0.3971354171875 0.1025390625 0.3958333328125
4 0.2890625 0.3893229171875 0.2890625 0.3815104171875 0.2802734375 0.3697916671875 0.2646484375 0.3671875 0.259765625 0.37890625 0.263671875 0.3971354171875 0.2705078125 0.4036458328125 0.2861328125 0.3958333328125 0.2890625 0.3893229171875
4 0.287109375 0.45703125 0.2890625 0.4466145828125 0.2861328125 0.4427083328125 0.2744140625 0.4427083328125 0.267578125 0.4518229171875 0.2724609375 0.4661458328125 0.287109375 0.45703125
4 0.2548828125 0.3541666671875 0.2392578125 0.3515625 0.2236328125 0.359375 0.21484375 0.37109375 0.21484375 0.38671875 0.2607421875 0.4635416671875 0.2763671875 0.4661458328125 0.287109375 0.45703125 0.29296875 0.4388020828125 0.2890625 0.3815104171875 0.2822265625 0.3697916671875 0.2548828125 0.3541666671875
4 0.2607421875 0.4296875 0.265625 0.4231770828125 0.265625 0.4153645828125 0.2607421875 0.4088541671875 0.2548828125 0.4088541671875 0.25 0.4153645828125 0.2607421875 0.4296875
4 0.2392578125 0.9375 0.2421875 0.9361979171874999 0.2421875 0.9153645828125001 0.2373046875 0.9114583328125001 0.232421875 0.9205729171874999 0.232421875 0.9309895828125001 0.2392578125 0.9375
4 0.3212890625 0.9453125 0.330078125 0.9283854171874999 0.326171875 0.9127604171874999 0.3173828125 0.9088541671874999 0.3037109375 0.9166666671874999 0.298828125 0.9231770828125001 0.302734375 0.9361979171874999 0.3115234375 0.9453125 0.3212890625 0.9453125
5 0.3154296875 0.7890625 0.32421875 0.7799479171875 0.3232421875 0.7760416671875 0.3115234375 0.7734375 0.30859375 0.7825520828125 0.3115234375 0.7890625 0.3154296875 0.7890625
4 0.517265409375 0.8652762765625001 0.52760049375 0.8899656453125001 0.5327680359375 0.8945590156250001 0.53664369375 0.8870947875 0.5340599218750001 0.8744630171875001 0.526308609375 0.858960390625 0.517265409375 0.85838621875 0.517265409375 0.8652762765625001
5 0.5244140625 0.3359375 0.53125 0.3216145828125 0.5283203125 0.3098958328125 0.5126953125 0.3072916671875 0.5068359375 0.3125 0.501953125 0.3190104171875 0.50390625 0.33203125 0.5126953125 0.3385416671875 0.5244140625 0.3359375
5 0.5452562640624999 0.40191996874999997 0.549131921875 0.40708751093749995 0.549993178125 0.40651333906250003 0.5573138625 0.3990491125 0.556021978125 0.394455740625 0.5521463203125 0.391584884375 0.5487012921875001 0.3933073984375 0.5452562640624999 0.40191996874999997
2 0.576171875 0.4231770828125 0.57421875 0.3684895828125 0.55859375 0.3268229171875 0.5400390625 0.3072916671875 0.5185546875 0.2994791671875 0.5048828125 0.3098958328125 0.498046875 0.3216145828125 0.497373903125 0.36612510781249996 0.50453721875 0.380451740625 0.5015525046875 0.3995539203125 0.49558307343749997 0.40910501093749996 0.48065949531249996 0.4146764796875 0.478868665625 0.42502349375000004 0.4890166984375 0.4258194171875 0.4979708453125 0.43616643125000004 0.497373903125 0.4528808390625 0.4890166984375 0.46800339687500003 0.4782717234375 0.47118709374999995 0.482450325 0.5014322109375 0.4890166984375 0.5141669984374999 0.49379224375 0.5189425421875 0.4892578125 0.5286458328125 0.5361328125 0.5052083328125 0.548828125 0.4908854171875 0.572265625 0.4440104171875 0.576171875 0.4231770828125