5 0.76328125 0.01484375 0.021875 0.028125
5 0.080078125 0.42578125 0.0830078125 0.4296875 0.095703125 0.4309895828125 0.099609375 0.4153645828125 0.0947265625 0.40625 0.0830078125 0.4036458328125 0.080078125 0.4075520828125 0.080078125 0.42578125
5 0.17578125 0.4934895828125 0.1806640625 0.5 0.189453125 0.4934895828125 0.1865234375 0.4765625 0.17578125 0.4778645828125 0.17578125 0.4934895828125
5 0.251953125 0.3971354171875 0.2587890625 0.3984375 0.263671875 0.3919270828125 0.2587890625 0.3776041671875 0.248046875 0.3815104171875 0.251953125 0.3971354171875
5 0.248046875 0.41015625 0.2451171875 0.40625 0.2255859375 0.4088541671875 0.21875 0.4231770828125 0.220703125 0.43359375 0.2294921875 0.4453125 0.2373046875 0.4453125 0.248046875 0.4283854171875 0.248046875 0.41015625
5 0.2421875 0.46484375 0.24609375 0.4908854171875 0.2548828125 0.4973958328125 0.263671875 0.4856770828125 0.263671875 0.4674479171875 0.2607421875 0.4635416671875 0.2470703125 0.4609375 0.2421875 0.46484375
5 0 0.96484375 0.0087890625 0.9661458328125001 0.01171875 0.9596354171874999 0.01171875 0.9518229171874999 0.0048828125 0.9427083328125001 0 0.9440104171874999 0 0.96484375
5 0.48046875 0.8971354171874999 0.4873046875 0.9088541671874999 0.4931640625 0.9140625 0.50390625 0.9127604171874999 0.505859375 0.90234375 0.4990234375 0.8854166671874999 0.4931640625 0.8854166671874999 0.48046875 0.8971354171874999
5 0.408203125 0.18359375 0.3662109375 0.1484375 0.3603515625 0.1484375 0.328125 0.1783854171875 0.294921875 0.2877604171875 0.294921875 0.31640625 0.3046875 0.3346354171875 0.3154296875 0.3489583328125 0.3505859375 0.375 0.3642578125 0.3776041671875 0.384765625 0.3606770828125 0.408203125 0.30859375 0.41796875 0.24088541718749998 0.4140625 0.1966145828125 0.408203125 0.18359375
5 0.3759765625 0.4713541671875 0.384765625 0.4752604171875 0.3818359375 0.4479166671875 0.369140625 0.4518229171875 0.3759765625 0.4713541671875
5 0.4169921875 0.4427083328125 0.4052734375 0.4427083328125 0.400390625 0.44921875 0.39453125 0.4674479171875 0.3974609375 0.4765625 0.4033203125 0.4817708328125 0.412109375 0.48046875 0.41796875 0.4622395828125 0.4169921875 0.4427083328125
5 0.8984375 0.32421875 0.8984375 0.3138020828125 0.8876953125 0.3046875 0.8828125 0.31640625 0.88671875 0.33203125 0.8955078125 0.3333333328125 0.8984375 0.32421875
5 0.87890625 0.6575520828125 0.8818359375 0.6614583328125 0.888671875 0.6575520828125 0.8818359375 0.6536458328125 0.87890625 0.6575520828125
5 0.873046875 0.6419270828125 0.8798828125 0.6510416671875 0.8896484375 0.6536458328125 0.892578125 0.6497395828125 0.892578125 0.6393229171875 0.8857421875 0.625 0.873046875 0.6341145828125 0.873046875 0.6419270828125
5 0.154296875 0.08723958281250001 0.1630859375 0.09375 0.16796875 0.08203125 0.1572265625 0.078125 0.154296875 0.08723958281250001
5 0.123046875 0.48046875 0.1357421875 0.5078125 0.1474609375 0.5104166671875 0.154296875 0.4986979171875 0.15234375 0.4830729171875 0.1474609375 0.4765625 0.1416015625 0.4739583328125 0.123046875 0.48046875
5 0.037109375 0.3216145828125 0.037109375 0.2903645828125 0.0224609375 0.265625 0.0009765625 0.2526041671875 0 0.3841145828125 0.0126953125 0.3854166671875 0.0234375 0.37890625 0.03515625 0.34765625 0.037109375 0.3216145828125
5 0.0185546875 0.1770833328125 0.0380859375 0.1822916671875 0.052734375 0.1653645828125 0.056640625 0.1549479171875 0.0498046875 0.140625 0.0302734375 0.1223958328125 0.0166015625 0.1223958328125 0.013671875 0.1315104171875 0.01171875 0.1549479171875 0.013671875 0.1705729171875 0.0185546875 0.1770833328125
2 0.0263671875 0.1276041671875 0.4873046875 0.1588541671875 0.7412109375 0.1510416671875 0.9541015625 0.05989583281250001 0.98046875 0.0247395828125 0.984375 0.014322917187500001 0.9775390625 0.0026041671875 0.0009765625 0.0026041671875 0 0.1158854171875 0.0068359375 0.1223958328125 0.0263671875 0.1276041671875