5 0.2328125 0.80859375 0.021875 0.03125
5 0.8072916671874999 0.7275390625 0.7981770828125 0.71875 0.7916666671875 0.7197265625 0.7864583328125 0.7216796875 0.7864583328125 0.7294921875 0.80078125 0.734375 0.8072916671874999 0.7275390625
5 0.4856770828125 0.525390625 0.4934895828125 0.5234375 0.5052083328125 0.5126953125 0.5026041671875 0.4951171875 0.48828125 0.486328125 0.46875 0.4853515625 0.4609375 0.4931640625 0.4635416671875 0.5087890625 0.48046875 0.5234375 0.4856770828125 0.525390625
5 0.1028645828125 0.52734375 0.109375 0.5224609375 0.109375 0.5166015625 0.1015625 0.5048828125 0.09244791718749999 0.5 0.078125 0.4990234375 0.06770833281250001 0.5048828125 0.07552083281250001 0.5185546875 0.09244791718749999 0.52734375 0.1028645828125 0.52734375
5 0.4322916671875 0.8681640625 0.42578125 0.86328125 0.421875 0.8642578125 0.4166666671875 0.8681640625 0.4192708328125 0.8798828125 0.43359375 0.884765625 0.4322916671875 0.8681640625
5 0.5299479171875 0.630859375 0.5364583328125 0.6298828125 0.53515625 0.634765625 0.5403645828125 0.634765625 0.5481770828125 0.625 0.5598958328125 0.6220703125 0.5598958328125 0.6103515625 0.55078125 0.60546875 0.5390625 0.6044921875 0.5286458328125 0.6279296875 0.5299479171875 0.630859375
5 0.5104166671875 0.5830078125 0.51953125 0.59375 0.53515625 0.595703125 0.5390625 0.5927734375 0.5390625 0.5849609375 0.5325520828125 0.580078125 0.5130208328125 0.5791015625 0.5104166671875 0.5830078125
2 0.8372395828125001 0.400390625 0.8294270828125001 0.40625 0.8125 0.3974609375 0.8138020828125001 0.390625 0.8020833328125001 0.3876953125 0.8072916671874999 0.3857421875 0.7994791671875 0.3837890625 0.79296875 0.369140625 0.78515625 0.369140625 0.76953125 0.359375 0.765625 0.3603515625 0.765625 0.3759765625 0.7838541671875 0.3955078125 0.7786458328125 0.3994140625 0.7786458328125 0.4052734375 0.78515625 0.4140625 0.8111979171874999 0.421875 0.8346354171874999 0.423828125 0.8385416671874999 0.4365234375 0.84765625 0.44140625 0.8658854171874999 0.44140625 0.8828125 0.4306640625 0.8802083328125001 0.4208984375 0.8932291671874999 0.4091796875 0.8932291671874999 0.4052734375 0.8841145828125001 0.3984375 0.87109375 0.3984375 0.8606770828125001 0.408203125 0.84765625 0.3984375 0.84375 0.3994140625 0.8463541671874999 0.4072265625 0.8424479171874999 0.41015625 0.8372395828125001 0.400390625
2 0.765625 0.3623046875 0.7682291671875 0.3779296875 0.7799479171875 0.38671875 0.78515625 0.38671875 0.7994791671875 0.3818359375 0.7942708328125 0.3720703125 0.796875 0.3701171875 0.7916666671875 0.3251953125 0.7942708328125 0.3232421875 0.7838541671875 0.3115234375 0.7864583328125 0.3076171875 0.7760416671875 0.3017578125 0.78125 0.2958984375 0.78125 0.2900390625 0.7760416671875 0.2900390625 0.7682291671875 0.2958984375 0.7604166671875 0.3115234375 0.7552083328125 0.3505859375 0.765625 0.3623046875
2 0.7565104171875 0.35546875 0.7552083328125 0.3447265625 0.7473958328125 0.3427734375 0.75 0.3505859375 0.7565104171875 0.35546875
2 0.7747395828125 0.3828125 0.7734375 0.3642578125 0.765625 0.3642578125 0.765625 0.3759765625 0.7747395828125 0.3828125
2 0.7591145828125 0.3203125 0.7682291671875 0.2978515625 0.78125 0.2822265625 0.78125 0.2783203125 0.7747395828125 0.2734375 0.765625 0.2744140625 0.7473958328125 0.2841796875 0.7473958328125 0.2958984375 0.7395833328125 0.3037109375 0.7591145828125 0.3203125
2 0.4973958328125 0.4482421875 0.4947916671875 0.4384765625 0.4973958328125 0.4326171875 0.4895833328125 0.4287109375 0.4895833328125 0.4248046875 0.4817708328125 0.4189453125 0.4973958328125 0.4091796875 0.4973958328125 0.3994140625 0.4856770828125 0.39453125 0.484375 0.3896484375 0.4791666671875 0.3876953125 0.4778645828125 0.390625 0.47265625 0.388671875 0.4596354171875 0.390625 0.4518229171875 0.400390625 0.4205729171875 0.404296875 0.4127604171875 0.412109375 0.40234375 0.404296875 0.3893229171875 0.40625 0.3658854171875 0.400390625 0.3606770828125 0.390625 0.3567708328125 0.3935546875 0.359375 0.4033203125 0.3541666671875 0.4091796875 0.3645833328125 0.4150390625 0.375 0.4404296875 0.38671875 0.451171875 0.40234375 0.451171875 0.41796875 0.45703125 0.44140625 0.455078125 0.4518229171875 0.4609375 0.4700520828125 0.462890625 0.4973958328125 0.4482421875
5 0.22526041718749998 0.708984375 0.23177083281250002 0.7021484375 0.22786458281250002 0.697265625 0.21875 0.6982421875 0.21614583281250002 0.7060546875 0.22526041718749998 0.708984375
5 0.1875 0.7451171875 0.18359375 0.7421875 0.171875 0.7431640625 0.1666666671875 0.7646484375 0.17578125 0.767578125 0.1848958328125 0.7587890625 0.1875 0.7451171875