5 0.4541015625 0.1901041671875 0.44140625 0.20703125 0.44140625 0.22786458281250002 0.4521484375 0.24739583281250002 0.4560546875 0.24739583281250002 0.46484375 0.23307291718749998 0.4658203125 0.20052083281250002 0.4619140625 0.1927083328125 0.4541015625 0.1901041671875
5 0.419921875 0.21744791718749998 0.4130859375 0.2109375 0.4013671875 0.21614583281250002 0.3984375 0.22265625 0.3984375 0.23307291718749998 0.4072265625 0.24479166718749998 0.4208984375 0.24479166718749998 0.423828125 0.23828125 0.4228515625 0.23177083281250002 0.419921875 0.21744791718749998
5 0.505859375 0.21744791718749998 0.4990234375 0.2109375 0.4853515625 0.21354166718749998 0.48046875 0.22265625 0.482421875 0.24869791718749998 0.4892578125 0.2552083328125 0.4990234375 0.2552083328125 0.505859375 0.24609375 0.5068359375 0.2265625 0.505859375 0.21744791718749998
5 0.408203125 0.06119791718749999 0.4111328125 0.06510416718749999 0.4189453125 0.06510416718749999 0.421875 0.06119791718749999 0.4208984375 0.0494791671875 0.4111328125 0.046875 0.408203125 0.05078125 0.408203125 0.06119791718749999
5 0.0361328125 0 0.03515625 0.00390625 0.0498046875 0.010416667187500001 0.052734375 0.006510417187500001 0.0517578125 0 0.0361328125 0
5 0.0830078125 0.4296875 0.0712890625 0.4270833328125 0.068359375 0.4309895828125 0.0712890625 0.4479166671875 0.08203125 0.44140625 0.0830078125 0.4296875
5 0.4765625 0.14453125 0.4755859375 0.1119791671875 0.474609375 0.10546875 0.4599609375 0.08854166718749999 0.4462890625 0.0859375 0.44140625 0.09244791718749999 0.443359375 0.1002604171875 0.453125 0.11328125 0.458984375 0.13671875 0.4658203125 0.1484375 0.4736328125 0.1484375 0.4765625 0.14453125
5 0.4208984375 0.05729166718749999 0.4111328125 0.0546875 0.408203125 0.06380208281250001 0.4150390625 0.06770833281250001 0.421875 0.06119791718749999 0.4208984375 0.05729166718749999
5 0.1396484375 0.5885416671875 0.1318359375 0.5885416671875 0.12890625 0.6002604171875 0.1376953125 0.6041666671875 0.140625 0.6002604171875 0.1396484375 0.5885416671875
5 0.7138671875 0.1432291671875 0.7021484375 0.1328125 0.6904296875 0.1302083328125 0.6875 0.1341145828125 0.7138671875 0.1614583328125 0.7314453125 0.1640625 0.7314453125 0.15625 0.7275390625 0.1458333328125 0.7138671875 0.1432291671875
5 0.224609375 0.65234375 0.2177734375 0.6432291671875 0.2119140625 0.6432291671875 0.203125 0.6575520828125 0.205078125 0.67578125 0.2158203125 0.6901041671875 0.2216796875 0.6901041671875 0.228515625 0.68359375 0.2275390625 0.6666666671875 0.224609375 0.65234375
5 0.0751953125 0.40625 0.0732421875 0.4010416671875 0.064453125 0.40234375 0.0654296875 0.4114583328125 0.0712890625 0.4114583328125 0.0751953125 0.40625
5 0.7216796875 0.1432291671875 0.7119140625 0.1432291671875 0.7021484375 0.1354166671875 0.697265625 0.1393229171875 0.697265625 0.14453125 0.7041015625 0.1536458328125 0.7177734375 0.1640625 0.7314453125 0.1640625 0.7314453125 0.15625 0.7216796875 0.1432291671875
5 0.4658203125 0.2552083328125 0.45703125 0.2669270828125 0.453125 0.2799479171875 0.4697265625 0.2994791671875 0.4736328125 0.296875 0.482421875 0.2877604171875 0.4833984375 0.2578125 0.4775390625 0.2526041671875 0.4658203125 0.2552083328125
5 0.23046875 0.3059895828125 0.2333984375 0.3125 0.2392578125 0.3151041671875 0.24609375 0.3059895828125 0.2451171875 0.2916666671875 0.2353515625 0.2916666671875 0.232421875 0.2955729171875 0.23046875 0.3059895828125
5 0.4677734375 0.7838541671875 0.462890625 0.79296875 0.46484375 0.8059895828125001 0.4716796875 0.8125 0.4814453125 0.8125 0.484375 0.80859375 0.4833984375 0.7916666671875 0.4736328125 0.78125 0.4677734375 0.7838541671875
5 0.142578125 0.6497395828125 0.138671875 0.6705729171875 0.1455078125 0.6796875 0.154296875 0.67578125 0.1552734375 0.65625 0.1513671875 0.6432291671875 0.1474609375 0.6432291671875 0.142578125 0.6497395828125
5 0.083984375 0.7252604171875 0.0791015625 0.71875 0.07421875 0.7252604171875 0.072265625 0.7799479171875 0.072265625 0.85546875 0.0771484375 0.8645833328125001 0.0810546875 0.8645833328125001 0.083984375 0.8580729171874999 0.0849609375 0.7578125 0.083984375 0.7252604171875
5 0.068359375 0.5065104171875 0.068359375 0.5143229171875 0.0712890625 0.5182291671875 0.0791015625 0.5182291671875 0.0791015625 0.5052083328125 0.0771484375 0.5 0.0732421875 0.5 0.068359375 0.5065104171875
2 0.1103515625 0.3828125 0.1044921875 0.3828125 0.09375 0.40234375 0.09375 0.4361979171875 0.1015625 0.4622395828125 0.099609375 0.4830729171875 0.1015625 0.51171875 0.1123046875 0.5260416671875 0.1259765625 0.5182291671875 0.12890625 0.5299479171875 0.1396484375 0.5442708328125 0.1455078125 0.546875 0.154296875 0.54296875 0.158203125 0.5325520828125 0.1572265625 0.515625 0.154296875 0.49609375 0.1484375 0.48828125 0.1484375 0.45703125 0.15234375 0.4283854171875 0.146484375 0.4049479171875 0.146484375 0.3841145828125 0.1396484375 0.3802083328125 0.1279296875 0.3932291671875 0.1220703125 0.3932291671875 0.1103515625 0.3828125
5 0.19140625 0.4830729171875 0.1884765625 0.4765625 0.1826171875 0.4739583328125 0.1796875 0.48046875 0.1796875 0.51953125 0.181640625 0.5377604171875 0.1865234375 0.5442708328125 0.193359375 0.53515625 0.1923828125 0.5182291671875 0.19140625 0.4830729171875