5 0.5651041671875 0.1416015625 0.5846354171875 0.150390625 0.5924479171875 0.158203125 0.6145833328125 0.1572265625 0.6328125 0.1513671875 0.6432291671875 0.1318359375 0.62890625 0.1171875 0.6184895828125 0.115234375 0.6080729171875 0.107421875 0.5924479171875 0.107421875 0.5729166671875 0.1181640625 0.5651041671875 0.1416015625
5 0.51953125 0 0.515625 0.0068359375 0.5182291671875 0.0205078125 0.5299479171875 0.02734375 0.5442708328125 0.0263671875 0.56640625 0.017578125 0.5729166671875 0.0126953125 0.5729166671875 0.0068359375 0.5611979171875 0 0.51953125 0
5 0.4322916671875 0.0654296875 0.4427083328125 0.0556640625 0.4401041671875 0.0419921875 0.4231770828125 0.033203125 0.4049479171875 0.033203125 0.4010416671875 0.0380859375 0.4036458328125 0.0556640625 0.4205729171875 0.064453125 0.4322916671875 0.0654296875
5 0.4348958328125 0.1787109375 0.4453125 0.1728515625 0.4453125 0.1630859375 0.43359375 0.15625 0.42578125 0.15625 0.4166666671875 0.1611328125 0.4140625 0.1708984375 0.4231770828125 0.1796875 0.4348958328125 0.1787109375
5 0.1497395828125 0.283203125 0.1640625 0.2841796875 0.1770833328125 0.2783203125 0.1796875 0.2744140625 0.1770833328125 0.2666015625 0.16796875 0.259765625 0.1471354171875 0.259765625 0.1393229171875 0.263671875 0.1354166671875 0.2724609375 0.1497395828125 0.283203125
5 0.39453125 0.322265625 0.40625 0.3212890625 0.4140625 0.3173828125 0.4192708328125 0.3095703125 0.4166666671875 0.3037109375 0.40234375 0.296875 0.39453125 0.298828125 0.3828125 0.3076171875 0.3828125 0.3134765625 0.39453125 0.322265625
5 0.3294270828125 0.3671875 0.3203125 0.3720703125 0.3203125 0.3779296875 0.3268229171875 0.3828125 0.3333333328125 0.3818359375 0.3385416671875 0.3740234375 0.3294270828125 0.3671875
5 0.3177083328125 0.4150390625 0.3177083328125 0.4248046875 0.328125 0.4248046875 0.3307291671875 0.4169921875 0.3216145828125 0.412109375 0.3177083328125 0.4150390625
5 0.23828125 0.4375 0.21875 0.4423828125 0.21875 0.4462890625 0.22526041718749998 0.451171875 0.24479166718749998 0.4521484375 0.24739583281250002 0.4443359375 0.23828125 0.4375
5 0.1119791671875 0.3701171875 0.1263020828125 0.3671875 0.1276041671875 0.3583984375 0.1158854171875 0.34375 0.09765625 0.337890625 0.09114583281250001 0.3408203125 0.09114583281250001 0.3662109375 0.1002604171875 0.37109375 0.1119791671875 0.3701171875
5 0.0364583328125 0.3994140625 0.04296875 0.3984375 0.0494791671875 0.3916015625 0.0494791671875 0.3720703125 0.0299479171875 0.365234375 0.015625 0.3720703125 0.015625 0.3818359375 0.0286458328125 0.3974609375 0.0364583328125 0.3994140625
5 0.3671875 0.6025390625 0.3736979171875 0.611328125 0.3854166671875 0.6103515625 0.38671875 0.599609375 0.37109375 0.599609375 0.3671875 0.6025390625
5 0.2578125 0.6767578125 0.2552083328125 0.6630859375 0.2513020828125 0.662109375 0.2421875 0.6689453125 0.23958333281250002 0.6787109375 0.24609375 0.68359375 0.2552083328125 0.6826171875 0.2578125 0.6767578125
5 0.6484375 0.7373046875 0.6588541671875 0.7314453125 0.6588541671875 0.7255859375 0.65234375 0.720703125 0.6419270828125 0.720703125 0.6328125 0.7275390625 0.6328125 0.7314453125 0.63671875 0.736328125 0.6484375 0.7373046875
5 1 0.7177734375 0.99609375 0.71484375 0.9934895828125001 0.716796875 0.9830729171874999 0.71484375 0.9765625 0.7197265625 0.9765625 0.7275390625 0.9830729171874999 0.732421875 0.9947916671874999 0.7314453125 1 0.7294921875 1 0.7177734375