4 0.009114582812499999 0.205078125 0.07161458281250001 0.212890625 0.1419270828125 0.197265625 0.1875 0.1787109375 0.1953125 0.1513671875 0.1875 0.1376953125 0.1653645828125 0.12109375 0.1158854171875 0.099609375 0.07161458281250001 0.08984375 0.006510417187500001 0.083984375 0.0026041671875 0.0908203125 0 0.1943359375 0.009114582812499999 0.205078125
4 0.08854166718749999 0.1396484375 0.0859375 0.1474609375 0.08984375 0.15234375 0.1002604171875 0.154296875 0.109375 0.1513671875 0.109375 0.1396484375 0.10546875 0.13671875 0.08854166718749999 0.1396484375
4 0.1223958328125 0.1513671875 0.1158854171875 0.1484375 0.1119791671875 0.1513671875 0.11328125 0.16015625 0.1223958328125 0.1572265625 0.1223958328125 0.1513671875
4 0.125 0.1455078125 0.1223958328125 0.1533203125 0.1263020828125 0.158203125 0.1393229171875 0.158203125 0.1484375 0.1533203125 0.1419270828125 0.142578125 0.1341145828125 0.140625 0.125 0.1455078125
4 0.16015625 0.150390625 0.1588541671875 0.1708984375 0.1705729171875 0.17578125 0.18359375 0.173828125 0.1927083328125 0.1611328125 0.1901041671875 0.1455078125 0.17578125 0.14453125 0.16015625 0.150390625
4 0.16015625 0.1640625 0.1471354171875 0.16796875 0.1432291671875 0.1708984375 0.16015625 0.1796875 0.1692708328125 0.1767578125 0.16015625 0.1640625
4 0.0364583328125 0.1650390625 0.0286458328125 0.1806640625 0.0377604171875 0.189453125 0.05598958281250001 0.1875 0.06510416718749999 0.1826171875 0.06380208281250001 0.162109375 0.0455729171875 0.16015625 0.0364583328125 0.1650390625
4 0.013020832812499999 0.1806640625 0.010416667187500001 0.1884765625 0.0169270828125 0.193359375 0.0338541671875 0.1923828125 0.0338541671875 0.1865234375 0.0247395828125 0.1796875 0.0169270828125 0.177734375 0.013020832812499999 0.1806640625
4 0.01953125 0.130859375 0.0260416671875 0.1416015625 0.0377604171875 0.1484375 0.0481770828125 0.1484375 0.05729166718749999 0.1416015625 0.0546875 0.1279296875 0.04296875 0.123046875 0.01953125 0.130859375
4 0.23177083281250002 0.1435546875 0.22005208281250002 0.140625 0.2109375 0.1474609375 0.20833333281250002 0.1650390625 0.22265625 0.17578125 0.23046875 0.17578125 0.23697916718749998 0.1669921875 0.23697916718749998 0.1533203125 0.23177083281250002 0.1435546875
4 0.19140625 0.1875 0.20182291718749998 0.1875 0.22135416718749998 0.1806640625 0.20963541718749998 0.1640625 0.1927083328125 0.1689453125 0.1875 0.1787109375 0.19140625 0.1875
4 0.24739583281250002 0.1279296875 0.24479166718749998 0.1337890625 0.2513020828125 0.140625 0.26171875 0.142578125 0.2708333328125 0.1376953125 0.2669270828125 0.126953125 0.2565104171875 0.123046875 0.24739583281250002 0.1279296875
4 0.30389224375 0.1177330875 0.3003703140625 0.11886513750000001 0.2994791671875 0.1240234375 0.306911040625 0.130185625 0.3111979171875 0.126953125 0.3114392359375 0.1192424859375 0.3084204390625 0.11735573749999999 0.30389224375 0.1177330875
4 0.3580729171875 0.123046875 0.3463541671875 0.1240234375 0.34375 0.1318359375 0.34765625 0.134765625 0.3671875 0.1357421875 0.3580729171875 0.123046875
4 0.35546875 0.16796875 0.3619791671875 0.1650390625 0.3645833328125 0.1572265625 0.3606770828125 0.15234375 0.3528645828125 0.15234375 0.3489583328125 0.1630859375 0.35546875 0.16796875
4 0.3138020828125 0.140625 0.3098958328125 0.1435546875 0.3125 0.1533203125 0.3190104171875 0.15625 0.3268229171875 0.154296875 0.3307291671875 0.1513671875 0.328125 0.1396484375 0.3138020828125 0.140625
4 0.3346354171875 0.177734375 0.3411458328125 0.1728515625 0.3411458328125 0.1669921875 0.3346354171875 0.162109375 0.3255208328125 0.1650390625 0.3229166671875 0.1748046875 0.3346354171875 0.177734375
4 0.2877604171875 0.189453125 0.2825520828125 0.189453125 0.2786458328125 0.1943359375 0.2903645828125 0.20703125 0.296875 0.1982421875 0.2877604171875 0.189453125
5 0.1497395828125 0 0.1536458328125 0.0224609375 0.1627604171875 0.029296875 0.1888020828125 0.03125 0.1953125 0.0263671875 0.1979166671875 0.0166015625 0.18359375 0.001953125 0.1497395828125 0
5 0.3971354171875 0.3046875 0.3815104171875 0.306640625 0.3723958328125 0.3154296875 0.3697916671875 0.3212890625 0.3815104171875 0.33203125 0.40234375 0.333984375 0.4114583328125 0.3291015625 0.4140625 0.3173828125 0.3971354171875 0.3046875
2 0.37890625 0.412109375 0.3893229171875 0.412109375 0.4010416671875 0.4052734375 0.3958333328125 0.3837890625 0.37890625 0.37109375 0.3528645828125 0.369140625 0.34375 0.3740234375 0.3385416671875 0.3798828125 0.3385416671875 0.3974609375 0.3424479171875 0.40234375 0.37890625 0.412109375
5 0.3333333328125 0.3974609375 0.3333333328125 0.3837890625 0.3268229171875 0.37890625 0.30859375 0.373046875 0.28515625 0.376953125 0.2981770828125 0.396484375 0.3333333328125 0.3974609375
4 0.006510417187500001 0.427734375 0.0013020828125 0.427734375 0 0.4599609375 0.0247395828125 0.470703125 0.0364583328125 0.4521484375 0.006510417187500001 0.427734375
4 0.06901041718749999 0.43359375 0.05989583281250001 0.4404296875 0.05989583281250001 0.4580078125 0.06901041718749999 0.46484375 0.07942708281250001 0.466796875 0.09635416718749999 0.4560546875 0.09375 0.4501953125 0.06901041718749999 0.43359375
4 0.1666666671875 0.4619140625 0.1640625 0.4677734375 0.1705729171875 0.4765625 0.1953125 0.4755859375 0.1979166671875 0.4638671875 0.1861979171875 0.455078125 0.1731770828125 0.455078125 0.1666666671875 0.4619140625
4 0.20572916718749998 0.4580078125 0.20572916718749998 0.4755859375 0.21484375 0.482421875 0.23307291718749998 0.48046875 0.234375 0.4736328125 0.2265625 0.4599609375 0.22005208281250002 0.455078125 0.20572916718749998 0.4580078125
4 0.2265625 0.5400390625 0.22395833281250002 0.5068359375 0.20703125 0.484375 0.19921875 0.48046875 0.1875 0.4833984375 0.1848958328125 0.4912109375 0.1979166671875 0.5361328125 0.20703125 0.544921875 0.22005208281250002 0.546875 0.2265625 0.5400390625
4 0.1888020828125 0.451171875 0.1966145828125 0.451171875 0.203125 0.4462890625 0.18359375 0.43359375 0.17578125 0.43359375 0.1744791671875 0.4404296875 0.1888020828125 0.451171875
4 0.2109375 0.4228515625 0.20833333281250002 0.4404296875 0.21484375 0.4453125 0.22265625 0.4453125 0.22916666718749998 0.4384765625 0.2265625 0.4267578125 0.21744791718749998 0.419921875 0.2109375 0.4228515625
4 0.22786458281250002 0.421875 0.22395833281250002 0.4248046875 0.2265625 0.4345703125 0.23567708281250002 0.44140625 0.24609375 0.443359375 0.2526041671875 0.4384765625 0.25 0.4326171875 0.22786458281250002 0.421875
4 0.2669270828125 0.462890625 0.2786458328125 0.4560546875 0.2786458328125 0.4521484375 0.2708333328125 0.4365234375 0.25390625 0.431640625 0.2578125 0.4580078125 0.2669270828125 0.462890625
4 0.28515625 0.443359375 0.27734375 0.44140625 0.2760416671875 0.4482421875 0.2825520828125 0.455078125 0.2942708328125 0.4521484375 0.28515625 0.443359375
4 0.2981770828125 0.462890625 0.2877604171875 0.4609375 0.2838541671875 0.4638671875 0.2903645828125 0.474609375 0.3072916671875 0.4697265625 0.2981770828125 0.462890625
4 0.2643229171875 0.4765625 0.2578125 0.4814453125 0.2630208328125 0.4951171875 0.2747395828125 0.5 0.2903645828125 0.498046875 0.2916666671875 0.4892578125 0.27734375 0.478515625 0.2643229171875 0.4765625
4 0.24348958281250002 0.484375 0.23697916718749998 0.4892578125 0.23697916718749998 0.4951171875 0.24609375 0.50390625 0.2565104171875 0.50390625 0.2604166671875 0.4951171875 0.24869791718749998 0.484375 0.24348958281250002 0.484375
4 0.265625 0.5263671875 0.2630208328125 0.5322265625 0.27734375 0.544921875 0.28515625 0.544921875 0.296875 0.5322265625 0.2877604171875 0.51953125 0.2747395828125 0.51953125 0.265625 0.5263671875
4 0.3125 0.5205078125 0.30859375 0.515625 0.2955729171875 0.517578125 0.30078125 0.529296875 0.3125 0.5205078125
4 0.29296875 0.576171875 0.3059895828125 0.580078125 0.3151041671875 0.5771484375 0.3138020828125 0.56640625 0.2955729171875 0.564453125 0.2890625 0.5693359375 0.29296875 0.576171875
4 0.4361979171875 0.537109375 0.4127604171875 0.537109375 0.3958333328125 0.5537109375 0.3932291671875 0.5595703125 0.3997395828125 0.564453125 0.4388020828125 0.560546875 0.4505208328125 0.5537109375 0.4505208328125 0.5439453125 0.4361979171875 0.537109375
4 0.4466145828125 0.5234375 0.453125 0.5185546875 0.453125 0.5126953125 0.44921875 0.509765625 0.4440104171875 0.51171875 0.4401041671875 0.5205078125 0.4466145828125 0.5234375
4 0.4674479171875 0.52734375 0.4713541671875 0.5166015625 0.46484375 0.513671875 0.4609375 0.5244140625 0.4674479171875 0.52734375
4 0.40625 0.5029296875 0.4036458328125 0.5107421875 0.4075520828125 0.515625 0.42578125 0.517578125 0.4322916671875 0.5126953125 0.4322916671875 0.5068359375 0.4231770828125 0.498046875 0.40625 0.5029296875
4 0.4153645828125 0.486328125 0.4231770828125 0.486328125 0.4270833328125 0.4736328125 0.41796875 0.466796875 0.4075520828125 0.466796875 0.4088541671875 0.4814453125 0.4153645828125 0.486328125
4 0.4322916671875 0.4873046875 0.4440104171875 0.494140625 0.4479166671875 0.4814453125 0.4453125 0.4755859375 0.43359375 0.470703125 0.4296875 0.4814453125 0.4322916671875 0.4873046875
4 0.3671875 0.4833984375 0.3763020828125 0.48828125 0.3919270828125 0.484375 0.390625 0.4736328125 0.3736979171875 0.46875 0.3671875 0.4736328125 0.3671875 0.4833984375
4 0.4505208328125 0.4521484375 0.4479166671875 0.4599609375 0.4557291671875 0.4716796875 0.46484375 0.478515625 0.47265625 0.478515625 0.4739583328125 0.4677734375 0.45703125 0.453125 0.4505208328125 0.4521484375
4 0.4674479171875 0.470703125 0.4791666671875 0.4580078125 0.4713541671875 0.4443359375 0.44140625 0.4296875 0.4375 0.4326171875 0.4375 0.4599609375 0.4674479171875 0.470703125
4 0.3619791671875 0.4404296875 0.3736979171875 0.4453125 0.3776041671875 0.4365234375 0.37109375 0.431640625 0.36328125 0.43359375 0.359375 0.4365234375 0.3619791671875 0.4404296875
4 0.3736979171875 0.41796875 0.3580729171875 0.419921875 0.3567708328125 0.4287109375 0.3606770828125 0.431640625 0.3776041671875 0.4287109375 0.3736979171875 0.41796875
4 0.30078125 0.4140625 0.2721354171875 0.4140625 0.2721354171875 0.4296875 0.28515625 0.431640625 0.3046875 0.4228515625 0.30078125 0.4140625
5 0.0169270828125 0.595703125 0.0234375 0.5908203125 0.0234375 0.5751953125 0.014322917187500001 0.572265625 0.0013020828125 0.57421875 0 0.5908203125 0.0169270828125 0.595703125
5 0.08072916718749999 0.6826171875 0.06901041718749999 0.673828125 0.0625 0.6787109375 0.0625 0.6845703125 0.07421875 0.69140625 0.08072916718749999 0.6826171875
5 0.1236979171875 0.240234375 0.13671875 0.240234375 0.1458333328125 0.2314453125 0.1393229171875 0.224609375 0.1184895828125 0.2265625 0.1171875 0.2353515625 0.1236979171875 0.240234375
2 0 0.2547110078125 0.015093984375 0.239239671875 0.0201253140625 0.2467866640625 0.013081454687499999 0.2539563078125 0.026162909374999998 0.2569751046875 0.038238096875 0.2543336578125 0.046791354687499995 0.246031965625 0.05584774687500001 0.24791871406250002 0.0523258171875 0.2573524546875 0.0377349640625 0.2637673984375 0.039244362500000005 0.2701823421875 0.0518226828125 0.2701823421875 0.0613822078125 0.264899446875 0.0704385984375 0.2679182453125 0.081507521875 0.2637673984375 0.095092109375 0.2698049921875 0.101129703125 0.266031496875 0.1056578984375 0.26037125156249996 0.10767043125 0.25546570625 0.1177330875 0.2543336578125 0.1182362203125 0.2615033 0.1267894796875 0.26829559375 0.13333020625 0.26754089531249997 0.1393678 0.272823790625 0.134336471875 0.2565977546875 0.142386596875 0.25546570625 0.1474179265625 0.26905029375 0.1564743171875 0.2701823421875 0.17207143593750002 0.264899446875 0.17911529531249998 0.2535789578125 0.18716542187500002 0.26754089531249997 0.19924060937500002 0.25622040625000003 0.216850259375 0.2611259515625 0.22339098750000003 0.2641447484375 0.2299317140625 0.266031496875 0.24452256718749998 0.2671635453125 0.2560946234375 0.2701823421875 0.27370427343750003 0.25923920312500004 0.2797418671875 0.262258 0.28628259375 0.2641447484375 0.2988609140625 0.26905029375 0.31043297187499996 0.2769746359375 0.320495628125 0.273201140625 0.3350864796875 0.27357848906250004 0.34816793437500004 0.2837669296875 0.357727459375 0.2830122296875 0.3622556546875 0.2698049921875 0.38238096875 0.26188065 0.3924436265625 0.2607486015625 0.445272575 0.2581071546875 0.481498140625 0.2320700296875 0.4955858609375 0.153203953125 0.479485609375 0.1196198359375 0.44929763906250003 0.07848872500000001 0.4271597921875 0.06867763437499999 0.42061906562500007 0.06226269062499999 0.4095501421875 0.0505648515625 0.39194049375 0.0471687046875 0.3803684375 0.036602915624999996 0.26062281875000004 0.0505648515625 0.23898810468749998 0.0249050765625 0.23345364375000002 0.026791825000000002 0.22892544843749998 0.035470865625 0.21886279218750002 0.0377349640625 0.2178565265625 0.0501875015625 0.2123220640625 0.0377349640625 0.20125314218749998 0.034338817187499995 0.19070971406249998 0.03846450625 0.1816309609375 0.0377349640625 0.17760589843750002 0.041885810937500004 0.1529523875 0.027923873437500003 0.149933590625 0.036980265624999994 0.15546805156250001 0.0441499078125 0.163518178125 0.049432803125 0.15697745000000002 0.0471687046875 0.145908528125 0.0479234046875 0.142386596875 0.0316973703125 0.1298082765625 0.030942670312499997 0.1318208078125 0.04565930625 0.1182362203125 0.0671682359375 0.1162236890625 0.05848919375 0.1192424859375 0.0388670125 0.0955952421875 0.05848919375 0.091067046875 0.0573571453125 0.08050125625 0.0547156984375 0.0704385984375 0.0501875015625 0.0628916078125 0.04603665625 0.05584774687500001 0.04679135625 0.0563508796875 0.0535836484375 0.0488038875 0.05207425 0.0367286984375 0.04603665625 0.02767230625 0.044904607812500004 0.0191190484375 0.042263159375 0.012578321875000001 0.0388670125 0.0040250625 0.043017859375 0.014590853125 0.0532062984375 0.0105657890625 0.05584774687500001 0 0.054338348437499996 0 0.0792434234375 0.10767043125 0.0924506625 0.142386596875 0.0898092140625 0.18062469375 0.0807528234375 0.22741604999999998 0.07169643125 0.28779199218749996 0.06830028437499999 0.3531992625 0.07282848125 0.39395302499999996 0.0999976546875 0.4236378625 0.15056250625 0.40351254843750006 0.199617959375 0.3602431234375 0.2237683375 0.30389224375 0.22867388125 0.162008778125 0.2143345953125 0.0986140390625 0.21659869375000002 0 0.226409784375 0 0.2547110078125