5 0.3268229171875 0.654296875 0.3346354171875 0.658203125 0.3541666671875 0.6572265625 0.36328125 0.654296875 0.375 0.6435546875 0.375 0.6318359375 0.3658854171875 0.62109375 0.3346354171875 0.623046875 0.3203125 0.6337890625 0.3203125 0.6474609375 0.3268229171875 0.654296875
5 0.1927083328125 0.2783203125 0.1953125 0.2939453125 0.21223958281250002 0.302734375 0.234375 0.3017578125 0.24739583281250002 0.2822265625 0.22526041718749998 0.267578125 0.20182291718749998 0.26953125 0.1927083328125 0.2783203125
5 0.875 0.2001953125 0.8684895828125001 0.197265625 0.8606770828125001 0.197265625 0.8541666671874999 0.2041015625 0.8541666671874999 0.2099609375 0.8580729171874999 0.212890625 0.8645833328125001 0.2119140625 0.875 0.2060546875 0.875 0.2001953125
5 0.9635416671874999 0.6455078125 0.9635416671874999 0.6494140625 0.9700520828125001 0.65234375 0.9817708328125001 0.6513671875 0.9869791671874999 0.6455078125 0.9830729171874999 0.640625 0.9700520828125001 0.640625 0.9635416671874999 0.6455078125
5 0.7317708328125 0.6904296875 0.7395833328125 0.7001953125 0.7486979171875 0.705078125 0.7552083328125 0.7041015625 0.7604166671875 0.7001953125 0.7604166671875 0.6923828125 0.7356770828125 0.685546875 0.7317708328125 0.6904296875
5 0.09635416718749999 0.5263671875 0.09635416718749999 0.5166015625 0.08723958281250001 0.51171875 0.07682291718749999 0.51171875 0.06510416718749999 0.5244140625 0.06510416718749999 0.5380859375 0.078125 0.5380859375 0.08463541718749999 0.537109375 0.09635416718749999 0.5263671875
5 0.6744791671875 0.7626953125 0.6744791671875 0.7744140625 0.6822916671875 0.7744140625 0.6901041671875 0.7685546875 0.6888020828125 0.76171875 0.6744791671875 0.7626953125
5 0.09895833281250001 0.2978515625 0.08984375 0.291015625 0.06380208281250001 0.2890625 0.05208333281250001 0.2978515625 0.05208333281250001 0.3037109375 0.05859375 0.30859375 0.08333333281250001 0.3095703125 0.09895833281250001 0.3037109375 0.09895833281250001 0.2978515625
5 0.6002604171875 0.611328125 0.5989583328125 0.6181640625 0.6041666671875 0.6201171875 0.6067708328125 0.6123046875 0.6002604171875 0.611328125
5 0.17578125 0.669921875 0.15234375 0.6796875 0.1484375 0.6845703125 0.1510416671875 0.7080078125 0.15625 0.7158203125 0.1653645828125 0.720703125 0.1901041671875 0.7197265625 0.20182291718749998 0.71484375 0.2109375 0.7041015625 0.21354166718749998 0.6884765625 0.20442708281250002 0.673828125 0.1940104171875 0.669921875 0.17578125 0.669921875
5 0.5677083328125 0.9970703125 0.578125 0.9912109375 0.57421875 0.982421875 0.56640625 0.982421875 0.5598958328125 0.9892578125 0.5598958328125 0.9931640625 0.5677083328125 0.9970703125
5 0.07291666718749999 0.2275390625 0.06640625 0.22265625 0.05598958281250001 0.22265625 0.0494791671875 0.2275390625 0.0494791671875 0.2373046875 0.05338541718749999 0.240234375 0.06770833281250001 0.2392578125 0.07291666718749999 0.2353515625 0.07291666718749999 0.2275390625
5 0.8567708328125001 0.6455078125 0.8567708328125001 0.6494140625 0.8619791671874999 0.6494140625 0.8723958328125001 0.6416015625 0.8684895828125001 0.634765625 0.8567708328125001 0.6455078125
5 0.8880208328125001 0.5517578125 0.8880208328125001 0.5576171875 0.89453125 0.5625 0.9088541671874999 0.5615234375 0.9140625 0.5576171875 0.90234375 0.546875 0.89453125 0.546875 0.8880208328125001 0.5517578125
5 0.7864583328125 0.1943359375 0.7877604171875 0.201171875 0.796875 0.2001953125 0.7981770828125 0.193359375 0.7864583328125 0.1943359375
5 0.0390625 0.1064453125 0.04296875 0.111328125 0.05208333281250001 0.1123046875 0.0546875 0.1083984375 0.0481770828125 0.103515625 0.0390625 0.1064453125
5 0.0013020828125 0.408203125 0 0.4169921875 0.0078125 0.4189453125 0.015625 0.4130859375 0.01171875 0.408203125 0.0013020828125 0.408203125
5 0.0013020828125 0.203125 0 0.2119140625 0.0078125 0.2119140625 0.010416667187500001 0.2060546875 0.0013020828125 0.203125
5 0.6640625 0.2275390625 0.6705729171875 0.2265625 0.6796875 0.2197265625 0.6822916671875 0.2119140625 0.67578125 0.20703125 0.66015625 0.205078125 0.6458333328125 0.2138671875 0.6432291671875 0.2216796875 0.6471354171875 0.2265625 0.6640625 0.2275390625
5 0.4166666671875 0.1494140625 0.4140625 0.1416015625 0.4049479171875 0.134765625 0.3815104171875 0.123046875 0.3802083328125 0.1298828125 0.4010416671875 0.1435546875 0.4010416671875 0.1494140625 0.4088541671875 0.1572265625 0.4088541671875 0.1650390625 0.4388020828125 0.1875 0.4453125 0.1865234375 0.4505208328125 0.1845703125 0.453125 0.1787109375 0.4505208328125 0.1728515625 0.4166666671875 0.1494140625
5 0.1875 0.1337890625 0.20703125 0.140625 0.2838541671875 0.1552734375 0.2890625 0.1533203125 0.28515625 0.1484375 0.2721354171875 0.146484375 0.26953125 0.1484375 0.25390625 0.142578125 0.22005208281250002 0.138671875 0.1940104171875 0.130859375 0.1875 0.1337890625
5 0.3020833328125 0.1337890625 0.3098958328125 0.1279296875 0.3059895828125 0.119140625 0.29296875 0.12109375 0.2864583328125 0.1279296875 0.2877604171875 0.1328125 0.3020833328125 0.1337890625
5 0.22916666718749998 0.0830078125 0.23307291718749998 0.087890625 0.24479166718749998 0.0888671875 0.24609375 0.080078125 0.23307291718749998 0.080078125 0.22916666718749998 0.0830078125
5 0.0859375 0.1728515625 0.11328125 0.166015625 0.1197916671875 0.1611328125 0.1197916671875 0.1552734375 0.1002604171875 0.154296875 0.07682291718749999 0.16015625 0.0703125 0.1650390625 0.0703125 0.1708984375 0.07421875 0.173828125 0.0859375 0.1728515625
5 0.1041666671875 0.2158203125 0.1041666671875 0.2216796875 0.1080729171875 0.224609375 0.1197916671875 0.2236328125 0.1223958328125 0.2158203125 0.1158854171875 0.2109375 0.1106770828125 0.2109375 0.1041666671875 0.2158203125
5 0.1028645828125 0.23046875 0.1015625 0.2373046875 0.109375 0.2373046875 0.1119791671875 0.2314453125 0.1028645828125 0.23046875
5 0.1341145828125 0.189453125 0.1302083328125 0.1962890625 0.1380208328125 0.1962890625 0.140625 0.1943359375 0.1341145828125 0.189453125
5 0.1614583328125 0.1591796875 0.1653645828125 0.1640625 0.171875 0.1630859375 0.1744791671875 0.1591796875 0.1705729171875 0.15625 0.1614583328125 0.1591796875
5 0.39453125 0.203125 0.3932291671875 0.2119140625 0.4010416671875 0.2138671875 0.4088541671875 0.2119140625 0.4088541671875 0.2060546875 0.39453125 0.203125
5 0.5130208328125 0.1923828125 0.5104166671875 0.2021484375 0.5143229171875 0.208984375 0.52734375 0.21484375 0.5442708328125 0.2138671875 0.5546875 0.2080078125 0.5598958328125 0.2001953125 0.55859375 0.19140625 0.5481770828125 0.1875 0.5377604171875 0.1875 0.5299479171875 0.19140625 0.5130208328125 0.1923828125
5 0.5651041671875 0.2255859375 0.5690104171875 0.228515625 0.578125 0.2275390625 0.5807291671875 0.2197265625 0.5690104171875 0.216796875 0.5651041671875 0.2255859375
5 0.5221354171875 0.22265625 0.5182291671875 0.2294921875 0.5260416671875 0.2314453125 0.53125 0.2255859375 0.5221354171875 0.22265625
5 0.5911458328125 0.2724609375 0.5911458328125 0.2763671875 0.6015625 0.2763671875 0.6041666671875 0.2705078125 0.59765625 0.267578125 0.5911458328125 0.2724609375
5 0.58984375 0.208984375 0.5859375 0.2138671875 0.5885416671875 0.2197265625 0.6067708328125 0.2236328125 0.6119791671875 0.2197265625 0.6067708328125 0.2099609375 0.6028645828125 0.20703125 0.58984375 0.208984375
5 0.5638020828125 0.150390625 0.5546875 0.1552734375 0.5638020828125 0.16015625 0.578125 0.1611328125 0.5885416671875 0.1572265625 0.5885416671875 0.1533203125 0.5794270828125 0.1484375 0.5638020828125 0.150390625
5 0.6822916671875 0.2080078125 0.6848958328125 0.2158203125 0.69140625 0.220703125 0.71484375 0.2265625 0.7369791671875 0.2255859375 0.7486979171875 0.22265625 0.7578125 0.2138671875 0.7578125 0.2060546875 0.7486979171875 0.197265625 0.6966145828125 0.1953125 0.6848958328125 0.2001953125 0.6822916671875 0.2080078125
5 0.7734375 0.2119140625 0.7786458328125 0.2060546875 0.7747395828125 0.201171875 0.7682291671875 0.2041015625 0.7604166671875 0.2158203125 0.7604166671875 0.2216796875 0.7682291671875 0.2236328125 0.7734375 0.2197265625 0.7734375 0.2119140625
5 0.1171875 0.3212890625 0.1236979171875 0.33203125 0.1354166671875 0.3310546875 0.1432291671875 0.3271484375 0.1393229171875 0.3203125 0.1171875 0.3212890625
5 0.08723958281250001 0.7421875 0.06119791718749999 0.734375 0.0208333328125 0.7314453125 0.0208333328125 0.7392578125 0.05078125 0.75390625 0.06119791718749999 0.7578125 0.0859375 0.7568359375 0.09375 0.7509765625 0.08723958281250001 0.7421875
5 0 0.6220703125 0.01171875 0.630859375 0.0208333328125 0.6298828125 0.0416666671875 0.6162109375 0.0416666671875 0.6103515625 0.0221354171875 0.599609375 0.006510417187500001 0.599609375 0 0.6044921875 0 0.6220703125
5 0.2526041671875 0.6572265625 0.2552083328125 0.6513671875 0.2513020828125 0.6484375 0.24088541718749998 0.6484375 0.234375 0.6533203125 0.23567708281250002 0.658203125 0.2526041671875 0.6572265625
5 0.2981770828125 0.708984375 0.2916666671875 0.7158203125 0.2916666671875 0.7255859375 0.2994791671875 0.7275390625 0.3151041671875 0.7216796875 0.3151041671875 0.7138671875 0.30859375 0.708984375 0.2981770828125 0.708984375
5 0.90625 0.9384765625 0.9088541671874999 0.9326171875 0.9049479171874999 0.9296875 0.8971354171874999 0.927734375 0.890625 0.9306640625 0.89453125 0.939453125 0.90625 0.9384765625
5 0.4296875 0.6845703125 0.4348958328125 0.7060546875 0.4427083328125 0.7080078125 0.4596354171875 0.70703125 0.48046875 0.69921875 0.4895833328125 0.6904296875 0.4869791671875 0.6787109375 0.4700520828125 0.671875 0.45703125 0.669921875 0.4440104171875 0.671875 0.4296875 0.6845703125
5 0.4192708328125 0.7099609375 0.4348958328125 0.7080078125 0.4322916671875 0.6904296875 0.42578125 0.685546875 0.4127604171875 0.689453125 0.3984375 0.7021484375 0.4192708328125 0.7099609375
5 0.6223958328125 0.7177734375 0.6328125 0.7099609375 0.6263020828125 0.697265625 0.6184895828125 0.697265625 0.609375 0.7041015625 0.6119791671875 0.7158203125 0.6223958328125 0.7177734375
5 0.7994791671875 0.6494140625 0.7994791671875 0.6572265625 0.8033854171874999 0.66015625 0.8177083328125001 0.6611328125 0.828125 0.6513671875 0.828125 0.6435546875 0.8216145828125001 0.640625 0.7994791671875 0.6494140625
5 0.8072916671874999 0.7041015625 0.8098958328125001 0.6982421875 0.8059895828125001 0.6953125 0.79296875 0.693359375 0.7890625 0.6962890625 0.79296875 0.703125 0.8072916671874999 0.7041015625
2 0.22916666718749998 0.5537109375 0.23567708281250002 0.55859375 0.2421875 0.5576171875 0.2604166671875 0.5380859375 0.2578125 0.5283203125 0.24869791718749998 0.521484375 0.234375 0.5263671875 0.22916666718749998 0.5380859375 0.23177083281250002 0.5419921875 0.2265625 0.5458984375 0.22916666718749998 0.5537109375
2 0.3424479171875 0.5390625 0.2786458328125 0.5341796875 0.2734375 0.5419921875 0.2734375 0.5458984375 0.28125 0.5517578125 0.2760416671875 0.5595703125 0.2760416671875 0.5673828125 0.2955729171875 0.583984375 0.2994791671875 0.5830078125 0.32421875 0.580078125 0.3385416671875 0.5673828125 0.3411458328125 0.5537109375 0.3463541671875 0.5478515625 0.3424479171875 0.5390625
2 0.1276041671875 0.3876953125 0.1197916671875 0.3994140625 0.1223958328125 0.4267578125 0.1197916671875 0.4521484375 0.1328125 0.4755859375 0.1471354171875 0.486328125 0.1705729171875 0.49609375 0.1783854171875 0.50390625 0.20442708281250002 0.513671875 0.2265625 0.5166015625 0.22916666718749998 0.4970703125 0.203125 0.4716796875 0.1927083328125 0.4501953125 0.1848958328125 0.4443359375 0.1875 0.4169921875 0.20052083281250002 0.4052734375 0.20833333281250002 0.3857421875 0.21875 0.3759765625 0.21875 0.3623046875 0.20442708281250002 0.35546875 0.19921875 0.357421875 0.1953125 0.3544921875 0.1979166671875 0.3486328125 0.20833333281250002 0.3447265625 0.20833333281250002 0.3388671875 0.20442708281250002 0.337890625 0.1471354171875 0.37109375 0.1276041671875 0.3876953125
2 0.5247395828125 0.30078125 0.5286458328125 0.2978515625 0.50390625 0.28125 0.4778645828125 0.28125 0.4700520828125 0.27734375 0.45703125 0.27734375 0.4518229171875 0.2734375 0.43359375 0.2734375 0.41015625 0.279296875 0.3828125 0.2978515625 0.3697916671875 0.3115234375 0.3736979171875 0.31640625 0.3802083328125 0.3154296875 0.4309895828125 0.3046875 0.4752604171875 0.30078125 0.5247395828125 0.30078125
2 0.5494791671875 0.3017578125 0.55859375 0.30078125 0.5651041671875 0.2939453125 0.5651041671875 0.2880859375 0.5533854171875 0.279296875 0.53515625 0.279296875 0.5234375 0.2861328125 0.5286458328125 0.2978515625 0.53515625 0.302734375 0.5494791671875 0.3017578125
2 0.8450520828125001 0 0.8385416671874999 0.0087890625 0.82421875 0.015625 0.8111979171874999 0.029296875 0.7799479171875 0.04296875 0.76171875 0.044921875 0.73828125 0.025390625 0.7174479171875 0.03125 0.7057291671875 0.0478515625 0.68359375 0.056640625 0.6783854171875 0.0625 0.6653645828125 0.060546875 0.6614583328125 0.0634765625 0.6653645828125 0.06640625 0.6888020828125 0.06640625 0.6966145828125 0.0703125 0.7200520828125 0.072265625 0.7356770828125 0.06640625 0.75390625 0.064453125 0.7473958328125 0.0712890625 0.7513020828125 0.078125 0.7747395828125 0.083984375 0.7890625 0.0830078125 0.8138020828125001 0.08203125 0.83984375 0.078125 0.84765625 0.07421875 0.8763020828125001 0.07421875 0.88671875 0.0703125 0.8932291671874999 0.0634765625 0.8932291671874999 0.0517578125 0.9036458328125001 0.0341796875 0.9036458328125001 0.0263671875 0.9140625 0.0205078125 0.9088541671874999 0.0185546875 0.9088541671874999 0.0126953125 0.90234375 0.01171875 0.8919270828125001 0.015625 0.8893229171874999 0.013671875 0.8880208328125001 0.0263671875 0.8736979171874999 0.0390625 0.84765625 0.04296875 0.8294270828125001 0.05078125 0.8190104171874999 0.048828125 0.81640625 0.05078125 0.81640625 0.046875 0.8294270828125001 0.044921875 0.8515625 0.0341796875 0.8489583328125001 0.0283203125 0.8671875 0.0107421875 0.8606770828125001 0 0.8450520828125001 0
2 0.23958333281250002 0.0791015625 0.2604166671875 0.0732421875 0.2526041671875 0.0517578125 0.2565104171875 0 0.05729166718749999 0.0009765625 0.05859375 0.00390625 0.07421875 0.0078125 0.09505208281250001 0.0234375 0.109375 0.0263671875 0.1119791671875 0.0302734375 0.109375 0.0498046875 0.11328125 0.052734375 0.12890625 0.05078125 0.1393229171875 0.0546875 0.16015625 0.0546875 0.1861979171875 0.0703125 0.19921875 0.0703125 0.22786458281250002 0.080078125 0.23958333281250002 0.0791015625
2 0.2747395828125 0.0390625 0.2643229171875 0.0390625 0.2630208328125 0.0322265625 0.2682291671875 0.0302734375 0.2643229171875 0.025390625 0.2552083328125 0.0283203125 0.2526041671875 0.0517578125 0.2604166671875 0.0693359375 0.2721354171875 0.080078125 0.2825520828125 0.083984375 0.3268229171875 0.09375 0.4231770828125 0.091796875 0.4309895828125 0.095703125 0.4505208328125 0.0947265625 0.4700520828125 0.08984375 0.4752604171875 0.09375 0.48828125 0.09375 0.5 0.0869140625 0.48828125 0.0859375 0.4791666671875 0.0751953125 0.4817708328125 0.0693359375 0.4700520828125 0.064453125 0.4127604171875 0.0703125 0.37890625 0.0703125 0.3736979171875 0.064453125 0.3606770828125 0.064453125 0.34765625 0.05859375 0.33203125 0.064453125 0.3268229171875 0.05859375 0.3033854171875 0.0546875 0.2799479171875 0.044921875 0.2747395828125 0.0390625
2 0.5768229171875 0.1015625 0.5846354171875 0.107421875 0.6041666671875 0.1064453125 0.6106770828125 0.10546875 0.6158854171875 0.099609375 0.63671875 0.099609375 0.6432291671875 0.0927734375 0.6341145828125 0.087890625 0.6002604171875 0.087890625 0.58984375 0.083984375 0.5768229171875 0.083984375 0.5690104171875 0.087890625 0.5559895828125 0.083984375 0.5377604171875 0.087890625 0.51171875 0.0859375 0.5052083328125 0.0888671875 0.5143229171875 0.09765625 0.5325520828125 0.10546875 0.5533854171875 0.107421875 0.56640625 0.1015625 0.5768229171875 0.1015625