5 0.44140625 0.8763020828125001 0.4404296875 0.8515625 0.4287109375 0.8489583328125001 0.412109375 0.86328125 0.412109375 0.87890625 0.4169921875 0.8880208328125001 0.4306640625 0.890625 0.44140625 0.8763020828125001
5 0.2666015625 0.4791666671875 0.2568359375 0.4739583328125 0.251953125 0.48046875 0.251953125 0.4856770828125 0.2666015625 0.4869791671875 0.2666015625 0.4791666671875
5 0.3125 0.8919270828125001 0.3212890625 0.9010416671874999 0.3330078125 0.8984375 0.341796875 0.8815104171874999 0.3408203125 0.8619791671874999 0.3330078125 0.8541666671874999 0.3173828125 0.859375 0.310546875 0.87109375 0.3125 0.8919270828125001
5 0.4189453125 0.9557291671874999 0.41796875 0.94921875 0.4111328125 0.9427083328125001 0.4013671875 0.9427083328125001 0.3935546875 0.9479166671874999 0.388671875 0.9596354171874999 0.390625 0.9856770828125001 0.3955078125 0.9895833328125001 0.4091796875 0.9869791671874999 0.416015625 0.9752604171874999 0.4189453125 0.9557291671874999
5 0.0517578125 0.9166666671874999 0.0458984375 0.9166666671874999 0.041015625 0.92578125 0.0478515625 0.9296875 0.052734375 0.9231770828125001 0.0517578125 0.9166666671874999
5 0.0185546875 0.7786458328125 0.0166015625 0.7734375 0.009765625 0.77734375 0.0146484375 0.7864583328125 0.01953125 0.78515625 0.0185546875 0.7786458328125
5 0.0888671875 0.9114583328125001 0.0849609375 0.9088541671874999 0.08203125 0.91796875 0.0869140625 0.9192708328125001 0.0888671875 0.9114583328125001
5 0.658203125 0.6236979171875 0.6611328125 0.6276041671875 0.6708984375 0.6276041671875 0.673828125 0.62109375 0.6728515625 0.6119791671875 0.6689453125 0.6041666671875 0.6611328125 0.6067708328125 0.658203125 0.6106770828125 0.658203125 0.6236979171875
5 0.7177734375 0.5078125 0.71484375 0.49609375 0.7041015625 0.4869791671875 0.6826171875 0.4869791671875 0.6728515625 0.4947916671875 0.666015625 0.5065104171875 0.6689453125 0.5130208328125 0.7001953125 0.5130208328125 0.7099609375 0.5208333328125 0.71875 0.5169270828125 0.7177734375 0.5078125
5 0.490234375 0.94140625 0.4892578125 0.9348958328125001 0.4853515625 0.9270833328125001 0.474609375 0.9283854171874999 0.474609375 0.9361979171874999 0.4794921875 0.9453125 0.4853515625 0.9479166671874999 0.490234375 0.94140625
5 0.22265625 0.8450520828125001 0.2314453125 0.8541666671874999 0.2412109375 0.8515625 0.25390625 0.8346354171874999 0.2607421875 0.8020833328125001 0.2568359375 0.7916666671875 0.2255859375 0.796875 0.22265625 0.8033854171874999 0.22265625 0.8450520828125001
5 0.4404296875 0.7890625 0.4365234375 0.7760416671875 0.4208984375 0.7734375 0.412109375 0.7825520828125 0.408203125 0.79296875 0.408203125 0.80859375 0.4150390625 0.8177083328125001 0.4267578125 0.8203125 0.435546875 0.8111979171874999 0.44140625 0.7981770828125 0.4404296875 0.7890625