5 0.1236979171875 0.44140625 0.1484375 0.4404296875 0.1510416671875 0.4287109375 0.13671875 0.412109375 0.12109375 0.412109375 0.1119791671875 0.4169921875 0.109375 0.4306640625 0.1236979171875 0.44140625
5 0.5208333328125 0.2666015625 0.5260416671875 0.2568359375 0.51953125 0.251953125 0.5143229171875 0.251953125 0.5130208328125 0.2666015625 0.5208333328125 0.2666015625
5 0.1080729171875 0.3125 0.09895833281250001 0.3212890625 0.1015625 0.3330078125 0.1184895828125 0.341796875 0.1380208328125 0.3408203125 0.1458333328125 0.3330078125 0.140625 0.3173828125 0.12890625 0.310546875 0.1080729171875 0.3125
5 0.0442708328125 0.4189453125 0.05078125 0.41796875 0.05729166718749999 0.4111328125 0.05729166718749999 0.4013671875 0.05208333281250001 0.3935546875 0.0403645828125 0.388671875 0.014322917187500001 0.390625 0.010416667187500001 0.3955078125 0.013020832812499999 0.4091796875 0.0247395828125 0.416015625 0.0442708328125 0.4189453125
5 0.08333333281250001 0.0517578125 0.08333333281250001 0.0458984375 0.07421875 0.041015625 0.0703125 0.0478515625 0.07682291718749999 0.052734375 0.08333333281250001 0.0517578125
5 0.22135416718749998 0.0185546875 0.2265625 0.0166015625 0.22265625 0.009765625 0.21354166718749998 0.0146484375 0.21484375 0.01953125 0.22135416718749998 0.0185546875
5 0.08854166718749999 0.0888671875 0.09114583281250001 0.0849609375 0.08203125 0.08203125 0.08072916718749999 0.0869140625 0.08854166718749999 0.0888671875
5 0.3763020828125 0.658203125 0.3723958328125 0.6611328125 0.3723958328125 0.6708984375 0.37890625 0.673828125 0.3880208328125 0.6728515625 0.3958333328125 0.6689453125 0.3932291671875 0.6611328125 0.3893229171875 0.658203125 0.3763020828125 0.658203125
5 0.4921875 0.7177734375 0.50390625 0.71484375 0.5130208328125 0.7041015625 0.5130208328125 0.6826171875 0.5052083328125 0.6728515625 0.4934895828125 0.666015625 0.4869791671875 0.6689453125 0.4869791671875 0.7001953125 0.4791666671875 0.7099609375 0.4830729171875 0.71875 0.4921875 0.7177734375
5 0.05859375 0.490234375 0.06510416718749999 0.4892578125 0.07291666718749999 0.4853515625 0.07161458281250001 0.474609375 0.06380208281250001 0.474609375 0.0546875 0.4794921875 0.05208333281250001 0.4853515625 0.05859375 0.490234375
5 0.1549479171875 0.22265625 0.1458333328125 0.2314453125 0.1484375 0.2412109375 0.1653645828125 0.25390625 0.1979166671875 0.2607421875 0.20833333281250002 0.2568359375 0.203125 0.2255859375 0.1966145828125 0.22265625 0.1549479171875 0.22265625
5 0.2109375 0.4404296875 0.22395833281250002 0.4365234375 0.2265625 0.4208984375 0.21744791718749998 0.412109375 0.20703125 0.408203125 0.19140625 0.408203125 0.1822916671875 0.4150390625 0.1796875 0.4267578125 0.1888020828125 0.435546875 0.20182291718749998 0.44140625 0.2109375 0.4404296875