5 0.0263671875 0.28125 0.0166015625 0.2786458328125 0.01171875 0.28515625 0.009765625 0.2981770828125 0.0185546875 0.3098958328125 0.0419921875 0.3072916671875 0.046875 0.2981770828125 0.0458984375 0.2864583328125 0.0380859375 0.2786458328125 0.0263671875 0.28125
5 0.1806640625 0.3177083328125 0.1728515625 0.3072916671875 0.1611328125 0.2994791671875 0.1455078125 0.296875 0.142578125 0.30078125 0.142578125 0.3268229171875 0.1484375 0.34765625 0.1552734375 0.3567708328125 0.1650390625 0.3567708328125 0.1796875 0.3424479171875 0.1806640625 0.3177083328125
5 0.2177734375 1 0.2177734375 0.984375 0.2119140625 0.9765625 0.1982421875 0.9739583328125001 0.193359375 0.9830729171874999 0.193359375 0.9908854171874999 0.1962890625 1 0.2177734375 1
5 0.443359375 0.5013020828125 0.4384765625 0.4947916671875 0.4248046875 0.5 0.4033203125 0.4973958328125 0.3818359375 0.4765625 0.3720703125 0.4739583328125 0.3603515625 0.4739583328125 0.3408203125 0.4817708328125 0.328125 0.4986979171875 0.3203125 0.5221354171875 0.3203125 0.5455729171875 0.32421875 0.5611979171875 0.3427734375 0.5885416671875 0.3662109375 0.5963541671875 0.4013671875 0.5963541671875 0.4169921875 0.6015625 0.4326171875 0.6015625 0.458984375 0.56640625 0.4599609375 0.5520833328125 0.443359375 0.5013020828125
5 0.7958984375 1 0.798828125 0.99609375 0.7978515625 0.984375 0.7958984375 0.9791666671874999 0.7861328125 0.9739583328125001 0.779296875 0.9830729171874999 0.779296875 0.99609375 0.7822265625 1 0.7958984375 1
5 0.8623046875 0.20052083281250002 0.857421875 0.21744791718749998 0.8642578125 0.22916666718749998 0.8798828125 0.22916666718749998 0.8837890625 0.2109375 0.8779296875 0.20052083281250002 0.8623046875 0.20052083281250002
5 0.7490234375 0.578125 0.74609375 0.5846354171875 0.7568359375 0.5989583328125 0.76171875 0.5924479171875 0.7607421875 0.5859375 0.7568359375 0.5755208328125 0.7490234375 0.578125
5 0.474609375 0.6731770828125 0.4736328125 0.6588541671875 0.4619140625 0.6536458328125 0.453125 0.6653645828125 0.455078125 0.6809895828125 0.4697265625 0.6875 0.470703125 0.6783854171875 0.474609375 0.6731770828125
5 0.234375 0.8111979171874999 0.2392578125 0.8177083328125001 0.2470703125 0.8177083328125001 0.251953125 0.8111979171874999 0.2509765625 0.796875 0.2470703125 0.7916666671875 0.2392578125 0.7916666671875 0.234375 0.80078125 0.234375 0.8111979171874999
5 0.4296875 0.16015625 0.4365234375 0.1744791671875 0.4462890625 0.1744791671875 0.451171875 0.1627604171875 0.4501953125 0.1536458328125 0.4443359375 0.1458333328125 0.4365234375 0.1432291671875 0.431640625 0.1497395828125 0.4296875 0.16015625
5 0.7177734375 0.22395833281250002 0.71484375 0.22786458281250002 0.716796875 0.24088541718749998 0.7255859375 0.2526041671875 0.7314453125 0.2552083328125 0.7392578125 0.2552083328125 0.744140625 0.24869791718749998 0.7431640625 0.23177083281250002 0.7314453125 0.22135416718749998 0.7177734375 0.22395833281250002
5 0.66015625 0.4388020828125 0.6689453125 0.4505208328125 0.6787109375 0.453125 0.68359375 0.4466145828125 0.6826171875 0.4322916671875 0.6767578125 0.421875 0.6689453125 0.4192708328125 0.6640625 0.4231770828125 0.66015625 0.4388020828125
5 0.2392578125 0.2630208328125 0.236328125 0.2747395828125 0.2431640625 0.2864583328125 0.2529296875 0.2864583328125 0.2529296875 0.2682291671875 0.2490234375 0.2630208328125 0.2392578125 0.2630208328125
5 0.4423828125 0.7630208328125 0.439453125 0.7513020828125 0.4306640625 0.7369791671875 0.419921875 0.7434895828125 0.41796875 0.7486979171875 0.419921875 0.76953125 0.4267578125 0.7786458328125 0.4306640625 0.78125 0.4404296875 0.7786458328125 0.443359375 0.7747395828125 0.4423828125 0.7630208328125
5 0.53125 0.32421875 0.53125 0.3346354171875 0.5361328125 0.3411458328125 0.5439453125 0.3411458328125 0.5458984375 0.3307291671875 0.5361328125 0.3203125 0.53125 0.32421875
5 0.18359375 0.2825520828125 0.18359375 0.2903645828125 0.1884765625 0.2942708328125 0.2021484375 0.2942708328125 0.2041015625 0.2890625 0.203125 0.2825520828125 0.1962890625 0.2760416671875 0.1884765625 0.2760416671875 0.18359375 0.2825520828125
5 0.5380859375 0.1458333328125 0.53515625 0.1263020828125 0.5263671875 0.1145833328125 0.5205078125 0.1145833328125 0.515625 0.1315104171875 0.515625 0.1471354171875 0.51953125 0.1575520828125 0.5263671875 0.1666666671875 0.5361328125 0.1666666671875 0.5390625 0.16015625 0.5380859375 0.1458333328125
5 0.185546875 0.9361979171874999 0.1923828125 0.9427083328125001 0.2001953125 0.9401041671874999 0.208984375 0.9283854171874999 0.2099609375 0.9166666671874999 0.2021484375 0.90625 0.1904296875 0.9088541671874999 0.185546875 0.9153645828125001 0.185546875 0.9361979171874999
5 0.5654296875 0.0364583328125 0.5517578125 0.0494791671875 0.5478515625 0.0494791671875 0.544921875 0.06119791718749999 0.5595703125 0.0859375 0.5712890625 0.08854166718749999 0.580078125 0.07682291718749999 0.5810546875 0.0546875 0.5712890625 0.0364583328125 0.5654296875 0.0364583328125
5 0.767578125 0.19921875 0.7783203125 0.20833333281250002 0.7841796875 0.20833333281250002 0.787109375 0.20442708281250002 0.7861328125 0.1848958328125 0.7763671875 0.1822916671875 0.767578125 0.19921875
5 0.552734375 0.1888020828125 0.5517578125 0.1822916671875 0.5458984375 0.171875 0.537109375 0.17578125 0.537109375 0.1888020828125 0.5419921875 0.1953125 0.5498046875 0.1953125 0.552734375 0.1888020828125
5 0.248046875 0.9700520828125001 0.2470703125 0.9635416671874999 0.2412109375 0.9557291671874999 0.2353515625 0.9557291671874999 0.23046875 0.9622395828125001 0.232421875 0.9752604171874999 0.2412109375 0.9791666671874999 0.248046875 0.9700520828125001
5 0.37109375 0.8190104171874999 0.3701171875 0.8020833328125001 0.3583984375 0.7864583328125 0.3515625 0.79296875 0.3515625 0.8111979171874999 0.3603515625 0.8307291671874999 0.3642578125 0.8307291671874999 0.37109375 0.8190104171874999
5 0.2548828125 0.08072916718749999 0.2431640625 0.078125 0.2373046875 0.08072916718749999 0.23046875 0.09244791718749999 0.232421875 0.1236979171875 0.2685546875 0.1197916671875 0.28125 0.09765625 0.2822265625 0.0703125 0.2705078125 0.06510416718749999 0.2548828125 0.08072916718749999
5 0.455078125 0.8658854171874999 0.4541015625 0.8567708328125001 0.4501953125 0.8463541671874999 0.4404296875 0.8463541671874999 0.43359375 0.8580729171874999 0.43359375 0.8658854171874999 0.4482421875 0.8723958328125001 0.455078125 0.8658854171874999
5 0.97265625 0.55078125 0.9716796875 0.5416666671875 0.9599609375 0.5390625 0.955078125 0.5455729171875 0.95703125 0.5533854171875 0.9599609375 0.5572916671875 0.9677734375 0.5572916671875 0.97265625 0.55078125
5 0.1982421875 0.7291666671875 0.1865234375 0.7161458328125 0.1767578125 0.7161458328125 0.169921875 0.72265625 0.171875 0.7356770828125 0.1806640625 0.7473958328125 0.2001953125 0.75 0.2041015625 0.734375 0.2021484375 0.7291666671875 0.1982421875 0.7291666671875
5 0.5078125 0.9700520828125001 0.5126953125 0.9765625 0.5234375 0.9752604171874999 0.529296875 0.9622395828125001 0.5283203125 0.9427083328125001 0.5244140625 0.9322916671874999 0.5126953125 0.9296875 0.50390625 0.9466145828125001 0.5078125 0.9700520828125001
5 0.611328125 0.9544270828125001 0.6123046875 0.9453125 0.5966796875 0.9296875 0.5771484375 0.9348958328125001 0.5703125 0.9622395828125001 0.5771484375 0.9713541671874999 0.5986328125 0.9661458328125001 0.611328125 0.9544270828125001
5 0.6513671875 0.9140625 0.6357421875 0.9140625 0.630859375 0.9205729171874999 0.630859375 0.9440104171874999 0.6357421875 0.9583333328125001 0.6455078125 0.9635416671874999 0.658203125 0.9518229171874999 0.6591796875 0.9427083328125001 0.658203125 0.92578125 0.6513671875 0.9140625
5 0.8720703125 0.5390625 0.859375 0.55859375 0.857421875 0.5768229171875 0.859375 0.5950520828125 0.8681640625 0.609375 0.8994140625 0.6302083328125 0.9150390625 0.6328125 0.9248046875 0.6302083328125 0.94140625 0.6158854171875 0.951171875 0.5924479171875 0.9501953125 0.5807291671875 0.9404296875 0.5546875 0.9189453125 0.5416666671875 0.9033203125 0.5442708328125 0.8955078125 0.5364583328125 0.8720703125 0.5390625
5 0.830078125 0.41015625 0.830078125 0.4153645828125 0.8427734375 0.4322916671875 0.849609375 0.4283854171875 0.8486328125 0.4140625 0.8408203125 0.40625 0.830078125 0.41015625
5 0.876953125 0.33203125 0.8837890625 0.3411458328125 0.8955078125 0.3463541671875 0.90234375 0.3424479171875 0.9013671875 0.3333333328125 0.8955078125 0.3255208328125 0.8857421875 0.3203125 0.876953125 0.3268229171875 0.876953125 0.33203125
5 0.9365234375 0.3463541671875 0.9404296875 0.3463541671875 0.9462890625 0.3541666671875 0.9521484375 0.3541666671875 0.9697265625 0.3776041671875 1 0.3815104171875 0.9990234375 0.2578125 0.9765625 0.2799479171875 0.970703125 0.29296875 0.96875 0.3268229171875 0.9658203125 0.3307291671875 0.9423828125 0.328125 0.93359375 0.3346354171875 0.9365234375 0.3463541671875
5 0.423828125 0.4309895828125 0.4228515625 0.4140625 0.4111328125 0.3958333328125 0.400390625 0.4075520828125 0.3984375 0.4205729171875 0.4072265625 0.4322916671875 0.4208984375 0.4375 0.423828125 0.4309895828125
5 0.3798828125 0.3489583328125 0.3740234375 0.3411458328125 0.35546875 0.33984375 0.3662109375 0.3619791671875 0.3798828125 0.359375 0.3798828125 0.3489583328125
5 0.3447265625 0.265625 0.3525390625 0.265625 0.361328125 0.2565104171875 0.365234375 0.24869791718749998 0.3642578125 0.23697916718749998 0.3544921875 0.234375 0.3388671875 0.21614583281250002 0.333984375 0.21744791718749998 0.3447265625 0.265625
5 0.2568359375 0.5703125 0.244140625 0.5768229171875 0.244140625 0.58203125 0.2490234375 0.5885416671875 0.2607421875 0.59375 0.2646484375 0.59375 0.26953125 0.5872395828125 0.2685546875 0.5833333328125 0.2626953125 0.5729166671875 0.2568359375 0.5703125
5 0.287109375 0.55078125 0.2939453125 0.5572916671875 0.2998046875 0.5546875 0.306640625 0.5455729171875 0.3056640625 0.5364583328125 0.3037109375 0.53125 0.2978515625 0.5286458328125 0.2890625 0.5377604171875 0.287109375 0.55078125
5 0.109375 0.6627604171875 0.1201171875 0.6796875 0.1318359375 0.6796875 0.146484375 0.66796875 0.1474609375 0.6536458328125 0.1435546875 0.640625 0.1181640625 0.6328125 0.111328125 0.6393229171875 0.109375 0.6627604171875
5 0.044921875 0.5559895828125 0.033203125 0.5690104171875 0.021484375 0.5924479171875 0.021484375 0.6080729171875 0.0263671875 0.6197916671875 0.0419921875 0.6328125 0.0517578125 0.6328125 0.0810546875 0.6458333328125 0.0947265625 0.6458333328125 0.107421875 0.6236979171875 0.1064453125 0.5989583328125 0.099609375 0.5638020828125 0.0751953125 0.5390625 0.0654296875 0.5338541671875 0.0498046875 0.5442708328125 0.044921875 0.5559895828125
5 0.400390625 0.7434895828125 0.404296875 0.7330729171875 0.4033203125 0.7083333328125 0.3974609375 0.6979166671875 0.3916015625 0.6953125 0.3701171875 0.6953125 0.3671875 0.69921875 0.365234375 0.7330729171875 0.373046875 0.74609375 0.3779296875 0.7630208328125 0.3857421875 0.7630208328125 0.400390625 0.7434895828125
5 0.021484375 0.37890625 0.01953125 0.4127604171875 0.0224609375 0.4192708328125 0.0458984375 0.4166666671875 0.0654296875 0.4244791671875 0.07421875 0.41015625 0.0732421875 0.40625 0.0625 0.35546875 0.0576171875 0.3489583328125 0.0537109375 0.3463541671875 0.0263671875 0.3489583328125 0.01953125 0.35546875 0.017578125 0.36328125 0.021484375 0.37890625
5 0.8583984375 0.1536458328125 0.8642578125 0.1536458328125 0.873046875 0.1419270828125 0.876953125 0.1263020828125 0.8759765625 0.1171875 0.8564453125 0.109375 0.845703125 0.1236979171875 0.845703125 0.1393229171875 0.8583984375 0.1536458328125
5 0.83984375 0.20182291718749998 0.8388671875 0.1901041671875 0.8291015625 0.1796875 0.8251953125 0.1796875 0.818359375 0.1888020828125 0.8203125 0.1966145828125 0.8310546875 0.20833333281250002 0.83984375 0.20182291718749998
5 0.236328125 0.07682291718749999 0.2353515625 0.06770833281250001 0.2236328125 0.05208333281250001 0.2138671875 0.05208333281250001 0.1943359375 0.0338541671875 0.1748046875 0.0364583328125 0.1689453125 0.0416666671875 0.1591796875 0.0364583328125 0.1533203125 0.05729166718749999 0.1357421875 0.05989583281250001 0.1328125 0.06380208281250001 0.1328125 0.10546875 0.13671875 0.1106770828125 0.13671875 0.1184895828125 0.1435546875 0.1276041671875 0.1669921875 0.1380208328125 0.1943359375 0.1432291671875 0.2021484375 0.1276041671875 0.228515625 0.1158854171875 0.23046875 0.1080729171875 0.228515625 0.08984375 0.236328125 0.07682291718749999