5 0.7671875 0.19140625 0.021875 0.03125
5 0.1927083328125 0.2724609375 0.20182291718749998 0.28125 0.20833333281250002 0.2802734375 0.21354166718749998 0.2783203125 0.21354166718749998 0.2705078125 0.19921875 0.265625 0.1927083328125 0.2724609375
5 0.5390625 0.5068359375 0.5364583328125 0.4912109375 0.51953125 0.4765625 0.5143229171875 0.474609375 0.5065104171875 0.4765625 0.4947916671875 0.4873046875 0.4973958328125 0.5048828125 0.51171875 0.513671875 0.53125 0.5146484375 0.5390625 0.5068359375
5 0.9322916671874999 0.4951171875 0.9244791671874999 0.4814453125 0.9075520828125001 0.47265625 0.8971354171874999 0.47265625 0.890625 0.4775390625 0.890625 0.4833984375 0.8984375 0.4951171875 0.9075520828125001 0.5 0.921875 0.5009765625 0.9322916671874999 0.4951171875
5 0.5677083328125 0.1318359375 0.57421875 0.13671875 0.578125 0.1357421875 0.5833333328125 0.1318359375 0.5807291671875 0.1201171875 0.56640625 0.115234375 0.5677083328125 0.1318359375
5 0.4609375 0.3955078125 0.4713541671875 0.3720703125 0.4700520828125 0.369140625 0.4635416671875 0.3701171875 0.46484375 0.365234375 0.4596354171875 0.365234375 0.4518229171875 0.375 0.4401041671875 0.3779296875 0.4401041671875 0.3896484375 0.44921875 0.39453125 0.4609375 0.3955078125
5 0.46484375 0.404296875 0.4609375 0.4072265625 0.4609375 0.4150390625 0.4674479171875 0.419921875 0.4869791671875 0.4208984375 0.4895833328125 0.4169921875 0.48046875 0.40625 0.46484375 0.404296875
2 0.1341145828125 0.55859375 0.1171875 0.5693359375 0.1197916671875 0.5791015625 0.1067708328125 0.5908203125 0.1067708328125 0.5947265625 0.1158854171875 0.6015625 0.12890625 0.6015625 0.1393229171875 0.591796875 0.15234375 0.6015625 0.15625 0.6005859375 0.1536458328125 0.5927734375 0.1575520828125 0.58984375 0.1627604171875 0.599609375 0.1705729171875 0.59375 0.1875 0.6025390625 0.1861979171875 0.609375 0.1979166671875 0.6123046875 0.1927083328125 0.6142578125 0.20052083281250002 0.6162109375 0.20703125 0.630859375 0.21484375 0.630859375 0.23046875 0.640625 0.234375 0.6396484375 0.234375 0.6240234375 0.21614583281250002 0.6044921875 0.22135416718749998 0.6005859375 0.22135416718749998 0.5947265625 0.21484375 0.5859375 0.1888020828125 0.578125 0.1653645828125 0.576171875 0.1614583328125 0.5634765625 0.15234375 0.55859375 0.1341145828125 0.55859375
2 0.203125 0.6298828125 0.20833333281250002 0.6748046875 0.20572916718749998 0.6767578125 0.21614583281250002 0.6884765625 0.21354166718749998 0.6923828125 0.22395833281250002 0.6982421875 0.21875 0.7041015625 0.21875 0.7099609375 0.22395833281250002 0.7099609375 0.23177083281250002 0.7041015625 0.23958333281250002 0.6884765625 0.24479166718749998 0.6494140625 0.234375 0.6376953125 0.23177083281250002 0.6220703125 0.22005208281250002 0.61328125 0.21484375 0.61328125 0.20052083281250002 0.6181640625 0.20572916718749998 0.6279296875 0.203125 0.6298828125
2 0.24348958281250002 0.64453125 0.24479166718749998 0.6552734375 0.2526041671875 0.6572265625 0.25 0.6494140625 0.24348958281250002 0.64453125
2 0.22526041718749998 0.6171875 0.2265625 0.6357421875 0.234375 0.6357421875 0.234375 0.6240234375 0.22526041718749998 0.6171875
2 0.2526041671875 0.7158203125 0.2526041671875 0.7041015625 0.2604166671875 0.6962890625 0.24088541718749998 0.6796875 0.23177083281250002 0.7021484375 0.21875 0.7177734375 0.21875 0.7216796875 0.22526041718749998 0.7265625 0.234375 0.7255859375 0.2526041671875 0.7158203125
2 0.6393229171875 0.609375 0.6432291671875 0.6064453125 0.640625 0.5966796875 0.6458333328125 0.5908203125 0.6354166671875 0.5849609375 0.625 0.5595703125 0.61328125 0.548828125 0.59765625 0.548828125 0.58203125 0.54296875 0.55859375 0.544921875 0.5481770828125 0.5390625 0.5299479171875 0.537109375 0.5026041671875 0.5517578125 0.5052083328125 0.5615234375 0.5026041671875 0.5673828125 0.5104166671875 0.5712890625 0.5104166671875 0.5751953125 0.5182291671875 0.5810546875 0.5026041671875 0.5908203125 0.5026041671875 0.6005859375 0.5143229171875 0.60546875 0.515625 0.6103515625 0.5208333328125 0.6123046875 0.5221354171875 0.609375 0.52734375 0.611328125 0.5403645828125 0.609375 0.5481770828125 0.599609375 0.5794270828125 0.595703125 0.5872395828125 0.587890625 0.59765625 0.595703125 0.6106770828125 0.59375 0.6341145828125 0.599609375 0.6393229171875 0.609375
5 0.78125 0.3017578125 0.7838541671875 0.2939453125 0.7747395828125 0.291015625 0.7682291671875 0.2978515625 0.7721354171875 0.302734375 0.78125 0.3017578125
5 0.8125 0.2548828125 0.81640625 0.2578125 0.828125 0.2568359375 0.8333333328125001 0.2353515625 0.82421875 0.232421875 0.8151041671874999 0.2412109375 0.8125 0.2548828125