5 0.6966145828125 0.814453125 0.6783854171875 0.814453125 0.6640625 0.8212890625 0.6588541671875 0.8369140625 0.6705729171875 0.8515625 0.6809895828125 0.85546875 0.6966145828125 0.85546875 0.7135416671875 0.8466796875 0.7161458328125 0.8330078125 0.6966145828125 0.814453125
5 0.94921875 0.765625 0.9778645828125001 0.765625 0.98828125 0.76171875 0.9869791671874999 0.7548828125 0.9661458328125001 0.7294921875 0.9466145828125001 0.712890625 0.9127604171874999 0.7109375 0.8958333328125001 0.7216796875 0.8880208328125001 0.7333984375 0.8880208328125001 0.7509765625 0.90234375 0.76171875 0.94921875 0.765625
5 0.9270833328125001 0.7783203125 0.9244791671874999 0.7919921875 0.93359375 0.80078125 0.9596354171874999 0.802734375 0.9661458328125001 0.7998046875 0.96875 0.7841796875 0.95703125 0.7734375 0.93359375 0.7734375 0.9270833328125001 0.7783203125
5 0.96484375 0.818359375 0.9583333328125001 0.8232421875 0.9583333328125001 0.8291015625 0.9674479171874999 0.833984375 0.9752604171874999 0.83203125 0.9791666671874999 0.8212890625 0.96484375 0.818359375
5 0.8984375 0.8232421875 0.9010416671874999 0.8154296875 0.8971354171874999 0.8125 0.8828125 0.8154296875 0.88671875 0.82421875 0.8984375 0.8232421875
5 0.9127604171874999 0.873046875 0.9205729171874999 0.873046875 0.9270833328125001 0.8681640625 0.9270833328125001 0.8623046875 0.9153645828125001 0.857421875 0.9049479171874999 0.859375 0.9010416671874999 0.8662109375 0.9127604171874999 0.873046875
5 0.76171875 0.7734375 0.78125 0.7626953125 0.7838541671875 0.7490234375 0.7721354171875 0.73828125 0.7591145828125 0.736328125 0.7421875 0.7548828125 0.7421875 0.7705078125 0.76171875 0.7734375
5 0.5651041671875 0.7724609375 0.56640625 0.763671875 0.5494791671875 0.7666015625 0.5533854171875 0.7734375 0.5651041671875 0.7724609375
5 0.6002604171875 0.7890625 0.609375 0.7841796875 0.6119791671875 0.7744140625 0.60546875 0.771484375 0.5924479171875 0.7734375 0.5859375 0.7783203125 0.5859375 0.7822265625 0.6002604171875 0.7890625
5 0.64453125 0.80078125 0.6484375 0.7919921875 0.63671875 0.7890625 0.6302083328125 0.7958984375 0.6393229171875 0.802734375 0.64453125 0.80078125
5 0.4322916671875 0.8544921875 0.4322916671875 0.8623046875 0.44140625 0.869140625 0.4596354171875 0.87109375 0.4635416671875 0.8681640625 0.4661458328125 0.8603515625 0.45703125 0.8515625 0.4388020828125 0.849609375 0.4322916671875 0.8544921875
5 0.4270833328125 0.8544921875 0.4153645828125 0.8515625 0.40625 0.8564453125 0.40625 0.8642578125 0.4205729171875 0.8671875 0.4270833328125 0.8623046875 0.4270833328125 0.8544921875
5 0.3658854171875 0.859375 0.35546875 0.859375 0.34375 0.8662109375 0.3502604171875 0.875 0.3671875 0.8701171875 0.3697916671875 0.8642578125 0.3658854171875 0.859375
5 0.1953125 0.8603515625 0.1953125 0.8681640625 0.20182291718749998 0.873046875 0.22265625 0.875 0.23177083281250002 0.8701171875 0.234375 0.8544921875 0.22786458281250002 0.849609375 0.20963541718749998 0.849609375 0.1953125 0.8603515625
5 0.07942708281250001 0.794921875 0.1158854171875 0.796875 0.1171875 0.7802734375 0.1106770828125 0.7734375 0.08463541718749999 0.771484375 0.07552083281250001 0.7783203125 0.07291666718749999 0.7861328125 0.07942708281250001 0.794921875
5 0.20572916718749998 0.6708984375 0.1940104171875 0.66015625 0.1731770828125 0.66015625 0.1614583328125 0.6669921875 0.1588541671875 0.6728515625 0.1653645828125 0.681640625 0.17578125 0.685546875 0.1966145828125 0.685546875 0.20572916718749998 0.6787109375 0.20572916718749998 0.6708984375
5 0.1927083328125 0.7001953125 0.1953125 0.7119140625 0.21484375 0.716796875 0.22786458281250002 0.716796875 0.2421875 0.7060546875 0.24479166718749998 0.6904296875 0.24088541718749998 0.6875 0.20442708281250002 0.6875 0.1927083328125 0.7001953125
5 0.5625 0.6533203125 0.5598958328125 0.6650390625 0.56640625 0.673828125 0.5846354171875 0.67578125 0.59375 0.6708984375 0.5989583328125 0.6533203125 0.58984375 0.646484375 0.5768229171875 0.646484375 0.5625 0.6533203125
5 0.79296875 0.37890625 0.7825520828125 0.375 0.74609375 0.37890625 0.7317708328125 0.3955078125 0.7369791671875 0.4091796875 0.76953125 0.423828125 0.7955729171875 0.419921875 0.8072916671874999 0.4072265625 0.8072916671874999 0.3916015625 0.79296875 0.37890625
5 0.8059895828125001 0.421875 0.79296875 0.421875 0.7682291671875 0.4326171875 0.76953125 0.435546875 0.80078125 0.43359375 0.8098958328125001 0.4267578125 0.8059895828125001 0.421875
5 1 0.4052734375 0.9934895828125001 0.40234375 0.9622395828125001 0.40234375 0.9544270828125001 0.404296875 0.9453125 0.4130859375 0.9427083328125001 0.4248046875 0.94921875 0.431640625 0.99609375 0.431640625 1 0.4287109375 1 0.4052734375
5 0.671875 0.4462890625 0.671875 0.4599609375 0.6783854171875 0.46484375 0.6861979171875 0.46484375 0.7005208328125 0.4580078125 0.7057291671875 0.4521484375 0.6979166671875 0.4384765625 0.6809895828125 0.43359375 0.671875 0.4462890625
5 0.671875 0.4443359375 0.671875 0.4599609375 0.6783854171875 0.46484375 0.6861979171875 0.46484375 0.7057291671875 0.4541015625 0.7135416671875 0.4189453125 0.69921875 0.416015625 0.6770833328125 0.4345703125 0.671875 0.4443359375
5 0.52734375 0.431640625 0.5390625 0.4228515625 0.5364583328125 0.4013671875 0.52734375 0.3984375 0.48828125 0.400390625 0.4596354171875 0.412109375 0.4505208328125 0.4208984375 0.4557291671875 0.4306640625 0.47265625 0.44140625 0.5013020828125 0.44140625 0.52734375 0.431640625
5 0.56640625 0.408203125 0.5703125 0.4052734375 0.56640625 0.396484375 0.5494791671875 0.3994140625 0.55078125 0.408203125 0.56640625 0.408203125
5 0.6158854171875 0.421875 0.5989583328125 0.4248046875 0.6028645828125 0.43359375 0.61328125 0.4375 0.6197916671875 0.4345703125 0.6223958328125 0.4267578125 0.6158854171875 0.421875
5 0.64453125 0.404296875 0.6484375 0.3955078125 0.63671875 0.392578125 0.6328125 0.4013671875 0.64453125 0.404296875
5 0.67578125 0.318359375 0.6796875 0.3076171875 0.6653645828125 0.306640625 0.6614583328125 0.3154296875 0.67578125 0.318359375
5 0.6888020828125 0.376953125 0.6927083328125 0.3740234375 0.6888020828125 0.369140625 0.6783854171875 0.369140625 0.671875 0.3759765625 0.6888020828125 0.376953125
5 0.8190104171874999 0.376953125 0.8203125 0.3701171875 0.8111979171874999 0.369140625 0.8098958328125001 0.3759765625 0.8190104171874999 0.376953125
5 0.95703125 0.388671875 0.9752604171874999 0.38671875 0.9765625 0.3818359375 0.9622395828125001 0.373046875 0.94921875 0.375 0.9453125 0.3798828125 0.9453125 0.3837890625 0.95703125 0.388671875
5 0.94921875 0.35546875 0.94140625 0.35546875 0.9348958328125001 0.3603515625 0.94140625 0.369140625 0.953125 0.3662109375 0.9557291671874999 0.3623046875 0.94921875 0.35546875
5 0.27734375 0.3671875 0.2786458328125 0.3603515625 0.2721354171875 0.35546875 0.2604166671875 0.3583984375 0.2643229171875 0.3671875 0.27734375 0.3671875
5 0.1809895828125 0.416015625 0.1953125 0.4111328125 0.20052083281250002 0.4033203125 0.1888020828125 0.390625 0.1731770828125 0.390625 0.1666666671875 0.3955078125 0.1692708328125 0.4072265625 0.1809895828125 0.416015625
5 0.12109375 0.4140625 0.1236979171875 0.40625 0.11328125 0.404296875 0.1041666671875 0.4072265625 0.10546875 0.412109375 0.12109375 0.4140625
5 0.12109375 0.4296875 0.125 0.4267578125 0.12109375 0.421875 0.11328125 0.421875 0.1067708328125 0.4267578125 0.12109375 0.4296875
5 0.1927083328125 0.0732421875 0.1901041671875 0.0908203125 0.1940104171875 0.095703125 0.21223958281250002 0.09765625 0.22526041718749998 0.09375 0.22916666718749998 0.0908203125 0.21484375 0.0703125 0.20442708281250002 0.068359375 0.1927083328125 0.0732421875
5 0.9192708328125001 0.0068359375 0.9205729171874999 0 0.8619791671874999 0.0009765625 0.88671875 0.017578125 0.8997395828125001 0.017578125 0.9192708328125001 0.0068359375
2 0.92578125 0.876953125 0.8984375 0.8876953125 0.8984375 0.8974609375 0.9309895828125001 0.916015625 0.97265625 0.91015625 0.9765625 0.9072265625 0.96875 0.8916015625 0.9518229171874999 0.880859375 0.92578125 0.876953125
2 0.8346354171874999 0.91015625 0.86328125 0.91015625 0.88671875 0.90234375 0.8932291671874999 0.8974609375 0.8932291671874999 0.8896484375 0.8684895828125001 0.87109375 0.8580729171874999 0.869140625 0.83984375 0.869140625 0.8268229171874999 0.873046875 0.8125 0.8935546875 0.8125 0.8994140625 0.8346354171874999 0.91015625
2 0.78515625 0.8984375 0.7890625 0.8935546875 0.7669270828125 0.8828125 0.7252604171875 0.880859375 0.70703125 0.8828125 0.6861979171875 0.890625 0.6744791671875 0.9033203125 0.6744791671875 0.9091796875 0.6861979171875 0.9140625 0.7330729171875 0.9140625 0.78515625 0.8984375
2 0.09765625 0.91015625 0.1041666671875 0.9052734375 0.1171875 0.8916015625 0.10546875 0.87890625 0.09505208281250001 0.87890625 0.078125 0.8935546875 0.078125 0.9072265625 0.09765625 0.91015625
2 0.0403645828125 0.876953125 0.0338541671875 0.8857421875 0.0364583328125 0.9169921875 0.0455729171875 0.91796875 0.0703125 0.9052734375 0.07291666718749999 0.8935546875 0.06770833281250001 0.8779296875 0.06119791718749999 0.873046875 0.0403645828125 0.876953125
5 0.4361979171875 0.716796875 0.42578125 0.71484375 0.4114583328125 0.7236328125 0.4153645828125 0.736328125 0.4466145828125 0.73828125 0.4479166671875 0.7275390625 0.4361979171875 0.716796875
5 0.23046875 0.755859375 0.2591145828125 0.755859375 0.2630208328125 0.7509765625 0.2578125 0.7412109375 0.2513020828125 0.73828125 0.23307291718749998 0.73828125 0.22135416718749998 0.7451171875 0.23046875 0.755859375
5 0.2838541671875 0.7626953125 0.28515625 0.751953125 0.2708333328125 0.7587890625 0.27734375 0.763671875 0.2838541671875 0.7626953125
5 0.4518229171875 0.806640625 0.4309895828125 0.814453125 0.4270833328125 0.8212890625 0.4361979171875 0.82421875 0.4622395828125 0.818359375 0.4661458328125 0.8095703125 0.4518229171875 0.806640625
5 0.5104166671875 0.8408203125 0.5130208328125 0.8369140625 0.5065104171875 0.830078125 0.4973958328125 0.8330078125 0.4986979171875 0.83984375 0.5104166671875 0.8408203125
5 0.5950520828125 0.8671875 0.59375 0.8525390625 0.5846354171875 0.849609375 0.5807291671875 0.8603515625 0.5872395828125 0.8671875 0.5950520828125 0.8671875
5 0.5 0.9189453125 0.5 0.9287109375 0.5065104171875 0.935546875 0.5247395828125 0.935546875 0.5364583328125 0.9306640625 0.5390625 0.9228515625 0.52734375 0.916015625 0.51171875 0.9140625 0.5 0.9189453125
5 0.44921875 0.76171875 0.4388020828125 0.76171875 0.4270833328125 0.7685546875 0.4309895828125 0.775390625 0.4388020828125 0.775390625 0.4505208328125 0.7666015625 0.44921875 0.76171875
5 0.8294270828125001 0.75 0.8359375 0.7451171875 0.8333333328125001 0.7392578125 0.8190104171874999 0.736328125 0.8151041671874999 0.7451171875 0.8294270828125001 0.75
5 0.82421875 0.71875 0.828125 0.7119140625 0.8190104171874999 0.703125 0.8098958328125001 0.7099609375 0.81640625 0.71875 0.82421875 0.71875
5 0.70703125 0.724609375 0.7109375 0.7138671875 0.7018229171875 0.712890625 0.6953125 0.7197265625 0.70703125 0.724609375
5 0.61328125 0.724609375 0.6171875 0.7216796875 0.6145833328125 0.7158203125 0.60546875 0.71484375 0.6015625 0.7216796875 0.61328125 0.724609375
5 0.4973958328125 0.7236328125 0.5091145828125 0.7265625 0.5091145828125 0.720703125 0.4973958328125 0.7236328125
5 0.014322917187500001 0.78515625 0.0208333328125 0.7763671875 0.00390625 0.7734375 0 0.7822265625 0.014322917187500001 0.78515625
5 0.05598958281250001 0.8359375 0.05989583281250001 0.8330078125 0.05859375 0.82421875 0.0416666671875 0.8291015625 0.0455729171875 0.8359375 0.05598958281250001 0.8359375