5 0.68359375 0.32421875 0.685546875 0.3059895828125 0.6787109375 0.3020833328125 0.669921875 0.31640625 0.6767578125 0.3307291671875 0.68359375 0.32421875
5 0.86328125 0.27734375 0.8583984375 0.2708333328125 0.8505859375 0.2734375 0.837890625 0.2877604171875 0.8359375 0.30078125 0.8466796875 0.3020833328125 0.86328125 0.28515625 0.86328125 0.27734375
5 0.5421875 0.5296875 0.009375 0.009375
5 0.6796875 0.80546875 0.0109375 0.0140625
5 0.18203125 0.5796875 0.0078125 0.009375
4 0.2546875 0.790625 0.0125 0.0125
5 0.921875 0.40234375 0.921875 0.3893229171875 0.9169921875 0.3776041671875 0.9052734375 0.375 0.8984375 0.3841145828125 0.896484375 0.3997395828125 0.9013671875 0.4114583328125 0.9111328125 0.4140625 0.921875 0.40234375
5 0.7333984375 0.3697916671875 0.736328125 0.3606770828125 0.7294921875 0.3567708328125 0.724609375 0.36328125 0.7275390625 0.3697916671875 0.7333984375 0.3697916671875
2 0.7001953125 0.5078125 0.7080078125 0.5078125 0.7265625 0.48046875 0.724609375 0.4596354171875 0.7099609375 0.4322916671875 0.7041015625 0.4296875 0.6962890625 0.4348958328125 0.69140625 0.4544270828125 0.689453125 0.4830729171875 0.7001953125 0.5078125
5 0.5859375 0.36328125 0.5859375 0.35546875 0.5791015625 0.3463541671875 0.5712890625 0.34375 0.564453125 0.3502604171875 0.560546875 0.3580729171875 0.5615234375 0.375 0.5751953125 0.375 0.5859375 0.36328125
5 0.435546875 0.2643229171875 0.435546875 0.2799479171875 0.4423828125 0.2916666671875 0.451171875 0.27734375 0.453125 0.26171875 0.4462890625 0.2552083328125 0.435546875 0.2643229171875
5 0.453125 0.4231770828125 0.453125 0.41796875 0.4462890625 0.4166666671875 0.443359375 0.4205729171875 0.4443359375 0.4322916671875 0.453125 0.4231770828125
5 0.2021484375 0.3854166671875 0.205078125 0.3763020828125 0.2021484375 0.3723958328125 0.193359375 0.3763020828125 0.1982421875 0.3854166671875 0.2021484375 0.3854166671875
5 0.279296875 0.32421875 0.279296875 0.3111979171875 0.2724609375 0.3098958328125 0.26953125 0.3138020828125 0.2724609375 0.3255208328125 0.279296875 0.32421875
5 0.103515625 0.3736979171875 0.103515625 0.3841145828125 0.1103515625 0.3932291671875 0.115234375 0.38671875 0.1142578125 0.3723958328125 0.1064453125 0.3697916671875 0.103515625 0.3736979171875
5 0.1298828125 0.5208333328125 0.126953125 0.5325520828125 0.1337890625 0.5390625 0.140625 0.5325520828125 0.140625 0.52734375 0.1357421875 0.5208333328125 0.1298828125 0.5208333328125
5 0.1201171875 0.6015625 0.12109375 0.5950520828125 0.1162109375 0.5885416671875 0.111328125 0.5924479171875 0.1142578125 0.6015625 0.1201171875 0.6015625
5 0.0927734375 0.6848958328125 0.0966796875 0.6848958328125 0.0947265625 0.6744791671875 0.0859375 0.6731770828125 0.0927734375 0.6848958328125
5 0.0009765625 0.5494791671875 0.01171875 0.5455729171875 0.0068359375 0.5364583328125 0 0.53515625 0.0009765625 0.5494791671875
5 0.0322265625 0.9401041671874999 0.03515625 0.9283854171874999 0.0302734375 0.921875 0.01953125 0.92578125 0.0263671875 0.9401041671874999 0.0322265625 0.9401041671874999
5 0.1533203125 0.9192708328125001 0.158203125 0.9127604171874999 0.15625 0.9049479171874999 0.1513671875 0.8984375 0.1435546875 0.8984375 0.140625 0.9049479171874999 0.142578125 0.91796875 0.1494140625 0.921875 0.1533203125 0.9192708328125001
5 0.16796875 0.7825520828125 0.1728515625 0.7838541671875 0.177734375 0.7747395828125 0.1689453125 0.7760416671875 0.16796875 0.7825520828125
5 0.1064453125 0.9765625 0.111328125 0.9752604171874999 0.111328125 0.9622395828125001 0.103515625 0.96484375 0.1064453125 0.9765625
4 0.2421875 0.63671875 0.244140625 0.6158854171875 0.2373046875 0.6067708328125 0.2275390625 0.6041666671875 0.216796875 0.6158854171875 0.216796875 0.62890625 0.2275390625 0.6458333328125 0.2353515625 0.6458333328125 0.2421875 0.63671875
4 0.1953125 0.7018229171875 0.1923828125 0.6979166671875 0.1806640625 0.7005208328125 0.177734375 0.71484375 0.1806640625 0.71875 0.1943359375 0.71875 0.197265625 0.7122395828125 0.1953125 0.7018229171875
4 0.394459484375 0.566688596875 0.3917123796875 0.549944334375 0.378369296875 0.559886240625 0.360316890625 0.5604094984375 0.3442267015625 0.5740142109375 0.337555159375 0.570351403125 0.3336307234375 0.559886240625 0.32931384375 0.5400024296875 0.345703125 0.49609375 0.3330078125 0.46875 0.3154296875 0.46875 0.299095684375 0.49657200156250003 0.30027301562500003 0.5237814265625 0.28536015625 0.5400024296875 0.267578125 0.5455729171875 0.255859375 0.6080729171875 0.2607421875 0.6328125 0.3115234375 0.6328125 0.3212890625 0.6276041671875 0.33009873125 0.6017468921875 0.36267155156249997 0.5991306015625 0.376799521875 0.5923282453125001 0.38935771875 0.5860491484375 0.394459484375 0.566688596875
5 0.451171875 0.7174479171875 0.427734375 0.8033854171874999 0.4306640625 0.8177083328125001 0.4609375 0.7643229171875 0.4609375 0.7200520828125 0.4580078125 0.7161458328125 0.451171875 0.7174479171875
5 0.5595703125 0.8932291671874999 0.5673828125 0.8958333328125001 0.580078125 0.8815104171874999 0.583984375 0.8684895828125001 0.58203125 0.8502604171874999 0.5751953125 0.8411458328125001 0.5673828125 0.8411458328125001 0.552734375 0.8580729171874999 0.55078125 0.87890625 0.5595703125 0.8932291671874999
5 0.58203125 0.8919270828125001 0.5888671875 0.8958333328125001 0.59765625 0.87890625 0.5888671875 0.8802083328125001 0.58203125 0.8919270828125001
5 0.525390625 0.9231770828125001 0.5341796875 0.9244791671874999 0.537109375 0.91015625 0.5283203125 0.90625 0.525390625 0.9231770828125001
5 0.4482421875 0.9088541671874999 0.4423828125 0.90625 0.43359375 0.9127604171874999 0.4345703125 0.9375 0.4443359375 0.9401041671874999 0.455078125 0.9309895828125001 0.455078125 0.91796875 0.4482421875 0.9088541671874999
5 0.162109375 0.80078125 0.1552734375 0.7942708328125 0.150390625 0.8033854171874999 0.13671875 0.85546875 0.1396484375 0.8671875 0.15234375 0.8580729171874999 0.171875 0.8216145828125001 0.162109375 0.80078125
5 0.3798828125 0.1692708328125 0.38671875 0.16015625 0.388671875 0.1471354171875 0.3818359375 0.1380208328125 0.3720703125 0.140625 0.3671875 0.1497395828125 0.369140625 0.1627604171875 0.3740234375 0.1692708328125 0.3798828125 0.1692708328125
5 0.33990982187499996 0.2637221171875 0.336377828125 0.2637221171875 0.3316685046875 0.265291890625 0.3304911734375 0.27261750625 0.3332382796875 0.2762803125 0.335985384375 0.2757570546875 0.339124934375 0.273664021875 0.34108715156249997 0.26790818125000004 0.33990982187499996 0.2637221171875
5 0.35325290468750004 0.3066292859375 0.35011335625 0.3055827703125 0.345796475 0.3055827703125 0.3430493703125 0.31029209375 0.34461914375 0.31657119218749996 0.34697380624999996 0.3176177078125 0.3508982421875 0.31709445 0.3540377921875 0.3108153515625 0.35325290468750004 0.3066292859375
5 0.3242120765625 0.300873446875 0.3238196328125 0.29668738125 0.3218574140625 0.293024575 0.316755646875 0.29354783281249996 0.31400854218749996 0.29668738125 0.3132236546875 0.3013967046875 0.316363203125 0.3045362546875 0.318717865625 0.306106028125 0.32107252656249996 0.3050595125 0.3242120765625 0.300873446875
4 0.37109375 0.72265625 0.341796875 0.6653645828125 0.3134765625 0.6380208328125 0.2802734375 0.6354166671875 0.2041015625 0.671875 0.1953125 0.6809895828125 0.193359375 0.6966145828125 0.19921875 0.7799479171875 0.224609375 0.9205729171874999 0.236328125 0.9466145828125001 0.2724609375 0.984375 0.2978515625 0.9817708328125001 0.3349609375 0.9479166671874999 0.349609375 0.9231770828125001 0.35546875 0.8971354171874999 0.3671875 0.7981770828125 0.37109375 0.72265625
4 0.2919921875 0.9270833328125001 0.2783203125 0.9270833328125001 0.2734375 0.9388020828125001 0.2734375 0.9440104171874999 0.2841796875 0.9557291671874999 0.296875 0.9466145828125001 0.296875 0.93359375 0.2919921875 0.9270833328125001
5 0.4089799 0.8335502625 0.4113345609375 0.8293641968750001 0.4117270046875 0.8251781312500001 0.407410125 0.8194222906249999 0.4019159140625 0.8215153234375 0.396814146875 0.8283176796875 0.398383921875 0.830933971875 0.4019159140625 0.8335502625 0.4050554625 0.8335502625 0.4089799 0.8335502625
5 0.4019159140625 0.83721306875 0.4011310265625 0.8429689093749999 0.40270080156250004 0.844015425 0.40466301875 0.8450619421875001 0.40937234375 0.8429689093749999 0.4101572296875 0.8398293593749999 0.40584034999999996 0.8340735203125 0.4019159140625 0.83721306875
5 0.4066252375 0.88849236875 0.40466301875 0.884306303125 0.39367459843749997 0.88849236875 0.39995369531249997 0.8958179828124999 0.4042705765625 0.8958179828124999 0.4066252375 0.88849236875
2 0.3857421875 0.7916666671875 0.404296875 0.7721354171875 0.41796875 0.7330729171875 0.3974609375 0.7057291671875 0.3779296875 0.6901041671875 0.3623046875 0.6875 0.359375 0.69921875 0.365234375 0.76953125 0.3740234375 0.7890625 0.3857421875 0.7916666671875
5 0.388671875 0.6263020828125 0.3876953125 0.6197916671875 0.3740234375 0.6171875 0.37109375 0.62890625 0.3837890625 0.6354166671875 0.388671875 0.6263020828125
5 0.400390625 0.5221354171875 0.3896484375 0.5208333328125 0.380859375 0.52734375 0.37890625 0.5403645828125 0.3837890625 0.5494791671875 0.3955078125 0.5494791671875 0.3984375 0.5455729171875 0.400390625 0.5221354171875
5 0.484375 0.58984375 0.484375 0.58203125 0.4755859375 0.578125 0.47265625 0.5846354171875 0.4794921875 0.59375 0.484375 0.58984375
5 0.447265625 0.6106770828125 0.4560546875 0.6145833328125 0.458984375 0.60546875 0.4501953125 0.6015625 0.447265625 0.6106770828125
5 0.4717708796875 0.689654265625 0.47412554062499995 0.689654265625 0.47648020312500006 0.6859914578125 0.475695315625 0.681282134375 0.4721633234375 0.6797123593750001 0.4705935484375 0.68023561875 0.4702011046875 0.682851909375 0.4705935484375 0.6886077484375 0.4717708796875 0.689654265625