2 0.21354166718749998 0.1728515625 0.22135416718749998 0.1630859375 0.22395833281250002 0.1455078125 0.23828125 0.134765625 0.24869791718749998 0.134765625 0.2760416671875 0.1123046875 0.28125 0.1005859375 0.28125 0.0830078125 0.2721354171875 0.076171875 0.25390625 0.07421875 0.23828125 0.06640625 0.20182291718749998 0.06640625 0.1705729171875 0.0703125 0.1536458328125 0.0771484375 0.1328125 0.1201171875 0.1302083328125 0.1572265625 0.1653645828125 0.18359375 0.1809895828125 0.1875 0.1927083328125 0.1865234375 0.21354166718749998 0.1728515625
2 0.29296875 0.142578125 0.296875 0.1455078125 0.296875 0.1611328125 0.29296875 0.1640625 0.2903645828125 0.16015625 0.2864583328125 0.1611328125 0.2890625 0.2138671875 0.2916666671875 0.2255859375 0.30859375 0.236328125 0.3151041671875 0.2353515625 0.3255208328125 0.2255859375 0.328125 0.2001953125 0.3359375 0.1884765625 0.3385416671875 0.1748046875 0.3541666671875 0.1591796875 0.3567708328125 0.1513671875 0.3854166671875 0.1337890625 0.3880208328125 0.1259765625 0.375 0.1044921875 0.3606770828125 0.09375 0.31640625 0.08203125 0.2825520828125 0.08203125 0.2786458328125 0.0869140625 0.28125 0.0888671875 0.2786458328125 0.1103515625 0.2682291671875 0.1240234375 0.2838541671875 0.1357421875 0.2864583328125 0.1474609375 0.2903645828125 0.1484375 0.29296875 0.142578125
5 0.6783854171875 0.34375 0.6692708328125 0.3525390625 0.6692708328125 0.3583984375 0.6809895828125 0.3671875 0.6875 0.3662109375 0.6953125 0.3583984375 0.6953125 0.3466796875 0.69140625 0.34375 0.6783854171875 0.34375
5 0.8450520828125001 0.44921875 0.8333333328125001 0.4580078125 0.8307291671874999 0.4658203125 0.83984375 0.474609375 0.8489583328125001 0.4755859375 0.8619791671874999 0.4697265625 0.8619791671874999 0.4580078125 0.85546875 0.451171875 0.8450520828125001 0.44921875
5 0.9908854171874999 0.74609375 0.9765625 0.7568359375 0.9765625 0.7666015625 0.9856770828125001 0.7734375 0.9973958328125001 0.7724609375 1 0.7470703125 0.9908854171874999 0.74609375
5 0.94921875 0.470703125 0.9583333328125001 0.4697265625 0.9661458328125001 0.4638671875 0.9661458328125001 0.4560546875 0.9622395828125001 0.453125 0.94921875 0.455078125 0.9453125 0.4619140625 0.94921875 0.470703125
5 0.8151041671874999 0.3935546875 0.8177083328125001 0.3876953125 0.8111979171874999 0.384765625 0.8072916671874999 0.3916015625 0.8151041671874999 0.3935546875
5 0.8736979171874999 0.96484375 0.8645833328125001 0.9697265625 0.8645833328125001 0.9736328125 0.8684895828125001 0.9765625 0.875 0.9755859375 0.8776041671874999 0.9677734375 0.8736979171874999 0.96484375
5 0.8802083328125001 0.8720703125 0.8919270828125001 0.87109375 0.9036458328125001 0.8642578125 0.90625 0.8466796875 0.8997395828125001 0.83984375 0.8841145828125001 0.841796875 0.8736979171874999 0.83984375 0.859375 0.8525390625 0.8619791671874999 0.8623046875 0.8736979171874999 0.87109375 0.8802083328125001 0.8720703125
5 0.9856770828125001 0.220703125 0.9778645828125001 0.220703125 0.9713541671874999 0.2314453125 0.9778645828125001 0.236328125 0.9895833328125001 0.2353515625 0.9921875 0.2255859375 0.9856770828125001 0.220703125
5 0.7916666671875 0.3369140625 0.7916666671875 0.3291015625 0.7877604171875 0.328125 0.7838541671875 0.3369140625 0.7916666671875 0.3369140625
5 0.7057291671875 0.5146484375 0.6979166671875 0.5283203125 0.6953125 0.5458984375 0.7122395828125 0.564453125 0.734375 0.5654296875 0.7591145828125 0.560546875 0.7682291671875 0.5517578125 0.7682291671875 0.5439453125 0.7552083328125 0.5263671875 0.7526041671875 0.5166015625 0.73046875 0.505859375 0.72265625 0.505859375 0.7057291671875 0.5146484375
5 0.2591145828125 0.337890625 0.25390625 0.337890625 0.25 0.3466796875 0.25390625 0.349609375 0.2604166671875 0.3486328125 0.2630208328125 0.3427734375 0.2591145828125 0.337890625
5 0.9765625 0.4033203125 0.9791666671874999 0.3955078125 0.9674479171874999 0.392578125 0.9661458328125001 0.4033203125 0.9765625 0.4033203125
5 0.7994791671875 0.6962890625 0.8020833328125001 0.6884765625 0.7981770828125 0.685546875 0.7916666671875 0.6904296875 0.7916666671875 0.6943359375 0.7994791671875 0.6962890625
5 0.8098958328125001 0.1396484375 0.8151041671874999 0.1357421875 0.8111979171874999 0.12890625 0.8020833328125001 0.1337890625 0.8020833328125001 0.1376953125 0.8098958328125001 0.1396484375
5 0.2513020828125 0.28125 0.2421875 0.2861328125 0.2421875 0.2919921875 0.2513020828125 0.298828125 0.2578125 0.2998046875 0.265625 0.2958984375 0.265625 0.2861328125 0.2591145828125 0.28125 0.2513020828125 0.28125
2 0.3346354171875 0.345703125 0.3138020828125 0.345703125 0.2981770828125 0.357421875 0.2877604171875 0.359375 0.2747395828125 0.369140625 0.2669270828125 0.37109375 0.25 0.3876953125 0.24479166718749998 0.3994140625 0.24739583281250002 0.4228515625 0.265625 0.4482421875 0.30078125 0.46875 0.3125 0.4677734375 0.3307291671875 0.4658203125 0.3229166671875 0.4638671875 0.3333333328125 0.4580078125 0.3307291671875 0.4560546875 0.3359375 0.4521484375 0.3333333328125 0.4384765625 0.3450520828125 0.427734375 0.3515625 0.4287109375 0.3541666671875 0.4208984375 0.3541666671875 0.3779296875 0.3723958328125 0.3720703125 0.3645833328125 0.3701171875 0.3658854171875 0.3671875 0.3723958328125 0.3662109375 0.37109375 0.359375 0.3658854171875 0.359375 0.36328125 0.35546875 0.3580729171875 0.357421875 0.34765625 0.34765625 0.3346354171875 0.345703125