5 0.984375 0.2392578125 0.97265625 0.23828125 0.9700520828125001 0.248046875 0.98046875 0.251953125 0.984375 0.2392578125
5 0.4908854171875 0.697265625 0.4986979171875 0.69921875 0.5091145828125 0.697265625 0.515625 0.6904296875 0.515625 0.6806640625 0.51171875 0.677734375 0.49609375 0.677734375 0.4869791671875 0.6845703125 0.48828125 0.693359375 0.4908854171875 0.697265625
4 0.5716145828125 0.818359375 0.5520833328125 0.8310546875 0.5260416671875 0.8564453125 0.515625 0.8740234375 0.5182291671875 0.8857421875 0.5104166671875 0.9521484375 0.51171875 0.982421875 0.5169270828125 1 0.6796875 0.9990234375 0.6848958328125 0.9267578125 0.6901041671875 0.9169921875 0.6901041671875 0.8779296875 0.6796875 0.8525390625 0.671875 0.8427734375 0.6236979171875 0.80859375 0.6002604171875 0.80859375 0.5716145828125 0.818359375
5 0.8268229171874999 0.689453125 0.8333333328125001 0.6748046875 0.8333333328125001 0.6669921875 0.8268229171874999 0.662109375 0.8190104171874999 0.662109375 0.8151041671874999 0.6669921875 0.81640625 0.6796875 0.8177083328125001 0.6884765625 0.8268229171874999 0.689453125
4 0.5533854171875 0.94140625 0.5572916671875 0.9384765625 0.5572916671875 0.9248046875 0.5481770828125 0.919921875 0.5403645828125 0.919921875 0.5364583328125 0.9228515625 0.53515625 0.9375 0.5403645828125 0.94140625 0.5533854171875 0.94140625
5 0.21484375 0.716796875 0.21614583281250002 0.7294921875 0.22135416718749998 0.7373046875 0.23307291718749998 0.740234375 0.25 0.7080078125 0.25 0.6884765625 0.23828125 0.6640625 0.23046875 0.6640625 0.21875 0.6767578125 0.21354166718749998 0.6982421875 0.21484375 0.716796875
4 0.5924479171875 0.94921875 0.5963541671875 0.9462890625 0.5963541671875 0.9345703125 0.5872395828125 0.9296875 0.5794270828125 0.931640625 0.5729166671875 0.9365234375 0.57421875 0.943359375 0.58203125 0.94921875 0.5924479171875 0.94921875
4 0.2799479171875 0.919921875 0.2734375 0.9208984375 0.2721354171875 0.93359375 0.27734375 0.9375 0.2838541671875 0.9345703125 0.2838541671875 0.9228515625 0.2799479171875 0.919921875
5 0.4986979171875 0.69921875 0.5091145828125 0.697265625 0.515625 0.6904296875 0.5130208328125 0.6767578125 0.49609375 0.677734375 0.4869791671875 0.6845703125 0.48828125 0.69140625 0.4908854171875 0.697265625 0.4986979171875 0.69921875
4 0.21223958281250002 0.921875 0.21354166718749998 0.9306640625 0.22526041718749998 0.943359375 0.23828125 0.943359375 0.25 0.9306640625 0.24479166718749998 0.9248046875 0.24739583281250002 0.9130859375 0.23567708281250002 0.90625 0.22005208281250002 0.904296875 0.2109375 0.9130859375 0.21223958281250002 0.921875
4 0.24869791718749998 1 0.2526041671875 0.9970703125 0.2578125 0.9853515625 0.2578125 0.9755859375 0.25390625 0.970703125 0.24479166718749998 0.9775390625 0.23697916718749998 0.9931640625 0.23828125 1 0.24869791718749998 1
5 0.6653645828125 0.75390625 0.6770833328125 0.7509765625 0.6848958328125 0.7392578125 0.6848958328125 0.7275390625 0.6783854171875 0.720703125 0.6627604171875 0.720703125 0.6588541671875 0.7236328125 0.6536458328125 0.7314453125 0.6549479171875 0.7421875 0.6653645828125 0.75390625
5 0.6822916671875 0.7724609375 0.6731770828125 0.763671875 0.6627604171875 0.765625 0.6484375 0.7763671875 0.6471354171875 0.794921875 0.6549479171875 0.796875 0.6770833328125 0.7861328125 0.6822916671875 0.7724609375
5 0.6458333328125 0.7041015625 0.6393229171875 0.6953125 0.609375 0.7177734375 0.6015625 0.7451171875 0.6041666671875 0.7783203125 0.59765625 0.79296875 0.6002604171875 0.802734375 0.6106770828125 0.802734375 0.62109375 0.806640625 0.6341145828125 0.806640625 0.6484375 0.7939453125 0.6458333328125 0.7880859375 0.6484375 0.7724609375 0.65625 0.7548828125 0.6432291671875 0.7255859375 0.6458333328125 0.7041015625
5 0.2682291671875 0.7802734375 0.2799479171875 0.7890625 0.2877604171875 0.7890625 0.2994791671875 0.7783203125 0.2994791671875 0.7705078125 0.2903645828125 0.759765625 0.2799479171875 0.7578125 0.265625 0.7705078125 0.2669270828125 0.775390625 0.2682291671875 0.7802734375
5 0.23307291718749998 0.814453125 0.2565104171875 0.8125 0.2682291671875 0.7919921875 0.265625 0.7587890625 0.2565104171875 0.751953125 0.24348958281250002 0.748046875 0.234375 0.7529296875 0.2265625 0.7646484375 0.22786458281250002 0.806640625 0.23307291718749998 0.814453125
5 0.3385416671875 0.9443359375 0.3372395828125 0.962890625 0.3411458328125 0.9697265625 0.3385416671875 0.9892578125 0.3450520828125 0.994140625 0.3502604171875 0.994140625 0.3567708328125 0.9814453125 0.3619791671875 0.9541015625 0.3619791671875 0.9404296875 0.3580729171875 0.9375 0.34765625 0.9375 0.3385416671875 0.9443359375