5 0.6044921875 0.296875 0.5986328125 0.2864583328125 0.5927734375 0.2864583328125 0.5859375 0.2955729171875 0.5859375 0.30859375 0.5947265625 0.3151041671875 0.6025390625 0.3125 0.6044921875 0.296875
5 0.3408203125 0.6145833328125 0.3408203125 0.6067708328125 0.3330078125 0.609375 0.330078125 0.6184895828125 0.3349609375 0.6197916671875 0.3408203125 0.6145833328125
4 0.0400390625 0.796875 0.037109375 0.7877604171875 0.0283203125 0.78125 0.013671875 0.7903645828125 0.013671875 0.7981770828125 0.0263671875 0.8098958328125001 0.0361328125 0.8098958328125001 0.0400390625 0.796875
4 0.0205078125 0.765625 0.0146484375 0.7578125 0.0087890625 0.7578125 0.00390625 0.7643229171875 0.00390625 0.76953125 0.0107421875 0.7734375 0.0185546875 0.7708333328125 0.0205078125 0.765625
5 0.1416015625 0.8177083328125001 0.1435546875 0.8098958328125001 0.1337890625 0.8046875 0.130859375 0.8138020828125001 0.1337890625 0.8177083328125001 0.1416015625 0.8177083328125001
5 0.009765625 0.5716145828125 0.009765625 0.5794270828125 0.0146484375 0.5859375 0.021484375 0.58203125 0.0205078125 0.5755208328125 0.0146484375 0.5651041671875 0.009765625 0.5716145828125
4 0.212890625 0.81640625 0.2119140625 0.8098958328125001 0.2041015625 0.8098958328125001 0.201171875 0.81640625 0.2080078125 0.8203125 0.212890625 0.81640625
4 0.2255859375 0.7734375 0.2197265625 0.7708333328125 0.216796875 0.7799479171875 0.2119140625 0.78125 0.20703125 0.7903645828125 0.2158203125 0.7916666671875 0.2265625 0.77734375 0.2255859375 0.7734375
4 0.21875 0.7955729171875 0.2294921875 0.7942708328125 0.2314453125 0.7864583328125 0.2197265625 0.7890625 0.21875 0.7955729171875
4 0.2373046875 0.7578125 0.228515625 0.7747395828125 0.2373046875 0.7786458328125 0.2509765625 0.7708333328125 0.2509765625 0.7578125 0.2490234375 0.7552083328125 0.2373046875 0.7578125
4 0.2578125 0.7591145828125 0.2578125 0.7643229171875 0.2705078125 0.7630208328125 0.2734375 0.7591145828125 0.2724609375 0.7526041671875 0.2646484375 0.75 0.2578125 0.7591145828125
4 0.291015625 0.7591145828125 0.2900390625 0.7526041671875 0.2822265625 0.7526041671875 0.28125 0.76171875 0.2880859375 0.7630208328125 0.291015625 0.7591145828125
5 0.3701171875 0.9322916671874999 0.3642578125 0.9244791671874999 0.3486328125 0.9270833328125001 0.345703125 0.9440104171874999 0.3505859375 0.9505208328125001 0.3662109375 0.9505208328125001 0.37109375 0.94140625 0.3701171875 0.9322916671874999
5 0.4326171875 0.7578125 0.4267578125 0.7552083328125 0.416015625 0.7721354171875 0.416015625 0.7825520828125 0.4208984375 0.7890625 0.4287109375 0.7864583328125 0.43359375 0.7799479171875 0.4326171875 0.7578125
5 0.4140625 0.8346354171874999 0.4130859375 0.8307291671874999 0.4111328125 0.8255208328125001 0.40625 0.8268229171874999 0.4091796875 0.8385416671874999 0.4140625 0.8346354171874999
5 0.314453125 0.7747395828125 0.3193359375 0.78125 0.3271484375 0.78125 0.33203125 0.7747395828125 0.3310546875 0.7682291671875 0.3291015625 0.7630208328125 0.3232421875 0.7604166671875 0.3154296875 0.7604166671875 0.3125 0.7643229171875 0.314453125 0.7747395828125
5 0.5673828125 0.96875 0.5634765625 0.9557291671874999 0.5595703125 0.9557291671874999 0.5546875 0.9622395828125001 0.5546875 0.9700520828125001 0.5595703125 0.9765625 0.5654296875 0.9765625 0.5673828125 0.96875
5 0.8623046875 0.9036458328125001 0.87109375 0.88671875 0.8701171875 0.8802083328125001 0.8662109375 0.8723958328125001 0.8623046875 0.8723958328125001 0.849609375 0.8919270828125001 0.84765625 0.90234375 0.8525390625 0.9088541671874999 0.8623046875 0.9036458328125001
5 0.935546875 0.9544270828125001 0.9345703125 0.9401041671874999 0.92578125 0.9440104171874999 0.92578125 0.9518229171874999 0.9306640625 0.9583333328125001 0.935546875 0.9544270828125001
5 0.9638671875 0.9557291671874999 0.953125 0.9700520828125001 0.9580078125 0.9765625 0.9716796875 0.9739583328125001 0.9755859375 0.9609375 0.9716796875 0.9557291671874999 0.9638671875 0.9557291671874999
5 0.93359375 0.8736979171874999 0.9384765625 0.875 0.9404296875 0.8671875 0.9345703125 0.8671875 0.93359375 0.8736979171874999
5 0.845703125 0.09505208281250001 0.8447265625 0.09114583281250001 0.8369140625 0.08854166718749999 0.830078125 0.1002604171875 0.8388671875 0.1041666671875 0.845703125 0.09505208281250001
5 0.619140625 0.1341145828125 0.6181640625 0.125 0.6103515625 0.1223958328125 0.607421875 0.13671875 0.6162109375 0.140625 0.619140625 0.1341145828125
5 0.6923828125 0.1302083328125 0.6962890625 0.1197916671875 0.6923828125 0.1145833328125 0.68359375 0.1236979171875 0.6865234375 0.1302083328125 0.6923828125 0.1302083328125
5 0.4326171875 0.4401041671875 0.4267578125 0.4322916671875 0.4228515625 0.4322916671875 0.419921875 0.4388020828125 0.419921875 0.4466145828125 0.4267578125 0.4609375 0.43359375 0.45703125 0.4326171875 0.4401041671875
5 0.23828125 0.6627604171875 0.2451171875 0.6666666671875 0.2451171875 0.6588541671875 0.2392578125 0.6588541671875 0.23828125 0.6627604171875
5 0.2119140625 0.71875 0.2119140625 0.7135416671875 0.2080078125 0.7083333328125 0.205078125 0.7096354171875 0.2060546875 0.71875 0.2119140625 0.71875
5 0.091796875 0.33203125 0.0966796875 0.3385416671875 0.1005859375 0.3385416671875 0.103515625 0.3346354171875 0.1025390625 0.3255208328125 0.0947265625 0.3255208328125 0.091796875 0.33203125
2 0.7705078125 1 0.771484375 0.9830729171874999 0.77734375 0.9674479171874999 0.78515625 0.95703125 0.775390625 0.92578125 0.77734375 0.8997395828125001 0.78515625 0.87890625 0.7841796875 0.8723958328125001 0.755859375 0.8372395828125001 0.7509765625 0.8229166671874999 0.7373046875 0.8151041671874999 0.7177734375 0.8203125 0.7099609375 0.8177083328125001 0.6982421875 0.828125 0.6875 0.84765625 0.68359375 0.86328125 0.685546875 0.8658854171874999 0.68359375 0.87109375 0.685546875 0.94921875 0.677734375 0.96484375 0.6796875 0.9934895828125001 0.6865234375 1 0.7705078125 1
5 0.1943359375 0.421875 0.19921875 0.4153645828125 0.1982421875 0.3932291671875 0.1923828125 0.3854166671875 0.1787109375 0.3854166671875 0.17578125 0.3893229171875 0.17578125 0.4049479171875 0.1865234375 0.4244791671875 0.1943359375 0.421875
5 0.212890625 0.51171875 0.2109375 0.5221354171875 0.2138671875 0.5286458328125 0.2265625 0.51953125 0.2255859375 0.5 0.2197265625 0.4973958328125 0.212890625 0.51171875
5 0.6142578125 0.7942708328125 0.6064453125 0.7890625 0.599609375 0.7955729171875 0.599609375 0.8033854171874999 0.6044921875 0.8098958328125001 0.6123046875 0.8098958328125001 0.615234375 0.8059895828125001 0.6142578125 0.7942708328125
5 0.5458984375 0.7473958328125 0.5419921875 0.7421875 0.5322265625 0.7473958328125 0.529296875 0.7513020828125 0.53125 0.76171875 0.5439453125 0.765625 0.546875 0.7565104171875 0.5458984375 0.7473958328125
5 0.5068359375 0.6276041671875 0.515625 0.6236979171875 0.5146484375 0.6145833328125 0.505859375 0.6184895828125 0.5068359375 0.6276041671875