5 0.41015625 0.58984375 0.42578125 0.6471354171875 0.4306640625 0.6536458328125 0.4462890625 0.6536458328125 0.4873046875 0.6458333328125 0.5029296875 0.6302083328125 0.525390625 0.5950520828125 0.525390625 0.52734375 0.509765625 0.4986979171875 0.4990234375 0.4869791671875 0.4794921875 0.4765625 0.4541015625 0.4765625 0.4345703125 0.484375 0.42578125 0.4934895828125 0.40625 0.53515625 0.41015625 0.58984375
5 0.337890625 0.4231770828125 0.337890625 0.44921875 0.3447265625 0.4609375 0.3583984375 0.4635416671875 0.380859375 0.4388020828125 0.380859375 0.4309895828125 0.3701171875 0.4114583328125 0.3466796875 0.4140625 0.337890625 0.4231770828125
5 0.3974609375 0.7213541671875 0.4091796875 0.7239583328125 0.421875 0.7122395828125 0.4111328125 0.6848958328125 0.4033203125 0.6822916671875 0.39453125 0.6940104171875 0.392578125 0.7122395828125 0.3974609375 0.7213541671875
5 0.501953125 0.7903645828125 0.4951171875 0.765625 0.4853515625 0.7630208328125 0.474609375 0.77734375 0.4775390625 0.7942708328125 0.4951171875 0.796875 0.501953125 0.7903645828125
5 0.5849609375 0.9557291671874999 0.5771484375 0.9557291671874999 0.5615234375 0.9661458328125001 0.556640625 0.98046875 0.5595703125 0.9947916671874999 0.5751953125 0.9973958328125001 0.5869140625 0.9895833328125001 0.591796875 0.98046875 0.58984375 0.9622395828125001 0.5849609375 0.9557291671874999
5 0.6826171875 0.1953125 0.693359375 0.16796875 0.693359375 0.14453125 0.6875 0.1263020828125 0.6611328125 0.09114583281250001 0.6416015625 0.09114583281250001 0.6240234375 0.1067708328125 0.61328125 0.1263020828125 0.60546875 0.1575520828125 0.6083984375 0.1796875 0.6494140625 0.20052083281250002 0.6611328125 0.203125 0.6826171875 0.1953125
5 0.7666015625 0.5130208328125 0.7822265625 0.5130208328125 0.79296875 0.4986979171875 0.79296875 0.4908854171875 0.7841796875 0.4765625 0.771484375 0.48046875 0.765625 0.4986979171875 0.7666015625 0.5130208328125
5 0.779296875 0.5455729171875 0.779296875 0.5638020828125 0.7841796875 0.5729166671875 0.7978515625 0.5755208328125 0.8046875 0.56640625 0.8046875 0.5533854171875 0.7900390625 0.5390625 0.7841796875 0.5390625 0.779296875 0.5455729171875
5 0.83203125 0.5924479171875 0.8369140625 0.5989583328125 0.8505859375 0.5963541671875 0.8515625 0.5768229171875 0.8427734375 0.5677083328125 0.8369140625 0.5703125 0.83203125 0.5794270828125 0.83203125 0.5924479171875
5 0.9462890625 0.3932291671875 0.9541015625 0.3958333328125 0.9609375 0.38671875 0.9609375 0.37109375 0.9521484375 0.3619791671875 0.9462890625 0.3619791671875 0.94140625 0.37109375 0.9462890625 0.3932291671875
5 0.9697265625 0.2604166671875 0.96484375 0.2669270828125 0.958984375 0.2981770828125 0.9697265625 0.3125 0.9833984375 0.3098958328125 0.994140625 0.2981770828125 0.99609375 0.27734375 0.9853515625 0.2604166671875 0.9697265625 0.2604166671875
5 0.8251953125 0.3776041671875 0.837890625 0.37890625 0.83984375 0.36328125 0.8369140625 0.3567708328125 0.8251953125 0.3567708328125 0.822265625 0.3606770828125 0.8203125 0.3684895828125 0.8251953125 0.3776041671875
5 0.912109375 0.06901041718749999 0.91015625 0.08723958281250001 0.919921875 0.12109375 0.9384765625 0.1536458328125 0.9501953125 0.1588541671875 1 0.16015625 0.9990234375 0.03125 0.9697265625 0.0234375 0.9404296875 0.03125 0.912109375 0.06901041718749999
5 0.380859375 0.5794270828125 0.3720703125 0.5729166671875 0.3564453125 0.5755208328125 0.353515625 0.5846354171875 0.3583984375 0.5911458328125 0.3759765625 0.59375 0.380859375 0.5794270828125
5 0.0771484375 0.6432291671875 0.0556640625 0.6354166671875 0.041015625 0.6653645828125 0.041015625 0.6731770828125 0.0498046875 0.6901041671875 0.0673828125 0.7057291671875 0.0732421875 0.7057291671875 0.087890625 0.68359375 0.08984375 0.6575520828125 0.0771484375 0.6432291671875
5 0.12890625 0.65234375 0.1240234375 0.6458333328125 0.1162109375 0.6484375 0.0966796875 0.6640625 0.0966796875 0.6692708328125 0.1162109375 0.6692708328125 0.12890625 0.65234375
5 0.177734375 0.9986979171874999 0.1689453125 0.9713541671874999 0.1435546875 0.9661458328125001 0.126953125 0.97265625 0.126953125 0.99609375 0.1298828125 1 0.177734375 0.9986979171874999
5 0.2978515625 1 0.30078125 0.9934895828125001 0.30078125 0.9674479171874999 0.291015625 0.93359375 0.2685546875 0.9140625 0.2509765625 0.921875 0.2421875 0.94140625 0.2421875 0.9544270828125001 0.2529296875 0.9947916671874999 0.2587890625 1 0.2978515625 1
5 0.3583984375 0.8880208328125001 0.3115234375 0.8880208328125001 0.296875 0.91015625 0.294921875 0.92578125 0.30078125 0.9986979171874999 0.3779296875 1 0.384765625 0.9934895828125001 0.39453125 0.9596354171874999 0.39453125 0.92578125 0.3583984375 0.8880208328125001