5 0.8125 0.3203125 0.01875 0.021875
5 0.45703125 0.02265625 0.028125 0.0203125
5 0.92890625 0.01484375 0.06875 0.0296875
5 0.8296875 0.0640625 0.0203125 0.034375
5 0.1181640625 0.84375 0.1337890625 0.8463541671874999 0.142578125 0.8372395828125001 0.142578125 0.80859375 0.1337890625 0.7916666671875 0.1083984375 0.7890625 0.1015625 0.8059895828125001 0.1181640625 0.84375
5 0.1591796875 0.7942708328125 0.15234375 0.8033854171874999 0.15234375 0.8190104171874999 0.1572265625 0.8255208328125001 0.1689453125 0.8255208328125001 0.173828125 0.81640625 0.171875 0.80078125 0.1669921875 0.7942708328125 0.1591796875 0.7942708328125
5 0.1142578125 0.5598958328125 0.109375 0.5690104171875 0.1103515625 0.59375 0.1259765625 0.5963541671875 0.1318359375 0.5911458328125 0.138671875 0.58203125 0.13671875 0.5638020828125 0.1220703125 0.5572916671875 0.1142578125 0.5598958328125
5 0 0.5950520828125 0.0087890625 0.5963541671875 0.0146484375 0.5911458328125 0.03125 0.5611979171875 0.0234375 0.51953125 0.0068359375 0.5078125 0 0.5091145828125 0 0.5950520828125
5 0 0.6575520828125 0.0068359375 0.6666666671875 0.0126953125 0.6666666671875 0.0234375 0.6497395828125 0.021484375 0.63671875 0.0185546875 0.6328125 0.0009765625 0.6328125 0 0.6575520828125
5 0.005859375 0.62109375 0.005859375 0.62890625 0.0244140625 0.6276041671875 0.02734375 0.6184895828125 0.0166015625 0.609375 0.005859375 0.62109375
5 0.21484375 0.7591145828125 0.2216796875 0.7682291671875 0.2275390625 0.7682291671875 0.232421875 0.76171875 0.23046875 0.7513020828125 0.2216796875 0.7395833328125 0.21484375 0.7434895828125 0.21484375 0.7591145828125
5 0.2265625 0.9518229171874999 0.2548828125 0.9869791671874999 0.2919921875 0.9895833328125001 0.3134765625 0.984375 0.337890625 0.9518229171874999 0.34375 0.9361979171874999 0.34375 0.9075520828125001 0.328125 0.8658854171874999 0.3173828125 0.8515625 0.2998046875 0.8411458328125001 0.2763671875 0.8385416671874999 0.2548828125 0.8489583328125001 0.240234375 0.8658854171874999 0.2265625 0.90234375 0.22265625 0.93359375 0.2265625 0.9518229171874999
5 0.3447265625 0.90625 0.341796875 0.9153645828125001 0.34375 0.93359375 0.3486328125 0.9401041671874999 0.3623046875 0.9348958328125001 0.365234375 0.9283854171874999 0.36328125 0.9153645828125001 0.3544921875 0.90625 0.3447265625 0.90625
5 0.390625 0.83203125 0.3818359375 0.8151041671874999 0.3662109375 0.8098958328125001 0.361328125 0.81640625 0.365234375 0.83984375 0.3759765625 0.8489583328125001 0.390625 0.83203125
5 0.3291015625 0.6770833328125 0.3388671875 0.6796875 0.34375 0.6731770828125 0.34375 0.6653645828125 0.3388671875 0.6588541671875 0.3291015625 0.6588541671875 0.326171875 0.66796875 0.3291015625 0.6770833328125
5 0.4013671875 0.5807291671875 0.4072265625 0.5833333328125 0.416015625 0.57421875 0.416015625 0.5638020828125 0.4091796875 0.5546875 0.4013671875 0.5572916671875 0.3984375 0.5638020828125 0.4013671875 0.5807291671875
5 0.384765625 0.24348958281250002 0.384765625 0.23567708281250002 0.3603515625 0.22916666718749998 0.357421875 0.23567708281250002 0.3642578125 0.24739583281250002 0.3779296875 0.2526041671875 0.384765625 0.24348958281250002
5 0.4267578125 0.171875 0.421875 0.1783854171875 0.423828125 0.19140625 0.4287109375 0.1979166671875 0.4423828125 0.1979166671875 0.447265625 0.19140625 0.447265625 0.18359375 0.4384765625 0.171875 0.4267578125 0.171875
5 0.41796875 0.12109375 0.41796875 0.12890625 0.4267578125 0.1380208328125 0.4345703125 0.140625 0.4453125 0.12890625 0.4453125 0.1158854171875 0.4365234375 0.1041666671875 0.4267578125 0.1067708328125 0.41796875 0.12109375
5 0.48828125 0.1393229171875 0.48828125 0.12890625 0.4814453125 0.1197916671875 0.4697265625 0.1197916671875 0.466796875 0.1341145828125 0.4736328125 0.1432291671875 0.48828125 0.1393229171875
5 0.4375 0.28515625 0.4423828125 0.2916666671875 0.4501953125 0.2916666671875 0.455078125 0.2877604171875 0.455078125 0.2747395828125 0.4521484375 0.2708333328125 0.4443359375 0.2734375 0.4375 0.28515625
5 0.50390625 0.34765625 0.5087890625 0.3541666671875 0.5185546875 0.3541666671875 0.53125 0.33984375 0.5244140625 0.3125 0.5107421875 0.3151041671875 0.501953125 0.32421875 0.50390625 0.34765625
5 0.6005859375 0.7473958328125 0.5859375 0.7565104171875 0.587890625 0.78515625 0.5927734375 0.7916666671875 0.6005859375 0.7916666671875 0.611328125 0.77734375 0.615234375 0.7643229171875 0.6123046875 0.75 0.6005859375 0.7473958328125
5 0.6171875 0.73046875 0.6171875 0.7174479171875 0.6103515625 0.7083333328125 0.6015625 0.7122395828125 0.599609375 0.7330729171875 0.6123046875 0.7369791671875 0.6171875 0.73046875
5 0.740234375 0.7434895828125 0.7421875 0.73046875 0.7353515625 0.71875 0.724609375 0.72265625 0.7236328125 0.7447916671875 0.7373046875 0.7473958328125 0.740234375 0.7434895828125
5 0.7822265625 0.7994791671875 0.7861328125 0.8020833328125001 0.796875 0.7877604171875 0.79296875 0.76953125 0.7880859375 0.765625 0.77734375 0.7799479171875 0.77734375 0.7903645828125 0.7822265625 0.7994791671875
5 0.9560546875 0.984375 0.9658203125 0.9869791671874999 0.974609375 0.9752604171874999 0.9638671875 0.953125 0.9501953125 0.953125 0.947265625 0.95703125 0.947265625 0.96484375 0.9560546875 0.984375
5 0.9423828125 0.8958333328125001 0.939453125 0.90234375 0.94140625 0.91796875 0.9482421875 0.9270833328125001 0.9599609375 0.9270833328125001 0.962890625 0.9231770828125001 0.962890625 0.90234375 0.9501953125 0.8932291671874999 0.9423828125 0.8958333328125001
5 0.96484375 0.87890625 0.9716796875 0.8880208328125001 0.9794921875 0.8880208328125001 0.986328125 0.8815104171874999 0.9775390625 0.8671875 0.9716796875 0.8645833328125001 0.962890625 0.8684895828125001 0.96484375 0.87890625
5 0.9716796875 0.1458333328125 0.966796875 0.1497395828125 0.96484375 0.1627604171875 0.9697265625 0.1692708328125 0.9755859375 0.1692708328125 0.982421875 0.1653645828125 0.984375 0.1549479171875 0.9814453125 0.1484375 0.9716796875 0.1458333328125
5 0.9384765625 0.1979166671875 0.9462890625 0.203125 0.953125 0.1966145828125 0.962890625 0.17578125 0.9619140625 0.15625 0.9482421875 0.1536458328125 0.92578125 0.1731770828125 0.9384765625 0.1979166671875
5 0.623046875 0.1393229171875 0.62109375 0.1497395828125 0.626953125 0.16796875 0.6396484375 0.171875 0.646484375 0.1627604171875 0.6484375 0.1419270828125 0.6435546875 0.1354166671875 0.6279296875 0.1328125 0.623046875 0.1393229171875
5 0.5673828125 0.08072916718749999 0.55859375 0.1002604171875 0.560546875 0.1080729171875 0.5634765625 0.1119791671875 0.5771484375 0.1119791671875 0.587890625 0.09505208281250001 0.587890625 0.08723958281250001 0.5732421875 0.078125 0.5673828125 0.08072916718749999
5 0.5703125 0.1393229171875 0.5703125 0.1315104171875 0.5615234375 0.125 0.556640625 0.1315104171875 0.556640625 0.1393229171875 0.5654296875 0.1458333328125 0.5703125 0.1393229171875
5 0.5869140625 0.1692708328125 0.5947265625 0.171875 0.599609375 0.1653645828125 0.6015625 0.1497395828125 0.5869140625 0.1380208328125 0.5712890625 0.140625 0.572265625 0.1549479171875 0.5869140625 0.1692708328125
5 0.2568359375 0.20052083281250002 0.25390625 0.20703125 0.255859375 0.22005208281250002 0.2607421875 0.2265625 0.2763671875 0.2265625 0.283203125 0.20703125 0.279296875 0.1940104171875 0.2705078125 0.1901041671875 0.2568359375 0.20052083281250002
5 0.2265625 0.1497395828125 0.2353515625 0.1614583328125 0.2412109375 0.1614583328125 0.248046875 0.15234375 0.248046875 0.1419270828125 0.2314453125 0.1354166671875 0.2265625 0.1419270828125 0.2265625 0.1497395828125
5 0.2236328125 0.1015625 0.2216796875 0.1171875 0.2412109375 0.1197916671875 0.244140625 0.1028645828125 0.2373046875 0.09895833281250001 0.2236328125 0.1015625
5 0.099609375 0.20182291718749998 0.1025390625 0.20572916718749998 0.1201171875 0.203125 0.146484375 0.1653645828125 0.1376953125 0.15625 0.0927734375 0.1770833328125 0.08984375 0.1861979171875 0.099609375 0.20182291718749998
5 0.005859375 0.16015625 0.0107421875 0.1666666671875 0.0244140625 0.1666666671875 0.03125 0.16015625 0.03515625 0.1471354171875 0.0263671875 0.1380208328125 0.0126953125 0.1484375 0.005859375 0.16015625
5 0.0927734375 0.22395833281250002 0.087890625 0.23307291718749998 0.08984375 0.2513020828125 0.0927734375 0.2552083328125 0.1044921875 0.2526041671875 0.109375 0.24348958281250002 0.107421875 0.23046875 0.1005859375 0.22395833281250002 0.0927734375 0.22395833281250002
5 0.17578125 0.47265625 0.1806640625 0.4791666671875 0.19140625 0.4752604171875 0.193359375 0.4622395828125 0.1865234375 0.4505208328125 0.1787109375 0.4479166671875 0.173828125 0.4544270828125 0.17578125 0.47265625
5 0.130859375 0.9466145828125001 0.1337890625 0.9505208328125001 0.1474609375 0.9479166671874999 0.15234375 0.9283854171874999 0.1455078125 0.921875 0.1376953125 0.921875 0.12890625 0.93359375 0.130859375 0.9466145828125001
5 0.0810546875 0.9322916671874999 0.072265625 0.9388020828125001 0.060546875 0.9622395828125001 0.060546875 0.9752604171874999 0.068359375 0.9908854171874999 0.0732421875 0.9973958328125001 0.0791015625 0.9973958328125001 0.1015625 0.9674479171874999 0.1015625 0.9544270828125001 0.0810546875 0.9322916671874999
5 0.1796875 0.9700520828125001 0.1767578125 0.953125 0.1708984375 0.9505208328125001 0.1640625 0.95703125 0.1669921875 0.9713541671874999 0.1748046875 0.9739583328125001 0.1796875 0.9700520828125001
5 0.4970703125 0.3567708328125 0.48828125 0.3736979171875 0.4912109375 0.3802083328125 0.5029296875 0.390625 0.5107421875 0.3880208328125 0.515625 0.37890625 0.513671875 0.36328125 0.5087890625 0.3567708328125 0.4970703125 0.3567708328125
5 0.4912109375 0.4114583328125 0.51171875 0.40234375 0.529296875 0.33984375 0.529296875 0.3294270828125 0.5224609375 0.3151041671875 0.4775390625 0.2916666671875 0.4580078125 0.2916666671875 0.4404296875 0.3020833328125 0.43359375 0.3111979171875 0.42578125 0.33203125 0.427734375 0.35546875 0.4375 0.37890625 0.4580078125 0.40625 0.4912109375 0.4114583328125
5 0.72265625 0.2565104171875 0.7333984375 0.2708333328125 0.7392578125 0.2708333328125 0.74609375 0.26171875 0.74609375 0.24869791718749998 0.7353515625 0.22135416718749998 0.71875 0.22786458281250002 0.72265625 0.2565104171875
5 0.6005859375 0.4583333328125 0.607421875 0.4440104171875 0.5947265625 0.4322916671875 0.5859375 0.44140625 0.587890625 0.4518229171875 0.5927734375 0.4583333328125 0.6005859375 0.4583333328125
5 0.625 0.4934895828125 0.6201171875 0.4869791671875 0.6123046875 0.4869791671875 0.607421875 0.4934895828125 0.609375 0.5065104171875 0.6201171875 0.5104166671875 0.625 0.4934895828125
5 0.79296875 0.1393229171875 0.7978515625 0.1432291671875 0.806640625 0.13671875 0.80859375 0.1315104171875 0.8037109375 0.1197916671875 0.7958984375 0.1171875 0.791015625 0.1236979171875 0.79296875 0.1393229171875
5 0.83203125 0.1419270828125 0.83203125 0.1341145828125 0.8291015625 0.1302083328125 0.8173828125 0.1302083328125 0.8173828125 0.1458333328125 0.8271484375 0.1484375 0.83203125 0.1419270828125
5 0.3916015625 0.03125 0.388671875 0.04296875 0.390625 0.05598958281250001 0.3994140625 0.06770833281250001 0.4072265625 0.06770833281250001 0.4140625 0.05598958281250001 0.4140625 0.04296875 0.4013671875 0.03125 0.3916015625 0.03125
5 0.4736328125 0.07552083281250001 0.4853515625 0.07552083281250001 0.498046875 0.05859375 0.49609375 0.0481770828125 0.4873046875 0.0442708328125 0.4775390625 0.0494791671875 0.470703125 0.06901041718749999 0.4736328125 0.07552083281250001
5 0.0546875 0.11328125 0.0673828125 0.1145833328125 0.072265625 0.1080729171875 0.072265625 0.1002604171875 0.0673828125 0.09375 0.0595703125 0.09375 0.0546875 0.1002604171875 0.0546875 0.11328125
5 0.6123046875 0 0.609375 0.00390625 0.611328125 0.02734375 0.6259765625 0.046875 0.6572265625 0.05989583281250001 0.6708984375 0.05989583281250001 0.701171875 0.0377604171875 0.705078125 0.00390625 0.6982421875 0 0.6123046875 0
5 0.7001953125 0.06770833281250001 0.7236328125 0.0703125 0.732421875 0.05859375 0.736328125 0.014322917187500001 0.7314453125 0.0052083328125 0.6953125 0.00390625 0.6875 0.0481770828125 0.7001953125 0.06770833281250001