5 0.0226345046875 0.1330541875 0.0177405578125 0.14590079843749998 0.020187531249999998 0.1582886015625 0.029975425 0.16517071562500002 0.04159855 0.1679235609375 0.05628039218749999 0.1647119078125 0.0660682859375 0.15507695 0.0666800296875 0.141312721875 0.058115621875 0.12984253437499998 0.0330341421875 0.1280073046875 0.0226345046875 0.1330541875
5 0.035481115625 0.21655715937500003 0.030587170312500002 0.209675046875 0.0232462484375 0.2101338546875 0.0183523015625 0.21655715937500003 0.0250814796875 0.220686428125 0.032422400000000004 0.22022762031249998 0.035481115625 0.21655715937500003
5 0.04159855 0.2555558 0.036704603125 0.24867368750000002 0.025693221875 0.24592084218750002 0.0189640453125 0.250050109375 0.0238579921875 0.25601460781249996 0.032422400000000004 0.2592262609375 0.04159855 0.2555558
5 0.0660682859375 0.2358270765625 0.07769141093750001 0.2339918453125 0.08258535781250001 0.226650925 0.0813618703125 0.2193100046875 0.068515259375 0.2170159671875 0.058115621875 0.22206285 0.059339109375 0.22986257812500002 0.0660682859375 0.2358270765625
5 0.028140195312499998 0.3647519953125 0.020799275 0.35970511250000003 0.0085644078125 0.35970511250000003 0.0067291781250000005 0.3693400703125 0.013458354687499998 0.37071649375 0.020799275 0.3711753015625 0.028140195312499998 0.3647519953125
5 0.2850724203125 0.2729904875 0.2832371890625 0.2817078296875 0.2881311359375 0.28629590625 0.2973072859375 0.283084253125 0.2973072859375 0.2771197546875 0.2850724203125 0.2729904875
5 0.369127971875 0.18392369375 0.375530884375 0.1812824921875 0.37489059375 0.17575997968749998 0.373289865625 0.1702374671875 0.363045203125 0.172638559375 0.35952360156249996 0.17744074375000002 0.3633653484375 0.1808022734375 0.369127971875 0.18392369375
5 0.1354848296875 0.355415684375 0.12311178593750001 0.3656234453125 0.12311178593750001 0.381399075 0.1255863953125 0.391142846875 0.13734078593750002 0.398102684375 0.15590035156249998 0.39995864062500003 0.17198530781250002 0.39021486875 0.17198530781250002 0.37397525 0.1620868734375 0.3623755203125 0.1540443953125 0.3526317484375 0.1354848296875 0.355415684375
5 0.639177996875 0.887192375 0.64028768125 0.890521428125 0.6427844703125001 0.892185953125 0.6455586796875 0.8903133625 0.6455586796875 0.88594398125 0.6447264171875 0.8826149296875 0.6416747859374999 0.8834471921875 0.638900575 0.8849036531250001 0.639177996875 0.887192375
5 0.47827381406249997 0.8978037296875 0.47827381406249997 0.8955150062499999 0.47744155 0.8932262828124999 0.4760544453125 0.89156175625 0.47272539374999994 0.890937559375 0.4721705515625 0.8938504796875 0.475777025 0.8969714671875 0.47827381406249997 0.8978037296875
5 0.5628872203124999 0.9088312140625 0.5637194828125 0.9069586234375 0.5637194828125 0.9038376359375 0.562332378125 0.9021731093750001 0.5592807468750001 0.9019650453124999 0.5578936421875 0.904877965625 0.55955816875 0.9086231484375 0.5628872203124999 0.9088312140625
5 0.5723195343749999 0.92984585625 0.5759260078125 0.9292216578125 0.5773131125 0.9269329359375 0.5778679546875 0.9248522781249999 0.573706640625 0.9231877515625 0.5703775875 0.9231877515625 0.5720421124999999 0.9265168031250001 0.5723195343749999 0.92984585625
5 0.8144461171874999 0.7342478578125 0.8146090390625 0.738891128125 0.8170528656249999 0.73937989375 0.8185191609375 0.741457146875 0.8217775984375001 0.7412127640625 0.8225922078125001 0.737669215625 0.8225922078125001 0.7325371781250001 0.8185191609375 0.73107088125 0.8142831953125 0.730337734375 0.8144461171874999 0.7342478578125
5 0.8372551703125 0.722028721875 0.8390473093749999 0.724594740625 0.8426315890625 0.7243503578125 0.8442608078125 0.7225174859375 0.8424686671874999 0.720073659375 0.8416540578125 0.716285728125 0.8375810140625 0.7159191546875 0.8357888734375001 0.7198292765625001 0.8372551703125 0.722028721875
5 0.809721384375 0.6768179203125 0.8128168984374999 0.6773066859375 0.8157494906249999 0.6774288765625001 0.818030396875 0.6752294328125 0.8178674750000001 0.6726634140625001 0.8157494906249999 0.6711971171875 0.8121652109375 0.6702195859375 0.8090696968750001 0.6737631359375 0.809721384375 0.6768179203125
5 0.8432832765624999 0.679872703125 0.846052946875 0.6790173640625 0.8471934015624999 0.677062303125 0.8454012593750001 0.6753516234375 0.841002371875 0.673518753125 0.8385585453125 0.6747406671875 0.84083945 0.6777954515625 0.8432832765624999 0.679872703125
5 0.8484967749999999 0.6733965625 0.8512664453125 0.6737631359375 0.8535473515625001 0.6737631359375 0.8528956640625 0.6713193093750001 0.8511035234375001 0.669975203125 0.8501259937500001 0.6680201421875 0.8467046343750001 0.668264525 0.8458900265624999 0.6705861609375 0.8484967749999999 0.6733965625
5 0.7560590140625 0.7125283437500001 0.7579258265625 0.7118919296875 0.7586046671875 0.7090917125 0.757246984375 0.7068006234374999 0.7552104640625 0.7061642109374999 0.753683071875 0.7087098640625 0.753683071875 0.7117646468750001 0.7560590140625 0.7125283437500001
5 0.8580548546875001 0.6173209125 0.8602610875 0.6180846078125 0.8622976093749999 0.619357434375 0.8651826828125 0.61783004375 0.8636552921874999 0.6140115625 0.8599216671875001 0.6129933015625 0.8582245640625 0.613629715625 0.856697171875 0.6152843906250001 0.8580548546875001 0.6173209125
5 0.8889421125 0.59313720625 0.889960375 0.5955555765625 0.893694 0.5944100328124999 0.8959002328125001 0.59250079375 0.8960699421875 0.590082421875 0.8947122609375 0.5886823125 0.8913180562499999 0.58919144375 0.8882632734374999 0.591100684375 0.8889421125 0.59313720625
5 0.8933545796875 0.6029379703125 0.8909786359374999 0.6061200375 0.8916574765625 0.6081565609374999 0.8926757375 0.61121134375 0.8952213921875 0.612484171875 0.898106465625 0.612611453125 0.8986155968749999 0.6099385171875 0.9004824093750001 0.6076474296875001 0.8999732781249999 0.604083515625 0.8970882046875 0.6029379703125 0.8933545796875 0.6029379703125
5 0.9795673687500001 0.62012113125 0.9802462109375 0.62241221875 0.98330099375 0.6225395015624999 0.9841495453125001 0.6213939578125001 0.984998096875 0.6194847171875 0.9839798343749999 0.6188483046875 0.9792279484374999 0.618211890625 0.977191425 0.62012113125 0.9795673687500001 0.62012113125
5 0.9354427140625001 0.6357768984375001 0.9395157578125 0.6369224421874999 0.9425705421874999 0.6360314640625 0.9391763375 0.633740375 0.9388369171875001 0.6301764609375 0.937988365625 0.6296673296875 0.935273003125 0.6296673296875 0.9357821328125 0.6332312453125 0.9354427140625001 0.6357768984375001
5 0.9201687937499999 0.6369224421874999 0.9233932875 0.63654059375 0.9233932875 0.63819526875 0.9267874921875 0.63819526875 0.928314884375 0.6360314640625 0.9279754640625001 0.6346313546875 0.9245812593749999 0.6347586375 0.9205082140625 0.635140484375 0.9201687937499999 0.6369224421874999
5 0.9004824093750001 0.6383225515625 0.9023492203125001 0.6376861390624999 0.902179509375 0.6352677671875 0.9011612484375 0.6341222234375 0.8970882046875 0.633740375 0.8967487843749999 0.6364133125 0.8999732781249999 0.636158746875 0.9004824093750001 0.6383225515625
5 0.92101734375 0.6297946125 0.9205082140625 0.6268671109375 0.915247196875 0.6272489593749999 0.9154169078125 0.6296673296875 0.91779285 0.6301764609375 0.919489953125 0.6314492875 0.92101734375 0.6297946125
5 0.9249206796875 0.61846645625 0.926957203125 0.6183391734375 0.926957203125 0.6165572171875 0.9264480718750001 0.615411671875 0.92101734375 0.6159208031250001 0.91915053125 0.6174481953125001 0.9208476343750001 0.6185937390625 0.9249206796875 0.61846645625
5 0.6319485765625 0.5382677578124999 0.630360765625 0.5410464265625 0.6308900359375 0.5430311890625 0.632477846875 0.543229665625 0.6345949281250001 0.5448174765625 0.6377705484375 0.5444205234374999 0.63962299375 0.543428140625 0.639358359375 0.5416418546874999 0.6364473734375 0.5412449031250001 0.6361827375 0.5390616625 0.6319485765625 0.5382677578124999
5 0.837989009375 0.5577793640625 0.8402518062500001 0.554573734375 0.8432688687500001 0.555139434375 0.842011759375 0.5524995046875001 0.8357262140625 0.5517452390625001 0.8312006203125 0.553065203125 0.8332119953125 0.5570250984375 0.837989009375 0.5577793640625
5 0.866902521875 0.567019115625 0.8684110531250001 0.56833908125 0.8699195843749999 0.5692819124999999 0.872433803125 0.5694704796875001 0.87318806875 0.5664534171875 0.872433803125 0.56230495625 0.868662475 0.5626820890625 0.866902521875 0.5647563203125 0.866902521875 0.567019115625
5 0.6974441984374999 0.57079044375 0.6999584171875 0.568527646875 0.6987013078125 0.56588771875 0.6956842453125 0.5640020546875 0.6921643390625001 0.5638134875 0.6919129171875 0.567019115625 0.69342145 0.570036178125 0.6974441984374999 0.57079044375
5 0.839371990625 0.342306390625 0.8424091921875 0.34458429062499996 0.8454463921875 0.3447913734375 0.8479313765625 0.34686219218750003 0.84958803125 0.3507967484375 0.8553863249999999 0.3510038296875 0.8570429796875001 0.3481046828125 0.8540057781250001 0.34292763593750003 0.8493119218749999 0.33816475156250003 0.8468269390625001 0.3350585234375 0.8468269390625001 0.3319522953125 0.8504163578125 0.32884606562499996 0.84958803125 0.3222194453125 0.8429614093750001 0.31807780625 0.8360586796874999 0.31538574218750004 0.8313648234375 0.3160069875 0.82860373125 0.317042396875 0.8241859843749999 0.3174565609375 0.8241859843749999 0.320769871875 0.82915595 0.32180528124999996 0.8302603859375 0.3244973453125 0.8305364953125001 0.32884606562499996 0.8324692593749999 0.33236645781249996 0.8346781343749999 0.3350585234375 0.8382675531249999 0.338578915625 0.839371990625 0.342306390625
5 0.8818928078124999 0.3510038296875 0.88410168125 0.3470692734375 0.8816166984375 0.3431347171875 0.8766467328124999 0.3433417984375 0.8763706234375 0.34354888125 0.8763706234375 0.3474834375 0.8771989515625 0.3512109109375 0.8818928078124999 0.3510038296875
5 0.7584719921875 0.27459060625 0.7557109015625 0.27831808125 0.7631658484375 0.28245971875000003 0.7706207968750001 0.2818384734375 0.7764190906249999 0.2808030640625 0.7783518546875 0.27645434375 0.7775235281249999 0.2723127046875 0.771173015625 0.2718985421875 0.7637180671875 0.271277296875 0.7584719921875 0.27459060625
5 0.7987839359375 0.2710702140625 0.802649465625 0.271277296875 0.8067911046875 0.2702418875 0.8054105578125 0.26672149375 0.8059627765625 0.26444359375 0.802097246875 0.263822346875 0.7990600453125001 0.265479003125 0.797955609375 0.2669285765625 0.7987839359375 0.2710702140625
5 0.8297081671875001 0.2797676546875 0.833573696875 0.27935349062500003 0.8363347890625 0.2768685078125 0.8355064609375 0.2723127046875 0.8310887140625001 0.269827721875 0.828327621875 0.273348115625 0.8288798406250001 0.27645434375 0.8297081671875001 0.2797676546875
5 0.5189819796874999 0.2941959203125 0.5199371609375001 0.299927009375 0.5193003734375 0.30661328125 0.5221659187500001 0.3097176203125 0.531080946875 0.312105575 0.5352200671875 0.308046053125 0.532991309375 0.3073296671875 0.533628096875 0.3023149625 0.532036128125 0.298255440625 0.5269418265625 0.29586748749999997 0.5189819796874999 0.2941959203125
5 0.536750453125 0.5431984296875 0.5325679828125 0.540584384375 0.528036971875 0.5400615765625 0.5283855109375 0.5445054515625001 0.5325679828125 0.5471194953125 0.538144609375 0.5468580921874999 0.536750453125 0.5431984296875
5 0.3346354171875 0.22265625 0.3385416671875 0.2177734375 0.3294270828125 0.2109375 0.31640625 0.205078125 0.2916666671875 0.2060546875 0.2890625 0.2197265625 0.29296875 0.22265625 0.30859375 0.2265625 0.3229166671875 0.2255859375 0.3346354171875 0.22265625