2 0.8567708328125001 0.5439453125 0.8619791671874999 0.5634765625 0.8684895828125001 0.568359375 0.8723958328125001 0.5615234375 0.8697916671874999 0.4638671875 0.8645833328125001 0.4248046875 0.859375 0.4169921875 0.853174603125 0.43526785781250005 0.8567708328125001 0.5439453125
2 0.8723958328125001 0.6396484375 0.8697916671874999 0.6767578125 0.8736979171874999 0.689453125 0.8828125 0.6728515625 0.8880208328125001 0.6494140625 0.8763020828125001 0.638671875 0.8723958328125001 0.6396484375
2 0.8815104171874999 0.888671875 0.8776041671874999 0.8916015625 0.8776041671874999 0.9072265625 0.8802083328125001 0.9208984375 0.8841145828125001 0.921875 0.8880208328125001 0.8994140625 0.8815104171874999 0.888671875
5 0.5625 0.0302734375 0.5403645828125 0.017578125 0.52734375 0.01953125 0.5234375 0.0224609375 0.5234375 0.0341796875 0.5390625 0.0615234375 0.5455729171875 0.064453125 0.5611979171875 0.0625 0.5703125 0.0537109375 0.5703125 0.0439453125 0.5625 0.0302734375
5 0.34375 0.0849609375 0.3580729171875 0.09375 0.3763020828125 0.09375 0.390625 0.0771484375 0.3802083328125 0.0576171875 0.36328125 0.0546875 0.3489583328125 0.0634765625 0.34375 0.0712890625 0.34375 0.0849609375
5 0.3411458328125 0.0205078125 0.3385416671875 0.0302734375 0.34765625 0.033203125 0.3671875 0.0185546875 0.3671875 0.0146484375 0.35546875 0.01171875 0.3411458328125 0.0205078125
5 0.21614583281250002 0.0595703125 0.21354166718749998 0.0693359375 0.22526041718749998 0.072265625 0.23177083281250002 0.0673828125 0.23177083281250002 0.0615234375 0.22265625 0.056640625 0.21614583281250002 0.0595703125
2 0.07682291718749999 0.130859375 0.07291666718749999 0.1357421875 0.08333333281250001 0.2060546875 0.08854166718749999 0.2275390625 0.09505208281250001 0.228515625 0.1119791671875 0.2197265625 0.1119791671875 0.2080078125 0.09375 0.1396484375 0.08984375 0.134765625 0.07682291718749999 0.130859375
5 0.20052083281250002 0.4970703125 0.1979166671875 0.5087890625 0.21484375 0.513671875 0.21875 0.5107421875 0.21614583281250002 0.4951171875 0.20442708281250002 0.494140625 0.20052083281250002 0.4970703125
5 0.2916666671875 0.3994140625 0.2890625 0.3896484375 0.27734375 0.388671875 0.2734375 0.3974609375 0.28515625 0.404296875 0.2916666671875 0.3994140625
5 0.2981770828125 0.421875 0.2994791671875 0.4150390625 0.29296875 0.412109375 0.2890625 0.4208984375 0.2981770828125 0.421875
5 0.33984375 0.58203125 0.3411458328125 0.5712890625 0.33203125 0.5703125 0.3255208328125 0.5791015625 0.33984375 0.58203125
5 0.21744791718749998 0.705078125 0.22135416718749998 0.6962890625 0.20963541718749998 0.693359375 0.20572916718749998 0.7021484375 0.21744791718749998 0.705078125
5 0.24348958281250002 0.84765625 0.24479166718749998 0.8427734375 0.23697916718749998 0.8408203125 0.234375 0.8447265625 0.24348958281250002 0.84765625
5 0.2430188046875 0.790117184375 0.22771535312500002 0.7859852515625 0.22098183593749998 0.7882807703125 0.21730900625 0.794249115625 0.2179211453125 0.7988401515625 0.23138818125 0.8029720828125001 0.23322459687500002 0.8029720828125001 0.2430188046875 0.79792194375 0.2430188046875 0.790117184375
5 0.6341750171875 0.42558897656249994 0.6305021890625 0.429720909375 0.6335628796874999 0.436148359375 0.6384599828125 0.437066565625 0.645805640625 0.43752566875000004 0.6507027437499999 0.432934634375 0.65009060625 0.42788449531249995 0.6341750171875 0.42558897656249994
5 0.569288384375 0.47379484843749997 0.5662276937499999 0.47654946875000004 0.56683983125 0.48205871250000004 0.569900521875 0.48527243750000004 0.5778583171875 0.4848133328125 0.5790825921875 0.47884498750000004 0.5741854875 0.47425395156250005 0.569288384375 0.47379484843749997
5 1 0.5986328125 0.9986979171874999 0.572265625 0.97265625 0.5703125 0.9635416671874999 0.5771484375 0.9609375 0.5869140625 0.97265625 0.599609375 0.9934895828125001 0.6015625 1 0.5986328125
5 0.9075520828125001 0.583984375 0.9088541671874999 0.5771484375 0.90234375 0.57421875 0.8984375 0.5810546875 0.9075520828125001 0.583984375
5 0.8972921484375 0.348808034375 0.8972921484375 0.359524103125 0.9115802390625 0.3648821375 0.943014040625 0.3568450859375 0.9537301093749999 0.3477364265625 0.9537301093749999 0.339699375 0.94944368125 0.3300549140625 0.9365843984375 0.3252326828125 0.9222963078124999 0.3300549140625 0.9037217890625 0.3375561625 0.8972921484375 0.348808034375
2 0.859055859375 0.3308740390625 0.860819109375 0.3192365828125 0.859055859375 0.3078636140625 0.8565873078124999 0.30019347343749997 0.8572926078125 0.2956971828125 0.8558820062500001 0.29014294218750003 0.8562346578125 0.2787699734375 0.8611717593750001 0.2718932953125 0.8625823609375001 0.261578278125 0.8618770609374999 0.2565530125 0.8583505578124999 0.2496763328125 0.8544714062500001 0.2422706796875 0.85341345625 0.2359229765625 0.8498869546875 0.2303687359375 0.8516502046875001 0.22613693281249997 0.85306080625 0.2195247421875 0.8502396046875 0.21026767500000001 0.849534303125 0.19968816875 0.8463604531250001 0.20206855781250002 0.8445972015625 0.1906955890625 0.8505922546875 0.1914890515625 0.8498869546875 0.180380571875 0.849181653125 0.17323940468750001 0.8460078031249999 0.1658337515625 0.8460078031249999 0.158692584375 0.8428339499999999 0.15340283125 0.8445972015625 0.15102244375 0.8474184031249999 0.145997178125 0.8505922546875 0.1446747390625 0.847771053125 0.1404429375 0.8386021484375 0.13515318437499999 0.834370346875 0.12854099375 0.8410707000000001 0.1269540671875 0.84212865 0.12139982812500001 0.8453025015625 0.11320071093749999 0.848123703125 0.1076464703125 0.8474184031249999 0.0962735015625 0.8445972015625 0.0849005328125 0.848123703125 0.08172668125 0.8431865999999999 0.074321028125 0.8467131015625 0.0708826875 0.8442445515625 0.0666508859375 0.8410707000000001 0.039673145312500005 0.8408541859374999 0.00212178125 0.8237084765624999 0.004286428125 0.830852521875 0.075023196875 0.8315669265625001 0.109314615625 0.8301381171875001 0.1286035390625 0.8272804984375 0.146285053125 0.8272804984375 0.1778974546875 0.8301381171875001 0.1966505765625 0.8315669265625001 0.20843825 0.849534303125 0.40016980156250004 0.8541187562499999 0.392764146875 0.860466459375 0.392235171875 0.860819109375 0.38482951718749997 0.8629350109375 0.3758369375 0.860466459375 0.367637821875 0.860819109375 0.3578517796875 0.8558820062500001 0.3541489515625 0.8562346578125 0.34780124843750004 0.860466459375 0.3417180328125 0.859055859375 0.3308740390625
2 0.8841145828125001 0.8359375 0.890625 0.8291015625 0.890625 0.8193359375 0.8815104171874999 0.80859375 0.875 0.8134765625 0.875 0.8212890625 0.8802083328125001 0.8349609375 0.8841145828125001 0.8359375
2 0.8736979171874999 0.767578125 0.8723958328125001 0.7958984375 0.875 0.8056640625 0.8841145828125001 0.814453125 0.8828125 0.7724609375 0.87890625 0.767578125 0.8736979171874999 0.767578125