4 0.4541015625 0.890625 0.4736328125 0.890625 0.48046875 0.8815104171874999 0.48046875 0.8606770828125001 0.4658203125 0.8411458328125001 0.4482421875 0.8411458328125001 0.4375 0.8580729171874999 0.439453125 0.8763020828125001 0.4541015625 0.890625
4 0.41015625 0.82421875 0.41015625 0.8372395828125001 0.4267578125 0.8489583328125001 0.4326171875 0.8489583328125001 0.443359375 0.8346354171874999 0.447265625 0.81640625 0.4384765625 0.8046875 0.4287109375 0.8046875 0.4150390625 0.8125 0.41015625 0.82421875
4 0.47265625 0.8216145828125001 0.47265625 0.8372395828125001 0.4775390625 0.84375 0.4931640625 0.8515625 0.4990234375 0.8489583328125001 0.50390625 0.8424479171874999 0.50390625 0.8294270828125001 0.4970703125 0.8151041671874999 0.4853515625 0.8125 0.47265625 0.8216145828125001
4 0.4521484375 0.9192708328125001 0.458984375 0.9049479171874999 0.4482421875 0.890625 0.4423828125 0.890625 0.435546875 0.8997395828125001 0.435546875 0.9075520828125001 0.4423828125 0.9192708328125001 0.4521484375 0.9192708328125001
4 0.4091796875 0.9244791671874999 0.40625 0.9361979171874999 0.4150390625 0.9401041671874999 0.416015625 0.9309895828125001 0.4091796875 0.9244791671874999
4 0.4228515625 0.90625 0.423828125 0.88671875 0.4208984375 0.8802083328125001 0.4111328125 0.875 0.408203125 0.87890625 0.408203125 0.8997395828125001 0.4169921875 0.9088541671874999 0.4228515625 0.90625
4 0.4728357984375 0.7616977375 0.46541095 0.7560407109375 0.456925409375 0.758162096875 0.45374333125 0.770183278125 0.4558647171875 0.785740103125 0.4601074875 0.79705415625 0.469123375 0.8005897984375 0.47760891406250006 0.801296928125 0.48291237656249997 0.7998826703125 0.4866248015625 0.788568615625 0.4887461875 0.7800830765625 0.4892765328125 0.770183278125 0.48450341718749995 0.7638191234375 0.4728357984375 0.7616977375
4 0.42934740312499997 0.7878614875000001 0.4426060609375 0.793518515625 0.446318484375 0.794932771875 0.45374333125 0.7956399000000001 0.45480402499999995 0.7829115890625 0.455334371875 0.7730117921875 0.4479095234375 0.7602834828125 0.43942398281250006 0.765940509375 0.43146878906249997 0.7730117921875 0.42828671093750004 0.7800830765625 0.42934740312499997 0.7878614875000001
4 0.5004138046875 0.8960521296874999 0.4972317265625 0.8918093593749999 0.4956406875 0.89393074375 0.49033722500000004 0.8995877703125 0.4945799953125 0.905244796875 0.49882276562500005 0.9087804390625 0.50200484375 0.9066590546875 0.5009441515625 0.9002948999999999 0.5004138046875 0.8960521296874999
4 0.50730830625 0.794932771875 0.5004138046875 0.7956399000000001 0.49670138125 0.806246825 0.501474496875 0.8175608796875 0.5062476140625 0.8260464203125 0.5062476140625 0.8430175015625 0.506777959375 0.8557458109375 0.506777959375 0.8663527375 0.506777959375 0.87554540625 0.5083689984374999 0.8840309468750001 0.5152635 0.882616690625 0.5179152328125001 0.8720097656249999 0.5189759234375 0.8592814531249999 0.5173848859375 0.8352390890624999 0.5115510765625 0.810489596875 0.50730830625 0.794932771875
4 0.46063783437500005 0.75250506875 0.4701840671875 0.758869225 0.476548221875 0.7602834828125 0.48450341718749995 0.7560407109375 0.4786696078125 0.7454337859375 0.46859302812500003 0.7383625015625 0.4675323359375 0.7383625015625 0.4616985265625 0.7404838875 0.45851644843750006 0.7447266578125 0.46063783437500005 0.75250506875
4 0.21773923750000002 0.8819095609375 0.20766265781249998 0.87554540625 0.2055412734375 0.8748382781249999 0.203950234375 0.885445203125 0.206601965625 0.8960521296874999 0.2113750828125 0.8988806421875 0.21933027656249998 0.893223615625 0.21773923750000002 0.8819095609375
4 0.167356340625 0.8713026359375 0.1715991109375 0.876252534375 0.176372228125 0.8847380749999999 0.184327421875 0.8868594609375 0.1891005390625 0.8776667921874999 0.1880398453125 0.8621099671874999 0.1806149984375 0.8557458109375 0.167356340625 0.8507959140624999 0.1657653015625 0.8557458109375 0.16523495625 0.8635242234374999 0.167356340625 0.8713026359375
4 0.4887461875 0.9059519265624999 0.48291237656249997 0.901002028125 0.4754875296875 0.9045376703124999 0.47389649062499994 0.91231608125 0.4834427234375 0.919387365625 0.4887461875 0.9059519265624999
5 0.1640625 0.6080729171875 0.1728515625 0.6171875 0.18359375 0.6002604171875 0.189453125 0.55859375 0.181640625 0.5299479171875 0.1767578125 0.5286458328125 0.169921875 0.5377604171875 0.1640625 0.5794270828125 0.1640625 0.6080729171875
5 0.388671875 0.5768229171875 0.390625 0.5611979171875 0.3876953125 0.5546875 0.3779296875 0.5546875 0.369140625 0.5638020828125 0.3720703125 0.5807291671875 0.3857421875 0.5807291671875 0.388671875 0.5768229171875
5 0.6220703125 0.5364583328125 0.6171875 0.5455729171875 0.6171875 0.5690104171875 0.6220703125 0.5755208328125 0.62890625 0.5638020828125 0.630859375 0.5377604171875 0.6220703125 0.5364583328125
5 0.599609375 0.73046875 0.607421875 0.7096354171875 0.607421875 0.6940104171875 0.6005859375 0.6822916671875 0.5966796875 0.6822916671875 0.58984375 0.7278645828125 0.5927734375 0.7317708328125 0.599609375 0.73046875
5 0.517578125 0.6393229171875 0.51953125 0.6184895828125 0.5048828125 0.6119791671875 0.5009765625 0.6145833328125 0.49609375 0.6263020828125 0.49609375 0.64453125 0.5087890625 0.65625 0.517578125 0.6393229171875
5 0.2265625 0.6888020828125 0.228515625 0.67578125 0.224609375 0.6627604171875 0.2119140625 0.6588541671875 0.20703125 0.6705729171875 0.20703125 0.6940104171875 0.2177734375 0.7005208328125 0.2265625 0.6888020828125
5 0.1845695765625 0.6439805062499999 0.1724848625 0.6478169234375 0.16500385 0.6700681421875 0.1575228375 0.6976903437499999 0.16155107500000002 0.7260798296875 0.168456625 0.7306835296874999 0.1730603265625 0.7230106968750001 0.1782394890625 0.7038286109375 0.1816922640625 0.6892502265625 0.1857205015625 0.6792755421875001 0.197805215625 0.6723699921875 0.196654290625 0.6554897578125 0.1845695765625 0.6439805062499999
5 0.45848974687500005 0.678508259375 0.455036971875 0.709966878125 0.4676971484375 0.69538849375 0.47575362343750005 0.6739045578125 0.47978186093749997 0.6531879078125 0.4786309359375 0.6255657046875001 0.4843855625 0.580295984375 0.46827260937500004 0.6056163375 0.46079159687500004 0.63247125625 0.45618789687500005 0.663929875 0.45848974687500005 0.678508259375
4 0.21622001562499998 0.9255735109375 0.21564455468750002 0.9386173281250001 0.2173709421875 0.9547302796875 0.2254274171875 0.9547302796875 0.2265783421875 0.9386173281250001 0.2242764921875 0.9186679609375 0.21622001562499998 0.9255735109375
4 0.199531603125 0.9677740968749999 0.20068252812499998 0.958566696875 0.197805215625 0.9432210281250001 0.18341865156249998 0.9708432312499999 0.1868714265625 0.9754469312499999 0.199531603125 0.9677740968749999
4 0.20931446562499997 0.96854138125 0.208739003125 0.9754469312499999 0.21046539062499997 0.9838870484375001 0.21679547968750001 0.9769814984374999 0.21622001562499998 0.9677740968749999 0.209889928125 0.965472246875 0.20931446562499997 0.96854138125