4 0.1770833328125 0.6982421875 0.1770833328125 0.7080078125 0.1848958328125 0.7216796875 0.1940104171875 0.7265625 0.19921875 0.724609375 0.203125 0.7119140625 0.1979166671875 0.6884765625 0.19140625 0.685546875 0.1770833328125 0.6982421875
5 0.9830729171874999 0.63671875 0.9544270828125001 0.63671875 0.9401041671874999 0.6474609375 0.9401041671874999 0.6572265625 0.9455811515624999 0.658385671875 0.9518229171874999 0.669921875 0.9700520828125001 0.671875 0.9895833328125001 0.6611328125 0.9947916671874999 0.6533203125 0.9830729171874999 0.63671875
4 0.96484375 0.748046875 0.94921875 0.74609375 0.9427083328125001 0.7490234375 0.9375 0.7548828125 0.9375 0.7646484375 0.9569801015625 0.7682577765625 0.97265625 0.7734375 0.9765625 0.7705078125 0.9791666671874999 0.7607421875 0.96484375 0.748046875
5 0.00625 0.20703125 0.0109375 0.0109375
5 0.56875 0.6078125 0.0125 0.0078125
5 0.40390625 0.009375 0.0234375 0.015625
5 0.04609375 0.44140625 0.0078125 0.00625
5 0.1109375 0.4375 0.034375 0.015625
5 0.98828125 1 0.9895833328125001 0.9912109375 0.9778645828125001 0.982421875 0.9466145828125001 0.98046875 0.9401041671874999 0.9833984375 0.9596354171874999 1 0.98828125 1
5 0.65625 0.8779296875 0.65625 0.8896484375 0.6627604171875 0.89453125 0.70703125 0.90625 0.71484375 0.904296875 0.7135416671875 0.8935546875 0.6966145828125 0.876953125 0.67578125 0.873046875 0.65625 0.8779296875
5 0.3854166671875 0.8154296875 0.3828125 0.8291015625 0.3893229171875 0.833984375 0.41015625 0.8359375 0.4192708328125 0.8310546875 0.4192708328125 0.8173828125 0.41015625 0.810546875 0.39453125 0.810546875 0.3854166671875 0.8154296875
5 0.328125 0.8076171875 0.32421875 0.8046875 0.2981770828125 0.802734375 0.2890625 0.8076171875 0.2890625 0.8173828125 0.30078125 0.826171875 0.3111979171875 0.828125 0.3216145828125 0.82421875 0.328125 0.8193359375 0.328125 0.8076171875
5 0.4361979171875 0.89453125 0.4401041671875 0.8916015625 0.4388020828125 0.884765625 0.421875 0.8876953125 0.4283854171875 0.89453125 0.4361979171875 0.89453125
5 0.24609375 0.953125 0.2526041671875 0.9443359375 0.23828125 0.943359375 0.234375 0.9462890625 0.23697916718749998 0.9501953125 0.24609375 0.953125
5 0.08203125 0.828125 0.07421875 0.826171875 0.06770833281250001 0.8291015625 0.07421875 0.837890625 0.08463541718749999 0.837890625 0.0859375 0.8310546875 0.08203125 0.828125
5 0.0169270828125 0.857421875 0.0208333328125 0.8525390625 0.014322917187500001 0.845703125 0 0.8466796875 0.0013020828125 0.857421875 0.0169270828125 0.857421875
4 0.93359375 0.765625 0.9401041671874999 0.7646484375 0.9427083328125001 0.7490234375 0.9388020828125001 0.74609375 0.92578125 0.748046875 0.921875 0.7529296875 0.9270833328125001 0.7607421875 0.93359375 0.765625
4 0.90234375 0.763671875 0.9166666671874999 0.7607421875 0.9192708328125001 0.7529296875 0.9127604171874999 0.74609375 0.90234375 0.74609375 0.8932291671874999 0.7529296875 0.8932291671874999 0.7587890625 0.90234375 0.763671875
4 0.9309895828125001 0.744140625 0.9244791671874999 0.7529296875 0.9322916671874999 0.7666015625 0.9466145828125001 0.771484375 0.9557291671874999 0.7685546875 0.9635416671874999 0.7587890625 0.9609375 0.7490234375 0.95703125 0.74609375 0.9309895828125001 0.744140625
4 0.62109375 0.703125 0.6145833328125 0.7080078125 0.6145833328125 0.7158203125 0.6184895828125 0.720703125 0.6302083328125 0.7177734375 0.6328125 0.7080078125 0.62109375 0.703125
4 0.6796875 0.7587890625 0.6731770828125 0.75390625 0.66015625 0.755859375 0.65625 0.7607421875 0.6731770828125 0.76953125 0.6796875 0.7646484375 0.6796875 0.7587890625
5 0.82421875 0.794921875 0.8307291671874999 0.7900390625 0.8268229171874999 0.783203125 0.8151041671874999 0.7880859375 0.8151041671874999 0.7919921875 0.82421875 0.794921875
4 0.7278645828125 0.734375 0.7161458328125 0.7412109375 0.7135416671875 0.7509765625 0.7200520828125 0.759765625 0.7291666671875 0.7568359375 0.7395833328125 0.7451171875 0.7278645828125 0.734375
4 0.3216145828125 0.7109375 0.3111979171875 0.7109375 0.3046875 0.7158203125 0.31640625 0.728515625 0.328125 0.7255859375 0.3307291671875 0.7197265625 0.3216145828125 0.7109375
4 0.1979166671875 0.7080078125 0.18359375 0.708984375 0.1848958328125 0.7197265625 0.19140625 0.724609375 0.20052083281250002 0.7236328125 0.203125 0.7138671875 0.1979166671875 0.7080078125
4 0.19140625 0.685546875 0.1796875 0.6943359375 0.1770833328125 0.7021484375 0.1888020828125 0.705078125 0.1953125 0.7001953125 0.1979166671875 0.6904296875 0.19140625 0.685546875
4 0.32421875 0.75 0.3125 0.7587890625 0.31640625 0.765625 0.3372395828125 0.7734375 0.34765625 0.76953125 0.3515625 0.7666015625 0.3515625 0.7548828125 0.33984375 0.748046875 0.32421875 0.75
4 0.1015625 0.7431640625 0.1015625 0.7529296875 0.1106770828125 0.759765625 0.12109375 0.76171875 0.1302083328125 0.7568359375 0.1328125 0.7451171875 0.1236979171875 0.73828125 0.1080729171875 0.73828125 0.1015625 0.7431640625
4 0.07421875 0.748046875 0.08984375 0.751953125 0.09895833281250001 0.7451171875 0.09895833281250001 0.7373046875 0.08984375 0.728515625 0.08203125 0.728515625 0.06510416718749999 0.7392578125 0.07421875 0.748046875
4 0.07161458281250001 0.75390625 0.0625 0.7587890625 0.06640625 0.767578125 0.08203125 0.7734375 0.09244791718749999 0.7734375 0.09895833281250001 0.7685546875 0.09895833281250001 0.7607421875 0.08723958281250001 0.75390625 0.07161458281250001 0.75390625
4 0.06119791718749999 0.72265625 0.046875 0.7255859375 0.046875 0.7314453125 0.05338541718749999 0.736328125 0.06640625 0.736328125 0.06770833281250001 0.7275390625 0.06119791718749999 0.72265625
4 0.06901041718749999 0.681640625 0.05729166718749999 0.6962890625 0.05989583281250001 0.7099609375 0.07682291718749999 0.71484375 0.09375 0.7080078125 0.09635416718749999 0.6943359375 0.09114583281250001 0.6865234375 0.08463541718749999 0.681640625 0.06901041718749999 0.681640625
5 0.18359375 0.603515625 0.1875 0.5908203125 0.1809895828125 0.587890625 0.16796875 0.58984375 0.1666666671875 0.6005859375 0.18359375 0.603515625
5 0.8828125 0.5263671875 0.8854166671874999 0.5087890625 0.8736979171874999 0.505859375 0.8645833328125001 0.5185546875 0.8763020828125001 0.529296875 0.8828125 0.5263671875
5 0.6002604171875 0.544921875 0.6080729171875 0.544921875 0.609375 0.5341796875 0.6028645828125 0.52734375 0.59765625 0.52734375 0.5911458328125 0.5322265625 0.5911458328125 0.5380859375 0.6002604171875 0.544921875
5 0.5221354171875 0.50390625 0.5091145828125 0.50390625 0.5078125 0.5107421875 0.5143229171875 0.515625 0.5221354171875 0.515625 0.5286458328125 0.5087890625 0.5221354171875 0.50390625
5 0.53515625 0.451171875 0.5390625 0.4462890625 0.5221354171875 0.4375 0.5234375 0.4501953125 0.52734375 0.453125 0.53515625 0.451171875
5 0.4401041671875 0.4794921875 0.4427083328125 0.4853515625 0.4544270828125 0.4921875 0.46484375 0.4921875 0.4765625 0.4853515625 0.4765625 0.4716796875 0.4596354171875 0.46484375 0.44921875 0.466796875 0.4401041671875 0.4794921875
5 0.7942708328125 0.4716796875 0.796875 0.4638671875 0.78515625 0.458984375 0.7864583328125 0.4697265625 0.7942708328125 0.4716796875
5 0.73828125 0.447265625 0.7421875 0.4404296875 0.73046875 0.439453125 0.7291666671875 0.4462890625 0.73828125 0.447265625
5 0.6888020828125 0.4348181734375 0.67578125 0.4348181734375 0.6666666671875 0.4475134859375 0.6809895828125 0.4543494234375 0.69140625 0.4523962984375 0.6953125 0.4397009859375 0.6888020828125 0.4348181734375
5 0.6705729171875 0.419921875 0.6419270828125 0.4140625 0.62890625 0.4140625 0.6223958328125 0.4189453125 0.6223958328125 0.4306640625 0.6341145828125 0.4453125 0.66015625 0.447265625 0.671875 0.4404296875 0.6770833328125 0.4267578125 0.6705729171875 0.419921875
5 0.95703125 0.53125 0.98046875 0.533203125 0.984375 0.5263671875 0.9700520828125001 0.513671875 0.95703125 0.513671875 0.9505208328125001 0.5185546875 0.9505208328125001 0.5263671875 0.95703125 0.53125
5 0.3151041671875 0.5048828125 0.2903645828125 0.494140625 0.27734375 0.494140625 0.2604166671875 0.5107421875 0.265625 0.5224609375 0.28515625 0.53125 0.30078125 0.529296875 0.3125 0.5224609375 0.3177083328125 0.5146484375 0.3151041671875 0.5048828125
5 0.36328125 0.5 0.35546875 0.498046875 0.3463541671875 0.5009765625 0.3528645828125 0.51171875 0.3658854171875 0.513671875 0.3697916671875 0.5048828125 0.36328125 0.5
5 0.24348958281250002 0.509765625 0.24739583281250002 0.5068359375 0.24479166718749998 0.4970703125 0.23046875 0.494140625 0.2265625 0.5029296875 0.24348958281250002 0.509765625
5 0.12890625 0.490234375 0.1328125 0.4814453125 0.1158854171875 0.4765625 0.1145833328125 0.4833984375 0.12890625 0.490234375
5 0.27734375 0.451171875 0.2747395828125 0.443359375 0.2630208328125 0.4462890625 0.2669270828125 0.453125 0.27734375 0.451171875
5 0.34765625 0.45703125 0.3489583328125 0.4462890625 0.33984375 0.44140625 0.3307291671875 0.4541015625 0.3424479171875 0.458984375 0.34765625 0.45703125
5 0.4817708328125 0.3701171875 0.4817708328125 0.3818359375 0.4908854171875 0.390625 0.5065104171875 0.392578125 0.515625 0.3876953125 0.5182291671875 0.3798828125 0.5091145828125 0.37109375 0.48828125 0.3671875 0.4817708328125 0.3701171875
2 0.9401041671874999 0.3623046875 0.89453125 0.353515625 0.8841145828125001 0.35546875 0.8645833328125001 0.3779296875 0.8671875 0.3974609375 0.875 0.4091796875 0.94140625 0.455078125 0.9622395828125001 0.4609375 0.9661458328125001 0.4541015625 0.9401041671874999 0.3623046875
4 0.9986979171874999 0.275390625 1 0.2626953125 0.98828125 0.26171875 0.984375 0.2646484375 0.9869791671874999 0.2724609375 0.9986979171874999 0.275390625
4 0.9700520828125001 0.287109375 0.9817708328125001 0.2841796875 0.9869791671874999 0.2763671875 0.9869791671874999 0.2646484375 0.9700520828125001 0.26171875 0.9609375 0.2705078125 0.9609375 0.2802734375 0.9700520828125001 0.287109375
4 0.9674479171874999 0.3046875 0.98046875 0.306640625 0.984375 0.3037109375 0.984375 0.2900390625 0.97265625 0.28515625 0.9661458328125001 0.2880859375 0.9609375 0.2978515625 0.9674479171874999 0.3046875
4 0.95703125 0.271484375 0.9444927734374999 0.282079328125 0.9423160203125001 0.2914665796875 0.9537439781250001 0.298813125 0.9596354171874999 0.2890625 0.9635416671874999 0.2802734375 0.95703125 0.271484375
4 0.9304364187499999 0.2825731828125 0.9321126484375 0.284878 0.9354651109375001 0.286135171875 0.9393763171874999 0.28466847031250003 0.940773175 0.27984930625 0.9374207140624999 0.27670637343750004 0.9318332781249999 0.2788016625 0.9304364187499999 0.2802683640625 0.9304364187499999 0.2825731828125
4 0.9036167234375 0.284878 0.9086454171874999 0.28843999062500003 0.913674109375 0.2873923453125 0.91730594375 0.285087528125 0.9175853140625 0.2808969515625 0.914791596875 0.2750301421875 0.9111597625 0.2758682578125 0.9066898140624999 0.2788016625 0.9036167234375 0.284878
4 0.8890893906249999 0.27670637343750004 0.8871337859375 0.278592134375 0.8854575562500001 0.282363653125 0.8826638390625 0.28864951875 0.8874131593750001 0.2924210390625 0.8893687625 0.2899066921875 0.8913243640624999 0.28592564375 0.8927212234375 0.282363653125 0.8899275046874999 0.2758682578125 0.8890893906249999 0.27670637343750004
4 0.7799479171875 0.27734375 0.7721354171875 0.27734375 0.765625 0.2822265625 0.76953125 0.294921875 0.78515625 0.291015625 0.7864583328125 0.2822265625 0.7799479171875 0.27734375
4 0.7252604171875 0.294921875 0.7161458328125 0.3037109375 0.7161458328125 0.3134765625 0.7252604171875 0.322265625 0.7356770828125 0.322265625 0.7395833328125 0.3193359375 0.7395833328125 0.3017578125 0.7330729171875 0.294921875 0.7252604171875 0.294921875
4 0.8059895828125001 0.294921875 0.8072916671874999 0.2802734375 0.8033854171874999 0.27734375 0.796875 0.2802734375 0.7942708328125 0.2880859375 0.8059895828125001 0.294921875
4 0.7877604171875 0.3125 0.7916666671875 0.3056640625 0.7864583328125 0.2978515625 0.7721354171875 0.294921875 0.7734375 0.3056640625 0.7877604171875 0.3125
4 0.6861979171875 0.2734375 0.6796875 0.2744140625 0.6744791671875 0.2841796875 0.6744791671875 0.2880859375 0.68359375 0.291015625 0.6901041671875 0.2861328125 0.6861979171875 0.2734375
4 0.5455729171875 0.296875 0.5546875 0.2939453125 0.5546875 0.2783203125 0.5481770828125 0.2734375 0.5377604171875 0.275390625 0.53125 0.2822265625 0.5338541671875 0.2919921875 0.5455729171875 0.296875
4 0.5169270828125 0.291015625 0.5234375 0.2822265625 0.5128843390625 0.273570496875 0.5086403484375001 0.2859487984375 0.5157136640625 0.2873634609375 0.5169270828125 0.291015625
4 0.7953454046874999 0.772946571875 0.80100405625 0.7708245781249999 0.8038333828124999 0.76587325625 0.7953454046874999 0.758799940625 0.787800534375 0.7552632828125 0.7788410015625 0.7478363015625 0.7708245781249999 0.75101929375 0.7727107953125001 0.7598609374999999 0.773653903125 0.76799525 0.7840280984375 0.76799525 0.7892151968750001 0.7694099140625 0.7953454046874999 0.772946571875
4 0.51618521875 0.3061077484375 0.512412784375 0.309998071875 0.51477055625 0.3135347296875 0.519957653125 0.3163640546875 0.5237300890625 0.31742505312499997 0.5345758390625 0.3167177203125 0.5374051640624999 0.312120065625 0.5345758390625 0.306815078125 0.524673196875 0.30292475625000004 0.51618521875 0.3061077484375
4 0.5336327296875 0.3011564265625 0.535518946875 0.3022174234375 0.5397629359375 0.30186375781249997 0.5425922625 0.2990344328125 0.5416491546875 0.29620510625 0.53787671875 0.2944367765625 0.5326896203125 0.29549777499999996 0.5326896203125 0.297973434375 0.5336327296875 0.3011564265625
4 0.4911928375 0.30186375781249997 0.4911928375 0.29832709999999996 0.48789195625000004 0.295851440625 0.48034708593750003 0.2923147828125 0.4751599875 0.2944367765625 0.46808667187499997 0.29761976875 0.46667200937500003 0.3011564265625 0.46902978125 0.304693084375 0.47468843437499997 0.306815078125 0.47987553125 0.306815078125 0.4845910765625 0.305400415625 0.4911928375 0.30186375781249997
4 0.4280045515625 0.302571090625 0.43366320468749997 0.303278421875 0.4360209765625 0.30292475625000004 0.4407365203125 0.2997417640625 0.4407365203125 0.295851440625 0.43743563906249994 0.291253784375 0.424703671875 0.291253784375 0.42376056249999994 0.297266103125 0.4280045515625 0.302571090625
4 0.49873770781250004 0.2788754828125 0.500623925 0.27816815156249997 0.5062825765625 0.275692490625 0.5086403484375001 0.2728631640625 0.5058110234375001 0.2703875046875 0.5015670328125 0.26932650625 0.49685148906250004 0.2725095 0.49637993593749996 0.27816815156249997 0.49873770781250004 0.2788754828125
4 0.4926075 0.25977753125 0.4916643921875 0.261899525 0.4911928375 0.26826550937500004 0.4930790546875 0.26826550937500004 0.49685148906250004 0.26791184375 0.5015670328125 0.26508251718750003 0.5039248046875 0.26119219375 0.5029816968749999 0.258009203125 0.498266153125 0.25942386562499997 0.4926075 0.25977753125
4 0.3450109828125 0.3149493921875 0.3530274078125 0.3156567234375 0.3563282875 0.31424206093749996 0.3591576140625 0.309998071875 0.354913625 0.3061077484375 0.35255585312500004 0.30292475625000004 0.33888077656250004 0.30186375781249997 0.339823884375 0.30929073906250004 0.3450109828125 0.3149493921875
4 0.345954090625 0.266850846875 0.347840309375 0.2636678546875 0.3450109828125 0.25730187031249996 0.341238546875 0.25235055 0.3308643515625 0.25447254531249996 0.3285065796875 0.2565945390625 0.3261488078125 0.26225319062499997 0.32662036250000004 0.26472885156250003 0.3294496890625 0.266850846875 0.3332221234375 0.26932650625 0.3393523296875 0.26932650625 0.345954090625 0.266850846875
4 0.2864583328125 0.2939453125 0.2877604171875 0.294921875 0.2955729171875 0.294921875 0.2994791671875 0.2919921875 0.2994791671875 0.2880859375 0.2942708328125 0.2783203125 0.29296875 0.27734375 0.2877604171875 0.27734375 0.2838541671875 0.2802734375 0.28125 0.2841796875 0.28125 0.2861328125 0.2864583328125 0.2939453125
4 0.26609997500000004 0.2752894609375 0.263834075 0.2783106625 0.26509290937499996 0.2820871625 0.267610575 0.28624131406250003 0.27063177656250004 0.28907368906249997 0.27415651093750004 0.28643013906250003 0.2756671109375 0.2830312875 0.2756671109375 0.27849948593749996 0.271890609375 0.27415651093750004 0.26609997500000004 0.2752894609375
4 0.234629134375 0.27642241093750003 0.23337029999999997 0.2775553609375 0.23160793281249997 0.2809542125 0.23160793281249997 0.28397541406250004 0.2356362 0.289640165625 0.23865740156249998 0.2875630890625 0.239916234375 0.2852971890625 0.2394127015625 0.2807653875 0.23613973437500002 0.2779330125 0.234629134375 0.27642241093750003
4 0.17578125 0.302734375 0.1809895828125 0.302734375 0.1848958328125 0.2998046875 0.1875 0.2939453125 0.1875 0.2880859375 0.1848958328125 0.2841796875 0.1809895828125 0.28125 0.17578125 0.28125 0.1692708328125 0.2861328125 0.1666666671875 0.2919921875 0.1692708328125 0.2978515625 0.17578125 0.302734375
4 0.11025636875 0.2790659625 0.119068203125 0.27849948593749996 0.126872971875 0.27415651093750004 0.1298941734375 0.26886940937500003 0.13115300624999998 0.2624493578125 0.13115300624999998 0.25848403124999997 0.126117671875 0.25678460625 0.11302580312499999 0.25716225625 0.1059763328125 0.26018345625 0.1034586671875 0.26301583281249996 0.10320689999999999 0.271512959375 0.1037104328125 0.2758559359375 0.10522103437500001 0.2779330125 0.11025636875 0.2790659625
4 0.0182291671875 0.2919921875 0.0234375 0.2978515625 0.02734375 0.30078125 0.0325520828125 0.302734375 0.0403645828125 0.302734375 0.0416666671875 0.3017578125 0.0416666671875 0.2861328125 0.0364583328125 0.2802734375 0.0325520828125 0.27734375 0.02734375 0.275390625 0.0247395828125 0.275390625 0.0182291671875 0.2822265625 0.0182291671875 0.2919921875
5 0.1171875 0.2373046875 0.1145833328125 0.2333984375 0.1106770828125 0.23046875 0.10546875 0.23046875 0.1015625 0.2333984375 0.1015625 0.2392578125 0.1080729171875 0.2421875 0.11328125 0.2421875 0.1171875 0.2392578125 0.1171875 0.2373046875
5 0.09114583281250001 0.2861328125 0.09114583281250001 0.2958984375 0.09765625 0.302734375 0.1080729171875 0.306640625 0.1106770828125 0.306640625 0.1236979171875 0.3046875 0.1328125 0.2998046875 0.1354166671875 0.2958984375 0.1354166671875 0.2841796875 0.12890625 0.27734375 0.11328125 0.275390625 0.1028645828125 0.27734375 0.09375 0.2822265625 0.09114583281250001 0.2861328125
4 0.5991242921875 0.28406550468749997 0.6015047890624999 0.2799591484375 0.6041666671875 0.2705078125 0.6028645828125 0.26953125 0.6002604171875 0.26953125 0.5911458328125 0.2763671875 0.5885416671875 0.2802734375 0.5885416671875 0.2861328125 0.5924589015625 0.286565028125 0.59745794375 0.286207953125 0.5991242921875 0.28406550468749997
4 0.5972198953125 0.260141509375 0.59864819375 0.25746345000000004 0.5993623421875001 0.2540712421875 0.5941252484375 0.2542497796875 0.5924589015625 0.25674930156250003 0.5891262046875 0.25746345000000004 0.58865010625 0.260320046875 0.5862696093750001 0.26299810625000003 0.5865076593749999 0.2638907921875 0.59364915 0.264962015625 0.595791596875 0.26299810625000003 0.5972198953125 0.260141509375
4 0.56793978125 0.2476439 0.56865393125 0.245144378125 0.5696061296875 0.2433590046875 0.5615124390624999 0.2433590046875 0.5588938921875 0.244608765625 0.555561196875 0.24603706406249998 0.5546089984375 0.2485365859375 0.555561196875 0.250857571875 0.5593699921875 0.25282148125 0.5615124390624999 0.2540712421875 0.565321234375 0.25121464531250004 0.56793978125 0.2476439
5 0.3684895828125 0.359375 0.3723958328125 0.3564453125 0.3723958328125 0.3505859375 0.3684895828125 0.34765625 0.3606770828125 0.345703125 0.3528645828125 0.345703125 0.3489583328125 0.3486328125 0.3489583328125 0.3505859375 0.3515625 0.3564453125 0.35546875 0.359375 0.3684895828125 0.359375
5 0.2877604171875 0.205078125 0.3059895828125 0.2109375 0.3111979171875 0.2109375 0.3151041671875 0.2080078125 0.3151041671875 0.1962890625 0.3125 0.1923828125 0.3059895828125 0.1875 0.30078125 0.185546875 0.2903645828125 0.189453125 0.2838541671875 0.1943359375 0.2838541671875 0.2021484375 0.2877604171875 0.205078125
5 0.2552083328125 0.1826171875 0.2513020828125 0.1796875 0.23828125 0.1796875 0.234375 0.1845703125 0.234375 0.1943359375 0.24348958281250002 0.19921875 0.24869791718749998 0.197265625 0.2526041671875 0.1943359375 0.2552083328125 0.1884765625 0.2552083328125 0.1826171875
5 0.3958333328125 0.2041015625 0.3919270828125 0.201171875 0.37890625 0.201171875 0.375 0.2060546875 0.375 0.2080078125 0.37890625 0.2109375 0.3893229171875 0.2109375 0.39453125 0.208984375 0.3958333328125 0.2080078125 0.3958333328125 0.2041015625
4 0.42725240312499996 0.26406932968749997 0.4351080453125 0.2644264046875 0.44082123749999996 0.26353371875 0.44534418125 0.2587132109375 0.44605833125 0.251036109375 0.43486999531250004 0.2519287953125 0.4298709515625 0.255321003125 0.42749045468749997 0.260320046875 0.42725240312499996 0.26406932968749997
5 0.3450520828125 0.16796875 0.3489583328125 0.1650390625 0.3450520828125 0.16015625 0.328125 0.1572265625 0.33203125 0.169921875 0.3450520828125 0.16796875
5 0.3606770828125 0.14453125 0.3502604171875 0.142578125 0.3463541671875 0.1552734375 0.3528645828125 0.16015625 0.3606770828125 0.16015625 0.3645833328125 0.1494140625 0.3606770828125 0.14453125
5 0.3216145828125 0.140625 0.328125 0.1357421875 0.32421875 0.12890625 0.3125 0.1357421875 0.3216145828125 0.140625
5 0.3997395828125 0.134765625 0.4036458328125 0.1318359375 0.3997395828125 0.12109375 0.3828125 0.1240234375 0.3841145828125 0.1328125 0.3997395828125 0.134765625
5 0.4674479171875 0.15625 0.4739583328125 0.1474609375 0.4700520828125 0.142578125 0.4596354171875 0.142578125 0.4557291671875 0.1513671875 0.4674479171875 0.15625
5 0.540117203125 0.1856941453125 0.5416091171875 0.181498134375 0.5363874140625 0.17562371875 0.5311657125 0.181498134375 0.540117203125 0.1856941453125
5 0.5716145828125 0.107421875 0.5611979171875 0.109375 0.5520833328125 0.1162109375 0.5533854171875 0.123046875 0.5677083328125 0.1240234375 0.5755208328125 0.1123046875 0.5716145828125 0.107421875
5 0.5611979171875 0.09375 0.5651041671875 0.0869140625 0.5559895828125 0.083984375 0.5494791671875 0.0908203125 0.5611979171875 0.09375
5 0.453125 0.0634765625 0.453125 0.0732421875 0.4596354171875 0.078125 0.47265625 0.080078125 0.4791666671875 0.0771484375 0.4817708328125 0.0693359375 0.47265625 0.056640625 0.46484375 0.056640625 0.453125 0.0634765625
5 0.7698721125 0.1241526515625 0.7657693453125 0.12443238593749999 0.7586827484375 0.12667025781250002 0.7578125 0.1298828125 0.76171875 0.1328125 0.767261259375 0.1291878640625 0.7706180687499999 0.133663609375 0.7734375 0.1318359375 0.7732289203125 0.1252715875 0.7698721125 0.1241526515625
5 0.8190104171874999 0.12890625 0.8255208328125001 0.1259765625 0.8268229171874999 0.111328125 0.80859375 0.109375 0.8020833328125001 0.1123046875 0.8020833328125001 0.1220703125 0.80859375 0.126953125 0.8190104171874999 0.12890625
5 0.859375 0.1220703125 0.8606770828125001 0.115234375 0.84375 0.1142578125 0.8450520828125001 0.125 0.8502604171874999 0.126953125 0.859375 0.1220703125
5 0.8411458328125001 0.0849609375 0.8463541671874999 0.0732421875 0.8346354171874999 0.072265625 0.8307291671874999 0.0849609375 0.8346354171874999 0.087890625 0.8411458328125001 0.0849609375
5 0.7630208328125 0.0849609375 0.765625 0.0771484375 0.7591145828125 0.072265625 0.7447916671875 0.0732421875 0.7565104171875 0.0859375 0.7630208328125 0.0849609375
5 0.9049479171874999 0.064453125 0.9088541671874999 0.0615234375 0.9049479171874999 0.052734375 0.8984375 0.0556640625 0.8984375 0.0634765625 0.9049479171874999 0.064453125
5 0.9348958328125001 0.0322265625 0.9348958328125001 0.0419921875 0.9466145828125001 0.05078125 0.9596354171874999 0.052734375 0.9713541671874999 0.0458984375 0.9739583328125001 0.0361328125 0.9674479171874999 0.02734375 0.9466145828125001 0.025390625 0.9348958328125001 0.0322265625
5 0.7486979171875 0.19140625 0.7421875 0.1982421875 0.7421875 0.2099609375 0.75390625 0.216796875 0.77734375 0.216796875 0.78125 0.2060546875 0.7760416671875 0.1982421875 0.7591145828125 0.19140625 0.7486979171875 0.19140625
5 0.6458333328125 0.2021484375 0.6458333328125 0.1904296875 0.63671875 0.18359375 0.6281401859375 0.1912888265625 0.628513165625 0.20219845468750003 0.6458333328125 0.2021484375
5 0.6158854171875 0.193359375 0.6102372078125 0.1935267 0.609375 0.1962890625 0.61328125 0.201171875 0.6184895828125 0.201171875 0.619561675 0.19576457187500002 0.6158854171875 0.193359375
5 0.06770833281250001 0.0205078125 0.05598958281250001 0.013671875 0.0494791671875 0.0166015625 0.046875 0.0283203125 0.06119791718749999 0.03125 0.06770833281250001 0.0263671875 0.06770833281250001 0.0205078125
5 0.1705729171875 0.02734375 0.1888020828125 0.0234375 0.20833333281250002 0.0087890625 0.19921875 0 0.1302083328125 0.0009765625 0.1302083328125 0.0068359375 0.1575520828125 0.0234375 0.1705729171875 0.02734375
2 0 0.3916015625 0.006510417187500001 0.3984375 0.1106770828125 0.400390625 0.21223958281250002 0.3828125 0.22135416718749998 0.3759765625 0.22135416718749998 0.3662109375 0.21875 0.3583984375 0.20182291718749998 0.349609375 0.05598958281250001 0.341796875 0.009114582812499999 0.3515625 0.0026041671875 0.3564453125 0 0.3662109375 0 0.3916015625
4 0.6918271828125 0.756029853125 0.6943635859375 0.7536519765625 0.7007045890625 0.7546031265625001 0.701972790625 0.750798525 0.7045091921875 0.74366489375 0.6905589828124999 0.7484206484375 0.6816815765625 0.7536519765625 0.6829497765625 0.7584077296875 0.6918271828125 0.756029853125
4 1 0.7255930312500001 0.9930248953125 0.7279709078125001 0.9892202921875001 0.7327266625 0.9808999187499999 0.7401954890625 0.9820575 0.74366823125 0.9887135890625001 0.744102325 1 0.7484432515624999 1 0.7460557421875 1 0.7412807203125 1 0.7255930312500001
4 0.8121503171875 0.30380500781249997 0.8179061578125 0.3045898953125 0.8288945796875 0.3041974515625 0.8330806453124999 0.3061596703125 0.8456388406249999 0.3045898953125 0.8513946812500001 0.29948812812500003 0.8487783906249999 0.2908543671875 0.838836484375 0.2841828265625 0.8278480625 0.2837903828125 0.82418525625 0.2845752703125 0.8147666078125001 0.28889215 0.8100572843749999 0.2928165859375 0.8095340265625 0.298310796875 0.8121503171875 0.30380500781249997