5 0.28125 0.9736328125 0.2786458328125 0.9833984375 0.28515625 0.98828125 0.2981770828125 0.990234375 0.3098958328125 0.9814453125 0.3072916671875 0.9580078125 0.2981770828125 0.953125 0.2864583328125 0.9541015625 0.2786458328125 0.9619140625 0.28125 0.9736328125
5 0.3177083328125 0.8193359375 0.3072916671875 0.8271484375 0.2994791671875 0.8388671875 0.296875 0.8544921875 0.30078125 0.857421875 0.3268229171875 0.857421875 0.34765625 0.8515625 0.3567708328125 0.8447265625 0.3567708328125 0.8349609375 0.3424479171875 0.8203125 0.3177083328125 0.8193359375
5 1 0.7822265625 0.984375 0.7822265625 0.9765625 0.7880859375 0.9739583328125001 0.8017578125 0.9830729171874999 0.806640625 0.9908854171874999 0.806640625 1 0.8037109375 1 0.7822265625
5 0.5013020828125 0.556640625 0.4947916671875 0.5615234375 0.5 0.5751953125 0.4973958328125 0.5966796875 0.4765625 0.6181640625 0.4739583328125 0.6279296875 0.4739583328125 0.6396484375 0.4817708328125 0.6591796875 0.4986979171875 0.671875 0.5221354171875 0.6796875 0.5455729171875 0.6796875 0.5611979171875 0.67578125 0.5885416671875 0.6572265625 0.5963541671875 0.6337890625 0.5963541671875 0.5986328125 0.6015625 0.5830078125 0.6015625 0.5673828125 0.56640625 0.541015625 0.5520833328125 0.5400390625 0.5013020828125 0.556640625
5 1 0.2041015625 0.99609375 0.201171875 0.984375 0.2021484375 0.9791666671874999 0.2041015625 0.9739583328125001 0.2138671875 0.9830729171874999 0.220703125 0.99609375 0.220703125 1 0.2177734375 1 0.2041015625
5 0.20052083281250002 0.1376953125 0.21744791718749998 0.142578125 0.22916666718749998 0.1357421875 0.22916666718749998 0.1201171875 0.2109375 0.1162109375 0.20052083281250002 0.1220703125 0.20052083281250002 0.1376953125
5 0.578125 0.2509765625 0.5846354171875 0.25390625 0.5989583328125 0.2431640625 0.5924479171875 0.23828125 0.5859375 0.2392578125 0.5755208328125 0.2431640625 0.578125 0.2509765625
5 0.6731770828125 0.525390625 0.6588541671875 0.5263671875 0.6536458328125 0.5380859375 0.6653645828125 0.546875 0.6809895828125 0.544921875 0.6875 0.5302734375 0.6783854171875 0.529296875 0.6731770828125 0.525390625
5 0.8111979171874999 0.765625 0.8177083328125001 0.7607421875 0.8177083328125001 0.7529296875 0.8111979171874999 0.748046875 0.796875 0.7490234375 0.7916666671875 0.7529296875 0.7916666671875 0.7607421875 0.80078125 0.765625 0.8111979171874999 0.765625
5 0.16015625 0.5703125 0.1744791671875 0.5634765625 0.1744791671875 0.5537109375 0.1627604171875 0.548828125 0.1536458328125 0.5498046875 0.1458333328125 0.5556640625 0.1432291671875 0.5634765625 0.1497395828125 0.568359375 0.16015625 0.5703125
5 0.22395833281250002 0.2822265625 0.22786458281250002 0.28515625 0.24088541718749998 0.283203125 0.2526041671875 0.2744140625 0.2552083328125 0.2685546875 0.2552083328125 0.2607421875 0.24869791718749998 0.255859375 0.23177083281250002 0.2568359375 0.22135416718749998 0.2685546875 0.22395833281250002 0.2822265625
5 0.4388020828125 0.33984375 0.4505208328125 0.3310546875 0.453125 0.3212890625 0.4466145828125 0.31640625 0.4322916671875 0.3173828125 0.421875 0.3232421875 0.4192708328125 0.3310546875 0.4231770828125 0.3359375 0.4388020828125 0.33984375
5 0.2630208328125 0.7607421875 0.2747395828125 0.763671875 0.2864583328125 0.7568359375 0.2864583328125 0.7470703125 0.2682291671875 0.7470703125 0.2630208328125 0.7509765625 0.2630208328125 0.7607421875
5 0.7630208328125 0.5576171875 0.7513020828125 0.560546875 0.7369791671875 0.5693359375 0.7434895828125 0.580078125 0.7486979171875 0.58203125 0.76953125 0.580078125 0.7786458328125 0.5732421875 0.78125 0.5693359375 0.7786458328125 0.5595703125 0.7747395828125 0.556640625 0.7630208328125 0.5576171875
5 0.32421875 0.46875 0.3346354171875 0.46875 0.3411458328125 0.4638671875 0.3411458328125 0.4560546875 0.3307291671875 0.4541015625 0.3203125 0.4638671875 0.32421875 0.46875
5 0.2825520828125 0.81640625 0.2903645828125 0.81640625 0.2942708328125 0.8115234375 0.2942708328125 0.7978515625 0.2890625 0.7958984375 0.2825520828125 0.796875 0.2760416671875 0.8037109375 0.2760416671875 0.8115234375 0.2825520828125 0.81640625
5 0.1458333328125 0.4619140625 0.1263020828125 0.46484375 0.1145833328125 0.4736328125 0.1145833328125 0.4794921875 0.1315104171875 0.484375 0.1471354171875 0.484375 0.1575520828125 0.48046875 0.1666666671875 0.4736328125 0.1666666671875 0.4638671875 0.16015625 0.4609375 0.1458333328125 0.4619140625
5 0.9361979171874999 0.814453125 0.9427083328125001 0.8076171875 0.9401041671874999 0.7998046875 0.9283854171874999 0.791015625 0.9166666671874999 0.7900390625 0.90625 0.7978515625 0.9088541671874999 0.8095703125 0.9153645828125001 0.814453125 0.9361979171874999 0.814453125
5 0.0364583328125 0.4345703125 0.0494791671875 0.4482421875 0.0494791671875 0.4521484375 0.06119791718749999 0.455078125 0.0859375 0.4404296875 0.08854166718749999 0.4287109375 0.07682291718749999 0.419921875 0.0546875 0.4189453125 0.0364583328125 0.4287109375 0.0364583328125 0.4345703125
5 0.19921875 0.232421875 0.20833333281250002 0.2216796875 0.20833333281250002 0.2158203125 0.20442708281250002 0.212890625 0.1848958328125 0.2138671875 0.1822916671875 0.2236328125 0.19921875 0.232421875
5 0.1888020828125 0.447265625 0.1822916671875 0.4482421875 0.171875 0.4541015625 0.17578125 0.462890625 0.1888020828125 0.462890625 0.1953125 0.4580078125 0.1953125 0.4501953125 0.1888020828125 0.447265625
5 0.9700520828125001 0.751953125 0.9635416671874999 0.7529296875 0.9557291671874999 0.7587890625 0.9557291671874999 0.7646484375 0.9622395828125001 0.76953125 0.9752604171874999 0.767578125 0.9791666671874999 0.7587890625 0.9700520828125001 0.751953125
5 0.8190104171874999 0.62890625 0.8020833328125001 0.6298828125 0.7864583328125 0.6416015625 0.79296875 0.6484375 0.8111979171874999 0.6484375 0.8307291671874999 0.6396484375 0.8307291671874999 0.6357421875 0.8190104171874999 0.62890625
5 0.08072916718749999 0.7451171875 0.078125 0.7568359375 0.08072916718749999 0.7626953125 0.09244791718749999 0.76953125 0.1236979171875 0.767578125 0.1197916671875 0.7314453125 0.09765625 0.71875 0.0703125 0.7177734375 0.06510416718749999 0.7294921875 0.08072916718749999 0.7451171875
5 0.8658854171874999 0.544921875 0.8567708328125001 0.5458984375 0.8463541671874999 0.5498046875 0.8463541671874999 0.5595703125 0.8580729171874999 0.56640625 0.8658854171874999 0.56640625 0.8723958328125001 0.5517578125 0.8658854171874999 0.544921875
5 0.55078125 0.02734375 0.5416666671875 0.0283203125 0.5390625 0.0400390625 0.5455729171875 0.044921875 0.5533854171875 0.04296875 0.5572916671875 0.0400390625 0.5572916671875 0.0322265625 0.55078125 0.02734375
5 0.7291666671875 0.8017578125 0.7161458328125 0.8134765625 0.7161458328125 0.8232421875 0.72265625 0.830078125 0.7356770828125 0.828125 0.7473958328125 0.8193359375 0.75 0.7998046875 0.734375 0.7958984375 0.7291666671875 0.7978515625 0.7291666671875 0.8017578125
5 0.9700520828125001 0.4921875 0.9765625 0.4873046875 0.9752604171874999 0.4765625 0.9622395828125001 0.470703125 0.9427083328125001 0.4716796875 0.9322916671874999 0.4755859375 0.9296875 0.4873046875 0.9466145828125001 0.49609375 0.9700520828125001 0.4921875
5 0.9544270828125001 0.388671875 0.9453125 0.3876953125 0.9296875 0.4033203125 0.9348958328125001 0.4228515625 0.9622395828125001 0.4296875 0.9713541671874999 0.4228515625 0.9661458328125001 0.4013671875 0.9544270828125001 0.388671875
5 0.9140625 0.3486328125 0.9140625 0.3642578125 0.9205729171874999 0.369140625 0.9440104171874999 0.369140625 0.9583333328125001 0.3642578125 0.9635416671874999 0.3544921875 0.9518229171874999 0.341796875 0.9427083328125001 0.3408203125 0.92578125 0.341796875 0.9140625 0.3486328125
5 0.5390625 0.1279296875 0.55859375 0.140625 0.5768229171875 0.142578125 0.5950520828125 0.140625 0.609375 0.1318359375 0.6302083328125 0.1005859375 0.6328125 0.0849609375 0.6302083328125 0.0751953125 0.6158854171875 0.05859375 0.5924479171875 0.048828125 0.5807291671875 0.0498046875 0.5546875 0.0595703125 0.5416666671875 0.0810546875 0.5442708328125 0.0966796875 0.5364583328125 0.1044921875 0.5390625 0.1279296875
5 0.41015625 0.169921875 0.4153645828125 0.169921875 0.4322916671875 0.1572265625 0.4283854171875 0.150390625 0.4140625 0.1513671875 0.40625 0.1591796875 0.41015625 0.169921875
5 0.33203125 0.123046875 0.3411458328125 0.1162109375 0.3463541671875 0.1044921875 0.3424479171875 0.09765625 0.3333333328125 0.0986328125 0.3255208328125 0.1044921875 0.3203125 0.1142578125 0.3268229171875 0.123046875 0.33203125 0.123046875
5 0.3463541671875 0.0634765625 0.3463541671875 0.0595703125 0.3541666671875 0.0537109375 0.3541666671875 0.0478515625 0.3776041671875 0.0302734375 0.3815104171875 0 0.2578125 0.0009765625 0.2799479171875 0.0234375 0.29296875 0.029296875 0.3268229171875 0.03125 0.3307291671875 0.0341796875 0.328125 0.0576171875 0.3346354171875 0.06640625 0.3463541671875 0.0634765625
5 0.4309895828125 0.576171875 0.4140625 0.5771484375 0.3958333328125 0.5888671875 0.4075520828125 0.599609375 0.4205729171875 0.6015625 0.4322916671875 0.5927734375 0.4375 0.5791015625 0.4309895828125 0.576171875
5 0.3489583328125 0.6201171875 0.3411458328125 0.6259765625 0.33984375 0.64453125 0.3619791671875 0.6337890625 0.359375 0.6201171875 0.3489583328125 0.6201171875
5 0.265625 0.6552734375 0.265625 0.6474609375 0.2565104171875 0.638671875 0.24869791718749998 0.634765625 0.23697916718749998 0.6357421875 0.234375 0.6455078125 0.21614583281250002 0.6611328125 0.21744791718749998 0.666015625 0.265625 0.6552734375
5 0.5703125 0.7431640625 0.5768229171875 0.755859375 0.58203125 0.755859375 0.5885416671875 0.7509765625 0.59375 0.7392578125 0.59375 0.7353515625 0.5872395828125 0.73046875 0.5833333328125 0.7314453125 0.5729166671875 0.7373046875 0.5703125 0.7431640625
5 0.55078125 0.712890625 0.5572916671875 0.7060546875 0.5546875 0.7001953125 0.5455729171875 0.693359375 0.5364583328125 0.6943359375 0.53125 0.6962890625 0.5286458328125 0.7021484375 0.5377604171875 0.7109375 0.55078125 0.712890625
5 0.6627604171875 0.890625 0.6796875 0.8798828125 0.6796875 0.8681640625 0.66796875 0.853515625 0.6536458328125 0.8525390625 0.640625 0.8564453125 0.6328125 0.8818359375 0.6393229171875 0.888671875 0.6627604171875 0.890625
5 0.5559895828125 0.955078125 0.5690104171875 0.966796875 0.5924479171875 0.978515625 0.6080729171875 0.978515625 0.6197916671875 0.9736328125 0.6328125 0.9580078125 0.6328125 0.9482421875 0.6458333328125 0.9189453125 0.6458333328125 0.9052734375 0.6236979171875 0.892578125 0.5989583328125 0.8935546875 0.5638020828125 0.900390625 0.5390625 0.9248046875 0.5338541671875 0.9345703125 0.5442708328125 0.9501953125 0.5559895828125 0.955078125
5 0.7434895828125 0.599609375 0.7330729171875 0.595703125 0.7083333328125 0.5966796875 0.6979166671875 0.6025390625 0.6953125 0.6083984375 0.6953125 0.6298828125 0.69921875 0.6328125 0.7330729171875 0.634765625 0.74609375 0.626953125 0.7630208328125 0.6220703125 0.7630208328125 0.6142578125 0.7434895828125 0.599609375
5 0.37890625 0.978515625 0.4127604171875 0.98046875 0.4192708328125 0.9775390625 0.4166666671875 0.9541015625 0.4244791671875 0.9345703125 0.41015625 0.92578125 0.40625 0.9267578125 0.35546875 0.9375 0.3489583328125 0.9423828125 0.3463541671875 0.9462890625 0.3489583328125 0.9736328125 0.35546875 0.98046875 0.36328125 0.982421875 0.37890625 0.978515625
5 0.1536458328125 0.1416015625 0.1536458328125 0.1357421875 0.1419270828125 0.126953125 0.1263020828125 0.123046875 0.1171875 0.1240234375 0.109375 0.1435546875 0.1236979171875 0.154296875 0.1393229171875 0.154296875 0.1536458328125 0.1416015625
5 0.20182291718749998 0.16015625 0.1901041671875 0.1611328125 0.1796875 0.1708984375 0.1796875 0.1748046875 0.1888020828125 0.181640625 0.1966145828125 0.1796875 0.20833333281250002 0.1689453125 0.20182291718749998 0.16015625
5 0.07682291718749999 0.763671875 0.06770833281250001 0.7646484375 0.05208333281250001 0.7763671875 0.05208333281250001 0.7861328125 0.0338541671875 0.8056640625 0.0364583328125 0.8251953125 0.0416666671875 0.8310546875 0.0364583328125 0.8408203125 0.05729166718749999 0.8466796875 0.05989583281250001 0.8642578125 0.06380208281250001 0.8671875 0.10546875 0.8671875 0.1106770828125 0.86328125 0.1184895828125 0.86328125 0.1276041671875 0.8564453125 0.1380208328125 0.8330078125 0.1432291671875 0.8056640625 0.1276041671875 0.7978515625 0.1158854171875 0.771484375 0.1080729171875 0.76953125 0.08984375 0.771484375 0.07682291718749999 0.763671875