5 0.31640625 0.330078125 0.3307291671875 0.3232421875 0.32421875 0.31640625 0.3059895828125 0.314453125 0.3020833328125 0.3212890625 0.31640625 0.330078125
5 0.3020833328125 0.1533203125 0.28515625 0.13671875 0.27734375 0.13671875 0.2708333328125 0.1416015625 0.2734375 0.1494140625 0.2877604171875 0.162109375 0.30078125 0.1640625 0.3020833328125 0.1533203125
5 0.5296875 0.4578125 0.009375 0.009375
5 0.80546875 0.3203125 0.0140625 0.0109375
5 0.5796875 0.81796875 0.0109375 0.0078125
4 0.790625 0.7453125 0.0125 0.0125
5 0.4114583328125 0.0986328125 0.4140625 0.0888671875 0.40234375 0.078125 0.3893229171875 0.078125 0.3776041671875 0.0830078125 0.375 0.0947265625 0.3841145828125 0.1015625 0.3997395828125 0.103515625 0.4114583328125 0.0986328125
5 0.36328125 0.275390625 0.3697916671875 0.2724609375 0.3697916671875 0.2666015625 0.3606770828125 0.263671875 0.3567708328125 0.2705078125 0.36328125 0.275390625
2 0.4544270828125 0.30859375 0.4830729171875 0.310546875 0.5078125 0.2998046875 0.5078125 0.2919921875 0.48046875 0.2734375 0.4596354171875 0.275390625 0.4322916671875 0.2900390625 0.4296875 0.2958984375 0.4348958328125 0.3037109375 0.4544270828125 0.30859375
5 0.375 0.4384765625 0.375 0.4248046875 0.36328125 0.4140625 0.35546875 0.4140625 0.3463541671875 0.4208984375 0.34375 0.4287109375 0.3502604171875 0.435546875 0.3580729171875 0.439453125 0.375 0.4384765625
5 0.26171875 0.546875 0.2552083328125 0.5537109375 0.2643229171875 0.564453125 0.2799479171875 0.564453125 0.2916666671875 0.5576171875 0.27734375 0.548828125 0.26171875 0.546875
5 0.4205729171875 0.556640625 0.4322916671875 0.5556640625 0.4231770828125 0.546875 0.41796875 0.546875 0.4166666671875 0.5537109375 0.4205729171875 0.556640625
5 0.3763020828125 0.806640625 0.3854166671875 0.8017578125 0.3854166671875 0.7978515625 0.3763020828125 0.794921875 0.3723958328125 0.7978515625 0.3763020828125 0.806640625
5 0.3138020828125 0.73046875 0.3255208328125 0.7275390625 0.32421875 0.720703125 0.3111979171875 0.720703125 0.3098958328125 0.7275390625 0.3138020828125 0.73046875
5 0.3723958328125 0.8857421875 0.3697916671875 0.8935546875 0.3736979171875 0.896484375 0.3841145828125 0.896484375 0.3932291671875 0.8896484375 0.38671875 0.884765625 0.3723958328125 0.8857421875
5 0.52734375 0.859375 0.5208333328125 0.8642578125 0.5208333328125 0.8701171875 0.5325520828125 0.873046875 0.5390625 0.8662109375 0.5325520828125 0.859375 0.52734375 0.859375
5 0.5924479171875 0.888671875 0.6015625 0.8857421875 0.6015625 0.8798828125 0.5950520828125 0.87890625 0.5885416671875 0.8837890625 0.5924479171875 0.888671875
5 0.6744791671875 0.9052734375 0.6731770828125 0.9140625 0.6848958328125 0.9072265625 0.6848958328125 0.9033203125 0.6744791671875 0.9052734375
5 0.5364583328125 0.9931640625 0.53515625 1 0.5494791671875 0.9990234375 0.5455729171875 0.98828125 0.5364583328125 0.9931640625
5 0.92578125 0.98046875 0.9401041671874999 0.9736328125 0.9401041671874999 0.9677734375 0.9283854171874999 0.96484375 0.921875 0.9697265625 0.92578125 0.98046875
5 0.91796875 0.857421875 0.921875 0.8505859375 0.9192708328125001 0.8466796875 0.9127604171874999 0.841796875 0.9049479171874999 0.84375 0.8984375 0.8486328125 0.8984375 0.8564453125 0.9049479171874999 0.859375 0.91796875 0.857421875
5 0.7747395828125 0.822265625 0.7760416671875 0.8310546875 0.7825520828125 0.83203125 0.7838541671875 0.8271484375 0.7747395828125 0.822265625
5 0.9622395828125001 0.888671875 0.96484375 0.896484375 0.9765625 0.8935546875 0.9752604171874999 0.888671875 0.9622395828125001 0.888671875
4 0.6458333328125 0.7724609375 0.6458333328125 0.7646484375 0.63671875 0.7578125 0.6158854171875 0.755859375 0.6067708328125 0.7626953125 0.6041666671875 0.7724609375 0.6158854171875 0.783203125 0.62890625 0.783203125 0.6458333328125 0.7724609375
4 0.71875 0.8056640625 0.7122395828125 0.802734375 0.7018229171875 0.8046875 0.6979166671875 0.8076171875 0.7005208328125 0.8193359375 0.71484375 0.822265625 0.71875 0.8193359375 0.71875 0.8056640625
4 0.5923282453125001 0.623200478125 0.5860491484375 0.61064228125 0.566688596875 0.605540515625 0.549944334375 0.6082876203125 0.559886240625 0.621630703125 0.5604094984375 0.6396831093750001 0.5740142109375 0.6557732984375 0.570351403125 0.662444840625 0.559886240625 0.6663692765625 0.5400024296875 0.67068615625 0.49609375 0.654296875 0.46875 0.6669921875 0.46875 0.6845703125 0.49657200156250003 0.700904315625 0.5237814265625 0.699726984375 0.5400024296875 0.71463984375 0.5455729171875 0.732421875 0.6080729171875 0.744140625 0.6328125 0.7392578125 0.6328125 0.6884765625 0.6276041671875 0.6787109375 0.6017468921875 0.66990126875 0.5991306015625 0.6373284484374999 0.5923282453125001 0.623200478125
5 0.7200520828125 0.5390625 0.7161458328125 0.5419921875 0.7174479171875 0.548828125 0.8033854171874999 0.572265625 0.8177083328125001 0.5693359375 0.7643229171875 0.5390625 0.7200520828125 0.5390625
5 0.8580729171874999 0.447265625 0.87890625 0.44921875 0.8932291671874999 0.4404296875 0.8958333328125001 0.4326171875 0.8815104171874999 0.419921875 0.8684895828125001 0.416015625 0.8502604171874999 0.41796875 0.8411458328125001 0.4248046875 0.8411458328125001 0.4326171875 0.8580729171874999 0.447265625
5 0.87890625 0.40234375 0.8802083328125001 0.4111328125 0.8919270828125001 0.41796875 0.8958333328125001 0.4111328125 0.87890625 0.40234375
5 0.91015625 0.462890625 0.90625 0.4716796875 0.9231770828125001 0.474609375 0.9244791671874999 0.4658203125 0.91015625 0.462890625
5 0.9309895828125001 0.544921875 0.91796875 0.544921875 0.9088541671874999 0.5517578125 0.90625 0.5576171875 0.9127604171874999 0.56640625 0.9375 0.5654296875 0.9401041671874999 0.5556640625 0.9309895828125001 0.544921875
5 0.8580729171874999 0.84765625 0.8216145828125001 0.828125 0.80078125 0.837890625 0.7942708328125 0.8447265625 0.8033854171874999 0.849609375 0.85546875 0.86328125 0.8671875 0.8603515625 0.8580729171874999 0.84765625
5 0.1627604171875 0.630859375 0.1692708328125 0.6259765625 0.1692708328125 0.6201171875 0.16015625 0.61328125 0.1471354171875 0.611328125 0.1380208328125 0.6181640625 0.140625 0.6279296875 0.1497395828125 0.6328125 0.1627604171875 0.630859375
5 0.273664021875 0.660875065625 0.26790818125000004 0.6589128484375 0.2637221171875 0.660090178125 0.2637221171875 0.6636221718749999 0.265291890625 0.6683314953124999 0.27261750625 0.6695088265625 0.2762803125 0.6667617203125 0.2757570546875 0.664014615625 0.273664021875 0.660875065625
5 0.31709445 0.6491017578125 0.3108153515625 0.6459622078125 0.3066292859375 0.6467470953125 0.3055827703125 0.64988664375 0.3055827703125 0.654203525 0.31029209375 0.6569506296875 0.31657119218749996 0.6553808562500001 0.3176177078125 0.6530261937499999 0.31709445 0.6491017578125
5 0.306106028125 0.681282134375 0.3050595125 0.6789274734374999 0.300873446875 0.6757879234375 0.29668738125 0.6761803671875 0.293024575 0.6781425859375 0.29354783281249996 0.683244353125 0.29668738125 0.6859914578125 0.3013967046875 0.6867763453125 0.3045362546875 0.683636796875 0.306106028125 0.681282134375
4 0.8971354171874999 0.64453125 0.7981770828125 0.6328125 0.72265625 0.62890625 0.6653645828125 0.658203125 0.6380208328125 0.6865234375 0.6354166671875 0.7197265625 0.671875 0.7958984375 0.6809895828125 0.8046875 0.6966145828125 0.806640625 0.7799479171875 0.80078125 0.9205729171874999 0.775390625 0.9466145828125001 0.763671875 0.984375 0.7275390625 0.9817708328125001 0.7021484375 0.9479166671874999 0.6650390625 0.9231770828125001 0.650390625 0.8971354171874999 0.64453125
4 0.9466145828125001 0.703125 0.93359375 0.703125 0.9270833328125001 0.7080078125 0.9270833328125001 0.7216796875 0.9388020828125001 0.7265625 0.9440104171874999 0.7265625 0.9557291671874999 0.7158203125 0.9466145828125001 0.703125
5 0.8335502625 0.5980840859375001 0.8335502625 0.5949445375 0.8335502625 0.5910200999999999 0.8293641968750001 0.5886654390625 0.8251781312500001 0.5882729953125 0.8194222906249999 0.592589875 0.8215153234375 0.5980840859375001 0.8283176796875 0.6031858531250001 0.830933971875 0.601616078125 0.8335502625 0.5980840859375001
5 0.8398293593749999 0.5898427703125 0.8340735203125 0.59415965 0.83721306875 0.5980840859375001 0.8429689093749999 0.5988689734375 0.844015425 0.5972991984375 0.8450619421875001 0.59533698125 0.8429689093749999 0.59062765625 0.8398293593749999 0.5898427703125
5 0.8958179828124999 0.6000463046875 0.8958179828124999 0.5957294234375 0.88849236875 0.5933747625 0.884306303125 0.59533698125 0.88849236875 0.6063254015624999 0.8958179828124999 0.6000463046875
2 0.76953125 0.634765625 0.7890625 0.6259765625 0.7916666671875 0.6142578125 0.7721354171875 0.595703125 0.7330729171875 0.58203125 0.7057291671875 0.6025390625 0.6901041671875 0.6220703125 0.6875 0.6376953125 0.69921875 0.640625 0.76953125 0.634765625
5 0.62890625 0.62890625 0.6354166671875 0.6162109375 0.6263020828125 0.611328125 0.6197916671875 0.6123046875 0.6171875 0.6259765625 0.62890625 0.62890625
5 0.5494791671875 0.6044921875 0.5455729171875 0.6015625 0.5221354171875 0.599609375 0.5208333328125 0.6103515625 0.52734375 0.619140625 0.5403645828125 0.62109375 0.5494791671875 0.6162109375 0.5494791671875 0.6044921875
5 0.5846354171875 0.52734375 0.59375 0.5205078125 0.58984375 0.515625 0.58203125 0.515625 0.578125 0.5244140625 0.5846354171875 0.52734375
5 0.60546875 0.541015625 0.6015625 0.5498046875 0.6106770828125 0.552734375 0.6145833328125 0.5439453125 0.60546875 0.541015625
5 0.682851909375 0.5297988953125 0.6886077484375 0.5294064515625 0.689654265625 0.5282291203125 0.689654265625 0.525874459375 0.6859914578125 0.5235197968749999 0.681282134375 0.524304684375 0.6797123593750001 0.5278366765625 0.68023561875 0.5294064515625 0.682851909375 0.5297988953125