5 0.98515625 0.76328125 0.0296875 0.021875
5 0.5963541671875 0.0830078125 0.5924479171875 0.080078125 0.57421875 0.080078125 0.5703125 0.0830078125 0.5690104171875 0.095703125 0.5846354171875 0.099609375 0.59375 0.0947265625 0.5963541671875 0.0830078125
5 0.5234375 0.1865234375 0.5221354171875 0.17578125 0.5065104171875 0.17578125 0.5 0.1806640625 0.5065104171875 0.189453125 0.5234375 0.1865234375
5 0.6223958328125 0.2587890625 0.6184895828125 0.248046875 0.6028645828125 0.251953125 0.6015625 0.2587890625 0.6080729171875 0.263671875 0.6223958328125 0.2587890625
5 0.5546875 0.2373046875 0.5716145828125 0.248046875 0.58984375 0.248046875 0.59375 0.2451171875 0.5911458328125 0.2255859375 0.5768229171875 0.21875 0.56640625 0.220703125 0.5546875 0.2294921875 0.5546875 0.2373046875
5 0.5364583328125 0.2607421875 0.5390625 0.2470703125 0.53515625 0.2421875 0.5091145828125 0.24609375 0.5026041671875 0.2548828125 0.5143229171875 0.263671875 0.5325520828125 0.263671875 0.5364583328125 0.2607421875
5 0.03515625 0 0.0338541671875 0.0087890625 0.0403645828125 0.01171875 0.0481770828125 0.01171875 0.05729166718749999 0.0048828125 0.05598958281250001 0 0.03515625 0
5 0.1145833328125 0.4990234375 0.1145833328125 0.4931640625 0.1028645828125 0.48046875 0.09114583281250001 0.4873046875 0.0859375 0.4931640625 0.08723958281250001 0.50390625 0.09765625 0.505859375 0.1145833328125 0.4990234375
5 0.7591145828125 0.41796875 0.8033854171874999 0.4140625 0.81640625 0.408203125 0.8515625 0.3662109375 0.8515625 0.3603515625 0.8216145828125001 0.328125 0.7122395828125 0.294921875 0.68359375 0.294921875 0.6653645828125 0.3046875 0.6510416671875 0.3154296875 0.625 0.3505859375 0.6223958328125 0.3642578125 0.6393229171875 0.384765625 0.69140625 0.408203125 0.7591145828125 0.41796875
5 0.5520833328125 0.3818359375 0.5481770828125 0.369140625 0.5286458328125 0.3759765625 0.5247395828125 0.384765625 0.5520833328125 0.3818359375
5 0.51953125 0.412109375 0.5377604171875 0.41796875 0.5572916671875 0.4169921875 0.5572916671875 0.4052734375 0.55078125 0.400390625 0.5325520828125 0.39453125 0.5234375 0.3974609375 0.5182291671875 0.4033203125 0.51953125 0.412109375
5 0.66796875 0.88671875 0.6666666671875 0.8955078125 0.67578125 0.8984375 0.6861979171875 0.8984375 0.6953125 0.8876953125 0.68359375 0.8828125 0.66796875 0.88671875
5 0.3424479171875 0.888671875 0.3463541671875 0.8818359375 0.3424479171875 0.87890625 0.3385416671875 0.8818359375 0.3424479171875 0.888671875
5 0.375 0.8857421875 0.3658854171875 0.873046875 0.3580729171875 0.873046875 0.3489583328125 0.8798828125 0.3463541671875 0.8896484375 0.3502604171875 0.892578125 0.3606770828125 0.892578125 0.375 0.8857421875
5 0.91796875 0.16796875 0.921875 0.1572265625 0.9127604171874999 0.154296875 0.90625 0.1630859375 0.91796875 0.16796875
5 0.5234375 0.1474609375 0.5260416671875 0.1416015625 0.51953125 0.123046875 0.4921875 0.1357421875 0.4895833328125 0.1474609375 0.5013020828125 0.154296875 0.5169270828125 0.15234375 0.5234375 0.1474609375
5 0.62109375 0.0234375 0.65234375 0.03515625 0.6783854171875 0.037109375 0.7096354171875 0.037109375 0.734375 0.0224609375 0.7473958328125 0.0009765625 0.6158854171875 0 0.6145833328125 0.0126953125 0.62109375 0.0234375
5 0.8450520828125001 0.01171875 0.8294270828125001 0.013671875 0.8229166671874999 0.0185546875 0.8177083328125001 0.0380859375 0.8346354171874999 0.052734375 0.8450520828125001 0.056640625 0.859375 0.0498046875 0.8776041671874999 0.0302734375 0.8776041671874999 0.0166015625 0.8684895828125001 0.013671875 0.8450520828125001 0.01171875
2 0.8841145828125001 0 0.8776041671874999 0.0068359375 0.8723958328125001 0.0263671875 0.8411458328125001 0.4873046875 0.8489583328125001 0.7412109375 0.9401041671874999 0.9541015625 0.9752604171874999 0.98046875 0.9856770828125001 0.984375 0.9973958328125001 0.9775390625 0.9973958328125001 0.0009765625 0.8841145828125001 0