5 0.5611979171875 0.6796875 0.5794270828125 0.689453125 0.6002604171875 0.689453125 0.6223958328125 0.6767578125 0.6223958328125 0.6650390625 0.6106770828125 0.650390625 0.5729166671875 0.6494140625 0.5625 0.6552734375 0.5572916671875 0.6650390625 0.5572916671875 0.6767578125 0.5611979171875 0.6796875
5 0.24609375 0.82421875 0.26171875 0.826171875 0.2682291671875 0.8212890625 0.2643229171875 0.810546875 0.24739583281250002 0.8115234375 0.2421875 0.8173828125 0.24609375 0.82421875
5 0.7265625 0.7236328125 0.7200520828125 0.716796875 0.7057291671875 0.7158203125 0.69921875 0.716796875 0.6901041671875 0.7255859375 0.69921875 0.73828125 0.7122395828125 0.740234375 0.7265625 0.7294921875 0.7265625 0.7236328125
5 0.08984375 0.68359375 0.08072916718749999 0.6845703125 0.08203125 0.693359375 0.09375 0.6923828125 0.09635416718749999 0.6884765625 0.08984375 0.68359375
5 0.1692708328125 0.6572265625 0.1614583328125 0.6650390625 0.1614583328125 0.6708984375 0.1705729171875 0.67578125 0.1888020828125 0.673828125 0.1875 0.6591796875 0.1809895828125 0.65625 0.1692708328125 0.6572265625
5 0.6080729171875 0.712890625 0.6145833328125 0.7099609375 0.6171875 0.7021484375 0.6106770828125 0.6953125 0.6015625 0.6962890625 0.5989583328125 0.7060546875 0.6080729171875 0.712890625
5 0.8841145828125001 0.9609375 0.8776041671874999 0.9619140625 0.875 0.9697265625 0.8841145828125001 0.974609375 0.890625 0.9677734375 0.8841145828125001 0.9609375
5 0.4817708328125 0.8134765625 0.4908854171875 0.814453125 0.4947916671875 0.8056640625 0.48828125 0.80078125 0.4817708328125 0.8017578125 0.4791666671875 0.8056640625 0.4817708328125 0.8134765625
5 0.84375 0.8720703125 0.8411458328125001 0.8818359375 0.84765625 0.88671875 0.8528645828125001 0.88671875 0.859375 0.8818359375 0.859375 0.8779296875 0.8528645828125001 0.87109375 0.84375 0.8720703125
5 0.84765625 0.767578125 0.8255208328125001 0.7685546875 0.8268229171874999 0.7734375 0.8515625 0.7783203125 0.8515625 0.7705078125 0.84765625 0.767578125
5 0.4153645828125 0.701171875 0.4192708328125 0.6982421875 0.4192708328125 0.6904296875 0.4127604171875 0.685546875 0.4036458328125 0.6865234375 0.4010416671875 0.6943359375 0.4153645828125 0.701171875
5 0.1822916671875 0.6533203125 0.1705729171875 0.654296875 0.1588541671875 0.6669921875 0.1705729171875 0.67578125 0.1888020828125 0.673828125 0.1966145828125 0.6640625 0.20442708281250002 0.6640625 0.21354166718749998 0.6572265625 0.2109375 0.6376953125 0.20703125 0.634765625 0.1848958328125 0.6357421875 0.1796875 0.6396484375 0.1822916671875 0.6533203125
5 0.6328125 0.8427734375 0.6223958328125 0.8427734375 0.6197916671875 0.8505859375 0.6315104171875 0.853515625 0.6354166671875 0.8505859375 0.6328125 0.8427734375
5 0.6640625 0.2216796875 0.6731770828125 0.228515625 0.6888020828125 0.236328125 0.6966145828125 0.236328125 0.7213541671875 0.2197265625 0.7239583328125 0.1982421875 0.71875 0.1904296875 0.70703125 0.18359375 0.6848958328125 0.1845703125 0.6614583328125 0.1943359375 0.6588541671875 0.2119140625 0.6640625 0.2216796875
5 0.859375 0.9169921875 0.8489583328125001 0.9150390625 0.8463541671874999 0.9228515625 0.85546875 0.927734375 0.859375 0.9248046875 0.859375 0.9169921875
5 0.4817708328125 0.8134765625 0.4908854171875 0.814453125 0.4947916671875 0.8056640625 0.48828125 0.80078125 0.4817708328125 0.8017578125 0.4791666671875 0.8037109375 0.4817708328125 0.8134765625
5 0.44921875 0.767578125 0.4453125 0.7685546875 0.4401041671875 0.7763671875 0.4518229171875 0.779296875 0.4557291671875 0.7724609375 0.44921875 0.767578125
2 0.4895833328125 0.3740234375 0.4856770828125 0.369140625 0.4778645828125 0.365234375 0.453125 0.3623046875 0.4388020828125 0.36328125 0.4205729171875 0.37109375 0.3971354171875 0.373046875 0.3958333328125 0.3759765625 0.4049479171875 0.375 0.4153645828125 0.380859375 0.4283854171875 0.37890625 0.4401041671875 0.3857421875 0.4375 0.3876953125 0.44140625 0.390625 0.4518229171875 0.390625 0.4674479171875 0.384765625 0.4895833328125 0.3857421875 0.4895833328125 0.3740234375
2 0.13671875 0.419921875 0.22265625 0.39453125 0.23307291718749998 0.39453125 0.2421875 0.3896484375 0.2421875 0.3857421875 0.23046875 0.380859375 0.1796875 0.3798828125 0.06640625 0.39453125 0.0013020828125 0.38671875 0 0.4130859375 0.014322917187500001 0.419921875 0.0455729171875 0.419921875 0.05598958281250001 0.41796875 0.06901041718749999 0.41015625 0.08203125 0.41796875 0.09244791718749999 0.41796875 0.08984375 0.421875 0.08072916718749999 0.4228515625 0.09765625 0.43359375 0.10546875 0.43359375 0.13671875 0.419921875