4 0.8229166671874999 0.3017578125 0.8229166671874999 0.2919921875 0.8151041671874999 0.2783203125 0.8059895828125001 0.2734375 0.80078125 0.275390625 0.796875 0.2880859375 0.8020833328125001 0.3115234375 0.80859375 0.314453125 0.8229166671874999 0.3017578125
5 0.0455729171875 0.36328125 0.05989583281250001 0.3525390625 0.05989583281250001 0.3427734375 0.0544188484375 0.34161432812500003 0.0481770828125 0.330078125 0.0299479171875 0.328125 0.010416667187500001 0.3388671875 0.0052083328125 0.3466796875 0.0169270828125 0.36328125 0.0455729171875 0.36328125
4 0.05078125 0.25390625 0.05729166718749999 0.2509765625 0.0625 0.2451171875 0.0625 0.2353515625 0.043019898437499995 0.2317422234375 0.02734375 0.2265625 0.0234375 0.2294921875 0.0208333328125 0.2392578125 0.03515625 0.251953125 0.05078125 0.25390625
5 0.99375 0.79296875 0.0109375 0.0109375
5 0.43125 0.3921875 0.0125 0.0078125
5 0.59609375 0.990625 0.0234375 0.015625
5 0.95390625 0.55859375 0.009375 0.0078125
5 0.8890625 0.5625 0.034375 0.015625
5 0.01171875 0 0.010416667187500001 0.0087890625 0.0221354171875 0.017578125 0.05338541718749999 0.01953125 0.05989583281250001 0.0166015625 0.0403645828125 0 0.01171875 0
5 0.34375 0.1220703125 0.34375 0.1103515625 0.3372395828125 0.10546875 0.29296875 0.09375 0.28515625 0.095703125 0.2864583328125 0.1064453125 0.3033854171875 0.123046875 0.32421875 0.126953125 0.34375 0.1220703125
5 0.6145833328125 0.1845703125 0.6171875 0.1708984375 0.6106770828125 0.166015625 0.58984375 0.1640625 0.5807291671875 0.1689453125 0.5807291671875 0.1826171875 0.58984375 0.189453125 0.60546875 0.189453125 0.6145833328125 0.1845703125
5 0.67578125 0.1953125 0.7018229171875 0.197265625 0.7109375 0.1923828125 0.7109375 0.1826171875 0.69921875 0.173828125 0.6888020828125 0.171875 0.6783854171875 0.17578125 0.671875 0.1806640625 0.671875 0.1923828125 0.67578125 0.1953125
5 0.5611979171875 0.115234375 0.578125 0.1123046875 0.5716145828125 0.10546875 0.5638020828125 0.10546875 0.5598958328125 0.1083984375 0.5611979171875 0.115234375
5 0.76171875 0.056640625 0.765625 0.0537109375 0.7630208328125 0.0498046875 0.75390625 0.046875 0.7473958328125 0.0556640625 0.76171875 0.056640625
5 0.9153645828125001 0.162109375 0.9140625 0.1689453125 0.91796875 0.171875 0.92578125 0.173828125 0.9322916671874999 0.1708984375 0.92578125 0.162109375 0.9153645828125001 0.162109375
5 0.9856770828125001 0.154296875 1 0.1533203125 0.9986979171874999 0.142578125 0.9830729171874999 0.142578125 0.9791666671874999 0.1474609375 0.9856770828125001 0.154296875
4 0.07291666718749999 0.2392578125 0.06640625 0.234375 0.05989583281250001 0.2353515625 0.05729166718749999 0.2509765625 0.06119791718749999 0.25390625 0.07421875 0.251953125 0.078125 0.2470703125 0.07291666718749999 0.2392578125
4 0.1067708328125 0.2412109375 0.09765625 0.236328125 0.08333333281250001 0.2392578125 0.08072916718749999 0.2470703125 0.08723958281250001 0.25390625 0.09765625 0.25390625 0.1067708328125 0.2470703125 0.1067708328125 0.2412109375
4 0.06901041718749999 0.255859375 0.07552083281250001 0.2470703125 0.06770833281250001 0.2333984375 0.05338541718749999 0.228515625 0.0442708328125 0.2314453125 0.0364583328125 0.2412109375 0.0390625 0.2509765625 0.04296875 0.25390625 0.06901041718749999 0.255859375
4 0.3697916671875 0.2822265625 0.3671875 0.2919921875 0.37890625 0.296875 0.3854166671875 0.2919921875 0.3854166671875 0.2841796875 0.3815104171875 0.279296875 0.3697916671875 0.2822265625
4 0.3268229171875 0.23046875 0.3203125 0.2353515625 0.3203125 0.2412109375 0.3268229171875 0.24609375 0.33984375 0.244140625 0.34375 0.2392578125 0.3268229171875 0.23046875
5 0.1731770828125 0.216796875 0.1848958328125 0.2119140625 0.1848958328125 0.2080078125 0.17578125 0.205078125 0.1692708328125 0.2099609375 0.1731770828125 0.216796875
4 0.2708333328125 0.2431640625 0.2604166671875 0.2548828125 0.2721354171875 0.265625 0.2838541671875 0.2587890625 0.2864583328125 0.2490234375 0.2799479171875 0.240234375 0.2708333328125 0.2431640625
4 0.671875 0.2744140625 0.6692708328125 0.2802734375 0.6783854171875 0.2890625 0.6888020828125 0.2890625 0.6953125 0.2841796875 0.68359375 0.271484375 0.671875 0.2744140625
4 0.7994791671875 0.2763671875 0.796875 0.2861328125 0.8020833328125001 0.2919921875 0.81640625 0.291015625 0.8151041671874999 0.2802734375 0.80859375 0.275390625 0.7994791671875 0.2763671875
4 0.8046875 0.2998046875 0.8020833328125001 0.3095703125 0.80859375 0.314453125 0.8203125 0.3056640625 0.8229166671874999 0.2978515625 0.8111979171874999 0.294921875 0.8046875 0.2998046875
4 0.67578125 0.25 0.6875 0.2412109375 0.68359375 0.234375 0.6627604171875 0.2265625 0.65234375 0.23046875 0.6484375 0.2333984375 0.6484375 0.2451171875 0.66015625 0.251953125 0.67578125 0.25
4 0.8984375 0.2568359375 0.8984375 0.2470703125 0.8893229171874999 0.240234375 0.87890625 0.23828125 0.8697916671874999 0.2431640625 0.8671875 0.2548828125 0.8763020828125001 0.26171875 0.8919270828125001 0.26171875 0.8984375 0.2568359375
4 0.9348958328125001 0.2607421875 0.92578125 0.251953125 0.91015625 0.248046875 0.9010416671874999 0.2548828125 0.9010416671874999 0.2626953125 0.91015625 0.271484375 0.91796875 0.271484375 0.9348958328125001 0.2607421875
4 0.9283854171874999 0.24609375 0.9375 0.2412109375 0.93359375 0.232421875 0.91796875 0.2265625 0.9075520828125001 0.2265625 0.9010416671874999 0.2314453125 0.9010416671874999 0.2392578125 0.9127604171874999 0.24609375 0.9283854171874999 0.24609375
4 0.93359375 0.263671875 0.9322916671874999 0.2724609375 0.9388020828125001 0.27734375 0.953125 0.2744140625 0.953125 0.2685546875 0.9466145828125001 0.263671875 0.93359375 0.263671875
4 0.9309895828125001 0.318359375 0.9427083328125001 0.3037109375 0.9401041671874999 0.2900390625 0.9231770828125001 0.28515625 0.90625 0.2919921875 0.9036458328125001 0.3056640625 0.9088541671874999 0.3134765625 0.9153645828125001 0.318359375 0.9309895828125001 0.318359375
5 0.8190104171874999 0.412109375 0.83203125 0.41015625 0.8333333328125001 0.3994140625 0.81640625 0.396484375 0.8125 0.4091796875 0.8190104171874999 0.412109375
5 0.1263020828125 0.494140625 0.1354166671875 0.4814453125 0.1236979171875 0.470703125 0.1171875 0.4736328125 0.1145833328125 0.4912109375 0.1263020828125 0.494140625
5 0.4088541671875 0.4619140625 0.3997395828125 0.455078125 0.3919270828125 0.455078125 0.390625 0.4658203125 0.3971354171875 0.47265625 0.40234375 0.47265625 0.4088541671875 0.4677734375 0.4088541671875 0.4619140625
5 0.4778645828125 0.484375 0.4713541671875 0.4912109375 0.4778645828125 0.49609375 0.4908854171875 0.49609375 0.4921875 0.4892578125 0.4856770828125 0.484375 0.4778645828125 0.484375
5 0.4778645828125 0.5625 0.4765625 0.5498046875 0.47265625 0.546875 0.46484375 0.548828125 0.4609375 0.5537109375 0.4778645828125 0.5625
5 0.5598958328125 0.5205078125 0.5572916671875 0.5146484375 0.5455729171875 0.5078125 0.53515625 0.5078125 0.5234375 0.5146484375 0.5234375 0.5283203125 0.5403645828125 0.53515625 0.55078125 0.533203125 0.5598958328125 0.5205078125
5 0.20572916718749998 0.5283203125 0.203125 0.5361328125 0.21484375 0.541015625 0.21354166718749998 0.5302734375 0.20572916718749998 0.5283203125
5 0.26171875 0.552734375 0.2578125 0.5595703125 0.26953125 0.560546875 0.2708333328125 0.5537109375 0.26171875 0.552734375
5 0.30859375 0.5476037015624999 0.3046875 0.5602990140624999 0.3111979171875 0.5651818265624999 0.32421875 0.5651818265624999 0.3333333328125 0.5524865140624999 0.3190104171875 0.5456505765624999 0.30859375 0.5476037015624999
5 0.3580729171875 0.5859375 0.37109375 0.5859375 0.3776041671875 0.5810546875 0.3776041671875 0.5693359375 0.3658854171875 0.5546875 0.33984375 0.552734375 0.328125 0.5595703125 0.3229166671875 0.5732421875 0.3294270828125 0.580078125 0.3580729171875 0.5859375
5 0.0494791671875 0.4736328125 0.04296875 0.46875 0.01953125 0.466796875 0.015625 0.4736328125 0.0299479171875 0.486328125 0.04296875 0.486328125 0.0494791671875 0.4814453125 0.0494791671875 0.4736328125
5 0.7096354171875 0.505859375 0.72265625 0.505859375 0.7395833328125 0.4892578125 0.734375 0.4775390625 0.71484375 0.46875 0.69921875 0.470703125 0.6875 0.4775390625 0.6822916671875 0.4853515625 0.6848958328125 0.4951171875 0.7096354171875 0.505859375
5 0.6341145828125 0.486328125 0.6302083328125 0.4951171875 0.63671875 0.5 0.64453125 0.501953125 0.6536458328125 0.4990234375 0.6471354171875 0.48828125 0.6341145828125 0.486328125
5 0.7552083328125 0.5029296875 0.76953125 0.505859375 0.7734375 0.4970703125 0.7565104171875 0.490234375 0.7526041671875 0.4931640625 0.7552083328125 0.5029296875
5 0.87109375 0.509765625 0.8671875 0.5185546875 0.8841145828125001 0.5234375 0.8854166671874999 0.5166015625 0.87109375 0.509765625
5 0.72265625 0.548828125 0.7252604171875 0.556640625 0.7369791671875 0.5537109375 0.7330729171875 0.546875 0.72265625 0.548828125
5 0.66015625 0.55859375 0.6692708328125 0.5458984375 0.6575520828125 0.541015625 0.65234375 0.54296875 0.6510416671875 0.5537109375 0.66015625 0.55859375
5 0.5182291671875 0.6298828125 0.5182291671875 0.6181640625 0.5091145828125 0.609375 0.4934895828125 0.607421875 0.484375 0.6123046875 0.4817708328125 0.6201171875 0.4908854171875 0.62890625 0.51171875 0.6328125 0.5182291671875 0.6298828125
2 0.10546875 0.646484375 0.1158854171875 0.64453125 0.1354166671875 0.6220703125 0.1328125 0.6025390625 0.125 0.5908203125 0.05859375 0.544921875 0.0377604171875 0.5390625 0.0338541671875 0.5458984375 0.05989583281250001 0.6376953125 0.10546875 0.646484375
4 0.01171875 0.73828125 0.015625 0.7353515625 0.013020832812499999 0.7275390625 0.0013020828125 0.724609375 0 0.7373046875 0.01171875 0.73828125
4 0.0390625 0.7197265625 0.0299479171875 0.712890625 0.0182291671875 0.7158203125 0.013020832812499999 0.7236328125 0.013020832812499999 0.7353515625 0.0299479171875 0.73828125 0.0390625 0.7294921875 0.0390625 0.7197265625
4 0.0390625 0.7021484375 0.0325520828125 0.6953125 0.01953125 0.693359375 0.015625 0.6962890625 0.015625 0.7099609375 0.02734375 0.71484375 0.0338541671875 0.7119140625 0.0390625 0.7021484375
4 0.0403645828125 0.7109375 0.0364583328125 0.7197265625 0.04296875 0.728515625 0.0555072265625 0.717920671875 0.0576839796875 0.7085334203125 0.046256021875 0.701186875 0.0403645828125 0.7109375
4 0.06956358124999999 0.7174268171875 0.0678873515625 0.715122 0.0645348890625 0.713864828125 0.0606236828125 0.7153315296875 0.059226825000000004 0.72015069375 0.06257928593749999 0.7232936265625 0.068166721875 0.7211983375 0.06956358124999999 0.7197316359375 0.06956358124999999 0.7174268171875
4 0.0963832765625 0.715122 0.0913545828125 0.7115600093750001 0.086325890625 0.7126076546875 0.08269405625000001 0.7149124718750001 0.0824146859375 0.7191030484375001 0.085208403125 0.7249698578125 0.0888402375 0.7241317421875 0.0933101859375 0.7211983375 0.0963832765625 0.715122
4 0.1128662140625 0.721407865625 0.11454244375 0.717636346875 0.11733616093749999 0.71135048125 0.11258684062499999 0.7075789609375 0.1106312375 0.7100933078125 0.1086756359375 0.71407435625 0.1072787765625 0.717636346875 0.1100724953125 0.7241317421875 0.110910609375 0.7232936265625 0.1128662140625 0.721407865625
4 0.21484375 0.708984375 0.21354166718749998 0.7177734375 0.22005208281250002 0.72265625 0.22786458281250002 0.72265625 0.234375 0.7177734375 0.23046875 0.705078125 0.21484375 0.708984375
4 0.2747395828125 0.705078125 0.2838541671875 0.6962890625 0.2838541671875 0.6865234375 0.2747395828125 0.677734375 0.2643229171875 0.677734375 0.2604166671875 0.6806640625 0.2604166671875 0.6982421875 0.2669270828125 0.705078125 0.2747395828125 0.705078125
4 0.1966145828125 0.72265625 0.203125 0.7197265625 0.20572916718749998 0.7119140625 0.1940104171875 0.705078125 0.1927083328125 0.7197265625 0.1966145828125 0.72265625
4 0.21354166718749998 0.7021484375 0.22786458281250002 0.705078125 0.2265625 0.6943359375 0.21223958281250002 0.6875 0.20833333281250002 0.6943359375 0.21354166718749998 0.7021484375
4 0.31640625 0.708984375 0.3098958328125 0.7138671875 0.3138020828125 0.7265625 0.3203125 0.7255859375 0.3255208328125 0.7158203125 0.3255208328125 0.7119140625 0.31640625 0.708984375
4 0.4661458328125 0.7080078125 0.4544270828125 0.703125 0.4453125 0.7060546875 0.4453125 0.7216796875 0.4518229171875 0.7265625 0.4622395828125 0.724609375 0.46875 0.7177734375 0.4661458328125 0.7080078125
4 0.48711566093750003 0.726429503125 0.49135965156249994 0.7140512015625 0.48428633593750003 0.7126365390625 0.4830729171875 0.708984375 0.4765625 0.7177734375 0.48711566093750003 0.726429503125
4 0.2046545953125 0.24120005937500003 0.212199465625 0.24473671718749998 0.22115899843750003 0.25216369843750003 0.229175421875 0.24898070625000002 0.2272892046875 0.2401390625 0.226346096875 0.23200474999999998 0.21597190156249998 0.23200474999999998 0.210784803125 0.2305900859375 0.2046545953125 0.22705342812499998 0.19899594375000002 0.229175421875 0.1961666171875 0.23412674375 0.2046545953125 0.24120005937500003
4 0.48758721562499996 0.6900019281249999 0.48522944375000004 0.6864652703125 0.480042346875 0.6836359453124999 0.47626991093750004 0.682574946875 0.4654241609375 0.6832822796875 0.4625948359375 0.687879934375 0.4654241609375 0.693184921875 0.47532680312500003 0.69707524375 0.48381478125 0.6938922515625 0.48758721562499996 0.6900019281249999
4 0.4663672703125 0.6988435734375 0.464481053125 0.6977825765625 0.4602370640625 0.6981362421874999 0.45740773749999997 0.7009655671874999 0.4583508453125 0.70379489375 0.46212328124999996 0.7055632234375 0.4673103796875 0.7045022249999999 0.4673103796875 0.702026565625 0.4663672703125 0.6988435734375
4 0.5196529140624999 0.7076852171875 0.5248400125 0.7055632234375 0.531913328125 0.70238023125 0.5333279906249999 0.6988435734375 0.5309702187500001 0.695306915625 0.525311565625 0.693184921875 0.52012446875 0.693184921875 0.5154089234375 0.6945995843749999 0.5088071625 0.6981362421874999 0.5088071625 0.7016728999999999 0.51210804375 0.704148559375 0.5196529140624999 0.7076852171875
4 0.5719954484375 0.697428909375 0.5663367953125 0.696721578125 0.5639790234375 0.69707524375 0.5592634796875 0.7002582359375 0.5592634796875 0.704148559375 0.5625643609375001 0.708746215625 0.575296328125 0.708746215625 0.5762394375000001 0.702733896875 0.5719954484375 0.697428909375
4 0.5012622921875 0.7211245171875 0.499376075 0.7218318484374999 0.4937174234375 0.724307509375 0.49135965156249994 0.7271368359375 0.49418897656249994 0.7296124953125 0.49843296718749996 0.73067349375 0.5031485109375 0.7274905 0.5036200640625 0.7218318484374999 0.5012622921875 0.7211245171875
4 0.5083356078125 0.738100475 0.5088071625 0.731734490625 0.5069209453125 0.731734490625 0.5031485109375 0.73208815625 0.49843296718749996 0.7349174828125 0.49607519531250005 0.73880780625 0.49701830312500006 0.7419907968749999 0.501733846875 0.740576134375 0.5073925 0.7402224687500001 0.5083356078125 0.738100475
4 0.6549890171875 0.6850506078125 0.6469725921875 0.6843432765624999 0.6436717125 0.6857579390625 0.6408423859375 0.6900019281249999 0.645086375 0.6938922515625 0.6474441468750001 0.69707524375 0.6611192234375001 0.6981362421874999 0.660176115625 0.6907092609375 0.6549890171875 0.6850506078125
4 0.658761453125 0.74764945 0.6691356484375001 0.7455274546874999 0.6714934203125 0.7434054609375 0.6738511921875 0.737746809375 0.6733796375 0.7352711484375 0.6705503109375 0.7331491531250001 0.6667778765625 0.73067349375 0.6606476703124999 0.73067349375 0.654045909375 0.7331491531250001 0.652159690625 0.7363321453125 0.6549890171875 0.7426981296874999 0.658761453125 0.74764945
4 0.7005208328125 0.7080078125 0.7005208328125 0.7119140625 0.7057291671875 0.7216796875 0.70703125 0.72265625 0.7122395828125 0.72265625 0.7161458328125 0.7197265625 0.71875 0.7158203125 0.71875 0.7138671875 0.7135416671875 0.7060546875 0.7122395828125 0.705078125 0.7044270828125 0.705078125 0.7005208328125 0.7080078125
4 0.736165925 0.7216893375 0.7349070906249999 0.7179128375 0.732389425 0.7137586859375 0.7293682234375 0.7109263109375 0.7258434890625 0.7135698609375 0.7243328890625 0.7169687125 0.7243328890625 0.7215005140625 0.728109390625 0.7258434890625 0.733900025 0.7247105390625 0.736165925 0.7216893375
4 0.7666297 0.7224446390625 0.7683920671875 0.7190457875 0.7683920671875 0.7160245859375001 0.7643638 0.7103598343749999 0.7613425984375 0.7124369109375001 0.760083765625 0.7147028109375 0.7605872984375 0.7192346125 0.763860265625 0.7220669875 0.765370865625 0.7235775890625 0.7666297 0.7224446390625
4 0.8125 0.7060546875 0.8125 0.7119140625 0.8151041671874999 0.7158203125 0.8190104171874999 0.71875 0.82421875 0.71875 0.8307291671874999 0.7138671875 0.8333333328125001 0.7080078125 0.8307291671874999 0.7021484375 0.82421875 0.697265625 0.8190104171874999 0.697265625 0.8151041671874999 0.7001953125 0.8125 0.7060546875
4 0.8688469937500001 0.74151596875 0.8738823281249999 0.74321539375 0.886974196875 0.74283774375 0.8940236671875 0.73981654375 0.8965413328125 0.7369841671875 0.8967931 0.7284870406249999 0.8962895671875 0.7241440640625 0.894778965625 0.7220669875 0.88974363125 0.7209340375 0.8809317968749999 0.7215005140625 0.873127028125 0.7258434890625 0.8701058265625001 0.7311305906250001 0.8688469937500001 0.7375506421875 0.8688469937500001 0.74151596875
4 0.9596354171874999 0.697265625 0.9583333328125001 0.6982421875 0.9583333328125001 0.7138671875 0.9635416671874999 0.7197265625 0.9674479171874999 0.72265625 0.97265625 0.724609375 0.9752604171874999 0.724609375 0.9817708328125001 0.7177734375 0.9817708328125001 0.7080078125 0.9765625 0.7021484375 0.97265625 0.69921875 0.9674479171874999 0.697265625 0.9596354171874999 0.697265625
5 0.8854166671874999 0.7666015625 0.8893229171874999 0.76953125 0.89453125 0.76953125 0.8984375 0.7666015625 0.8984375 0.7607421875 0.8919270828125001 0.7578125 0.88671875 0.7578125 0.8828125 0.7607421875 0.8828125 0.7626953125 0.8854166671874999 0.7666015625
5 0.8763020828125001 0.6953125 0.8671875 0.7001953125 0.8645833328125001 0.7041015625 0.8645833328125001 0.7158203125 0.87109375 0.72265625 0.88671875 0.724609375 0.8971354171874999 0.72265625 0.90625 0.7177734375 0.9088541671874999 0.7138671875 0.9088541671874999 0.7041015625 0.90234375 0.697265625 0.8919270828125001 0.693359375 0.8893229171874999 0.693359375 0.8763020828125001 0.6953125
4 0.3958333328125 0.7294921875 0.3971354171875 0.73046875 0.3997395828125 0.73046875 0.4088541671875 0.7236328125 0.4114583328125 0.7197265625 0.4114583328125 0.7138671875 0.40754109843749997 0.713434971875 0.40254205625 0.713792046875 0.4008757078125 0.7159344953125 0.3984952109375 0.7200408515625 0.3958333328125 0.7294921875
4 0.40587475156249997 0.7457502203125 0.40754109843749997 0.7432506984375 0.4108737953125 0.74253655 0.41134989375000003 0.739679953125 0.41373039062499994 0.73700189375 0.41349234062500007 0.7361092078125 0.40635085000000004 0.735037984375 0.404208403125 0.73700189375 0.40278010468750003 0.739858490625 0.40135180625 0.74253655 0.4006376578125 0.7459287578125 0.40587475156249997 0.7457502203125
4 0.4384875609375 0.7566409953125001 0.4411061078125 0.755391234375 0.444438803125 0.7539629359375 0.44539100156250006 0.7514634140625 0.444438803125 0.749142428125 0.44063000781249995 0.74717851875 0.4384875609375 0.7459287578125 0.434678765625 0.7487853546875 0.43206021874999995 0.7523561 0.43134606875000003 0.754855621875 0.4303938703125 0.7566409953125001 0.4384875609375 0.7566409953125001
5 0.6276041671875 0.6494140625 0.6315104171875 0.65234375 0.6393229171875 0.654296875 0.6471354171875 0.654296875 0.6510416671875 0.6513671875 0.6510416671875 0.6494140625 0.6484375 0.6435546875 0.64453125 0.640625 0.6315104171875 0.640625 0.6276041671875 0.6435546875 0.6276041671875 0.6494140625
5 0.6848958328125 0.7919921875 0.6848958328125 0.8037109375 0.6875 0.8076171875 0.6940104171875 0.8125 0.69921875 0.814453125 0.7096354171875 0.810546875 0.7161458328125 0.8056640625 0.7161458328125 0.7978515625 0.7122395828125 0.794921875 0.6940104171875 0.7890625 0.6888020828125 0.7890625 0.6848958328125 0.7919921875
5 0.7486979171875 0.8203125 0.76171875 0.8203125 0.765625 0.8154296875 0.765625 0.8056640625 0.7565104171875 0.80078125 0.7513020828125 0.802734375 0.7473958328125 0.8056640625 0.7447916671875 0.8115234375 0.7447916671875 0.8173828125 0.7486979171875 0.8203125
5 0.6080729171875 0.798828125 0.62109375 0.798828125 0.625 0.7939453125 0.625 0.7919921875 0.62109375 0.7890625 0.6106770828125 0.7890625 0.60546875 0.791015625 0.6041666671875 0.7919921875 0.6041666671875 0.7958984375 0.6080729171875 0.798828125
4 0.572747596875 0.7359306703125 0.5648919546875 0.7355735953125 0.5591787625 0.73646628125 0.5546558187499999 0.7412867890625 0.5539416687500001 0.748963890625 0.5651300046875 0.7480712046875 0.5701290484375 0.744678996875 0.5725095453125 0.739679953125 0.572747596875 0.7359306703125
5 0.6549479171875 0.83984375 0.671875 0.8427734375 0.66796875 0.830078125 0.6549479171875 0.83203125 0.6510416671875 0.8349609375 0.6549479171875 0.83984375
5 0.6393229171875 0.83984375 0.6354166671875 0.8505859375 0.6393229171875 0.85546875 0.6497395828125 0.857421875 0.6536458328125 0.8447265625 0.6471354171875 0.83984375 0.6393229171875 0.83984375
5 0.6783854171875 0.859375 0.671875 0.8642578125 0.67578125 0.87109375 0.6875 0.8642578125 0.6783854171875 0.859375
5 0.6002604171875 0.87890625 0.6171875 0.8759765625 0.6158854171875 0.8671875 0.6002604171875 0.865234375 0.5963541671875 0.8681640625 0.6002604171875 0.87890625
5 0.5299479171875 0.857421875 0.5403645828125 0.857421875 0.5442708328125 0.8486328125 0.5325520828125 0.84375 0.5260416671875 0.8525390625 0.5299479171875 0.857421875
5 0.459882796875 0.8143058546875 0.45839088281249996 0.8185018656249999 0.46361258593750004 0.82437628125 0.4688342875 0.8185018656249999 0.459882796875 0.8143058546875
5 0.4322916671875 0.8759765625 0.4244791671875 0.8876953125 0.4283854171875 0.892578125 0.4388020828125 0.890625 0.4479166671875 0.8837890625 0.4466145828125 0.876953125 0.4322916671875 0.8759765625
5 0.4388020828125 0.90625 0.4348958328125 0.9130859375 0.4440104171875 0.916015625 0.4505208328125 0.9091796875 0.4388020828125 0.90625
5 0.546875 0.9365234375 0.546875 0.9267578125 0.5403645828125 0.921875 0.52734375 0.919921875 0.5208333328125 0.9228515625 0.5182291671875 0.9306640625 0.52734375 0.943359375 0.53515625 0.943359375 0.546875 0.9365234375
5 0.2342306546875 0.8755676140625 0.2413172515625 0.8733297421874999 0.2421875 0.8701171875 0.23828125 0.8671875 0.23273874062500002 0.8708121359375 0.22938193125 0.866336390625 0.2265625 0.8681640625 0.2267710796875 0.8747284125 0.2301278875 0.8758473484374999 0.2342306546875 0.8755676140625
5 0.19140625 0.873046875 0.1809895828125 0.87109375 0.1744791671875 0.8740234375 0.1731770828125 0.888671875 0.19140625 0.890625 0.1979166671875 0.8876953125 0.1979166671875 0.8779296875 0.19140625 0.873046875
5 0.15625 0.8857421875 0.1549479171875 0.875 0.1497395828125 0.873046875 0.140625 0.8779296875 0.1393229171875 0.884765625 0.15625 0.8857421875
5 0.1653645828125 0.927734375 0.1692708328125 0.9150390625 0.1653645828125 0.912109375 0.1588541671875 0.9150390625 0.1536458328125 0.9267578125 0.1653645828125 0.927734375
5 0.24088541718749998 0.927734375 0.2552083328125 0.9267578125 0.24348958281250002 0.9140625 0.23697916718749998 0.9150390625 0.234375 0.9228515625 0.24088541718749998 0.927734375
5 0.09505208281250001 0.947265625 0.1015625 0.9443359375 0.1015625 0.9365234375 0.09505208281250001 0.935546875 0.09114583281250001 0.9384765625 0.09505208281250001 0.947265625
5 0.06510416718749999 0.9677734375 0.06510416718749999 0.9580078125 0.05338541718749999 0.94921875 0.0403645828125 0.947265625 0.0286458328125 0.9541015625 0.0260416671875 0.9638671875 0.0325520828125 0.97265625 0.05338541718749999 0.974609375 0.06510416718749999 0.9677734375
5 0.2513020828125 0.80859375 0.2578125 0.8017578125 0.2578125 0.7900390625 0.24609375 0.783203125 0.22265625 0.783203125 0.21875 0.7939453125 0.22395833281250002 0.8017578125 0.24088541718749998 0.80859375 0.2513020828125 0.80859375
5 0.36328125 0.81640625 0.3718598140625 0.8087111734375 0.371486834375 0.7978015453125 0.3541666671875 0.7978515625 0.3541666671875 0.8095703125 0.36328125 0.81640625
5 0.3815104171875 0.798828125 0.38043832499999997 0.804235428125 0.3841145828125 0.806640625 0.3897627921875 0.8064733000000001 0.390625 0.8037109375 0.38671875 0.798828125 0.3815104171875 0.798828125
5 0.9388020828125001 0.96875 0.9322916671874999 0.9736328125 0.9322916671874999 0.9794921875 0.9440104171874999 0.986328125 0.9505208328125001 0.9833984375 0.953125 0.9716796875 0.9388020828125001 0.96875
5 0.8424479171874999 0.9765625 0.8294270828125001 0.97265625 0.8111979171874999 0.9765625 0.7916666671875 0.9912109375 0.80078125 1 0.8697916671874999 0.9990234375 0.8697916671874999 0.9931640625 0.8424479171874999 0.9765625
2 1 0.6083984375 0.9934895828125001 0.6015625 0.8893229171874999 0.599609375 0.7877604171875 0.6171875 0.7786458328125 0.6240234375 0.7786458328125 0.6337890625 0.78125 0.6416015625 0.7981770828125 0.650390625 0.9440104171874999 0.658203125 0.9908854171874999 0.6484375 0.9973958328125001 0.6435546875 1 0.6337890625 1 0.6083984375
4 0.3081728171875 0.24397014687500002 0.3056364140625 0.2463480234375 0.2992954109375 0.2453968734375 0.298027209375 0.249201475 0.2954908078125 0.25633510625 0.3094410171875 0.2515793515625 0.3183184234375 0.2463480234375 0.3170502234375 0.24159227031250002 0.3081728171875 0.24397014687500002
4 0 0.27440696875000004 0.0069751046875 0.27202909218750004 0.0107797078125 0.2672733375 0.01910008125 0.2598045109375 0.0179425 0.25633176875 0.0112864109375 0.255897675 0 0.2515567484375 0 0.2539442578125 0 0.2587192796875 0 0.27440696875000004
4 0.14860531875 0.7005118718750001 0.151221609375 0.7091456328125 0.161163515625 0.7158171734375001 0.1721519375 0.7162096171875 0.17581474375 0.7154247296875 0.18523339218749998 0.71110785 0.189942715625 0.7071834140625 0.1904659734375 0.701689203125 0.1878496828125 0.6961949921875 0.1820938421875 0.6954101046875001 0.1711054203125 0.6958025484375 0.16691935468750002 0.6938403296875 0.154361159375 0.6954101046875001 0.14860531875 0.7005118718750001