5 0.8896484375 0.9817708328125001 0.8798828125 0.9791666671874999 0.876953125 0.9908854171874999 0.8876953125 0.9973958328125001 0.890625 0.9934895828125001 0.8896484375 0.9817708328125001
5 0.7158203125 0.21614583281250002 0.7216796875 0.21875 0.7265625 0.21484375 0.732421875 0.20182291718749998 0.7314453125 0.1901041671875 0.7216796875 0.1848958328125 0.7109375 0.1966145828125 0.7109375 0.20703125 0.7158203125 0.21614583281250002
5 0.353515625 0.22005208281250002 0.3544921875 0.203125 0.3466796875 0.1848958328125 0.3330078125 0.1875 0.326171875 0.19921875 0.328125 0.21223958281250002 0.3408203125 0.2265625 0.353515625 0.22005208281250002
5 0.517578125 0.1653645828125 0.5244140625 0.1770833328125 0.5322265625 0.1796875 0.54296875 0.16796875 0.5458984375 0.1536458328125 0.5380859375 0.1432291671875 0.5302734375 0.140625 0.51953125 0.1497395828125 0.517578125 0.1653645828125
5 0.6201171875 0.9479166671874999 0.6240234375 0.9375 0.6220703125 0.9322916671874999 0.6162109375 0.9296875 0.611328125 0.9361979171874999 0.611328125 0.94140625 0.6142578125 0.9479166671874999 0.6201171875 0.9479166671874999
5 0.9921875 0.6549479171875 0.9931640625 0.6458333328125 0.9814453125 0.6380208328125 0.974609375 0.64453125 0.974609375 0.6497395828125 0.9794921875 0.65625 0.9873046875 0.6588541671875 0.9921875 0.6549479171875
5 0.091796875 0.7955729171875 0.091796875 0.80078125 0.1064453125 0.8020833328125001 0.109375 0.7981770828125 0.1083984375 0.7916666671875 0.0966796875 0.7890625 0.091796875 0.7955729171875
5 0.02734375 0.9778645828125001 0.02734375 0.9830729171874999 0.0341796875 0.9895833328125001 0.0390625 0.9830729171874999 0.0380859375 0.9765625 0.0322265625 0.9713541671874999 0.02734375 0.9778645828125001
5 0.765625 0.81640625 0.7705078125 0.8255208328125001 0.7783203125 0.828125 0.787109375 0.8190104171874999 0.7880859375 0.8072916671874999 0.7841796875 0.796875 0.7744140625 0.7942708328125 0.767578125 0.80078125 0.765625 0.81640625
5 0.7109375 0.3528645828125 0.7177734375 0.359375 0.7236328125 0.359375 0.732421875 0.34765625 0.7314453125 0.328125 0.7275390625 0.3229166671875 0.7138671875 0.3255208328125 0.70703125 0.33984375 0.7109375 0.3528645828125
5 0.66015625 0.3424479171875 0.6650390625 0.3489583328125 0.6748046875 0.3489583328125 0.6796875 0.3424479171875 0.6787109375 0.328125 0.6748046875 0.3229166671875 0.6650390625 0.3229166671875 0.66015625 0.3294270828125 0.66015625 0.3424479171875
5 0.8125 0.3111979171875 0.8251953125 0.3255208328125 0.8349609375 0.3255208328125 0.84375 0.3111979171875 0.8427734375 0.2864583328125 0.8330078125 0.2734375 0.8173828125 0.2760416671875 0.810546875 0.2877604171875 0.8125 0.3111979171875
5 0.9716796875 0.7838541671875 0.9619140625 0.78125 0.958984375 0.7877604171875 0.9716796875 0.7916666671875 0.9716796875 0.7838541671875
5 0.28515625 0.0247395828125 0.287109375 0.03515625 0.2958984375 0.0364583328125 0.30078125 0.0299479171875 0.2998046875 0.0208333328125 0.2900390625 0.0182291671875 0.28515625 0.0247395828125
5 0.3212890625 0.3125 0.3271484375 0.3046875 0.3212890625 0.2916666671875 0.3134765625 0.2916666671875 0.306640625 0.2981770828125 0.306640625 0.30859375 0.3095703125 0.3125 0.3212890625 0.3125
5 0.9345703125 0.1067708328125 0.9287109375 0.09895833281250001 0.9169921875 0.09895833281250001 0.900390625 0.1184895828125 0.8984375 0.1236979171875 0.900390625 0.14453125 0.9052734375 0.1536458328125 0.9091796875 0.15625 0.9189453125 0.1536458328125 0.93359375 0.1393229171875 0.9345703125 0.1067708328125
5 0.724609375 0.1184895828125 0.7294921875 0.1223958328125 0.7333984375 0.1197916671875 0.740234375 0.1106770828125 0.7392578125 0.1015625 0.7373046875 0.09895833281250001 0.7255859375 0.1015625 0.72265625 0.1080729171875 0.724609375 0.1184895828125
5 0.3544921875 0.8671875 0.34765625 0.87109375 0.3486328125 0.8776041671874999 0.35546875 0.8736979171874999 0.3544921875 0.8671875
5 0.609375 0.9466145828125001 0.6123046875 0.9505208328125001 0.6201171875 0.9505208328125001 0.625 0.94140625 0.6240234375 0.9375 0.6181640625 0.9296875 0.6123046875 0.9322916671874999 0.609375 0.9361979171874999 0.609375 0.9466145828125001
5 0.3896484375 0.0208333328125 0.38671875 0.01171875 0.3779296875 0.0026041671875 0.3681640625 0.0026041671875 0.361328125 0.009114582812499999 0.361328125 0.02734375 0.365234375 0.0377604171875 0.3740234375 0.046875 0.3837890625 0.046875 0.388671875 0.0403645828125 0.3896484375 0.0208333328125
5 0.6201171875 0.1119791671875 0.6123046875 0.109375 0.611328125 0.1158854171875 0.6181640625 0.1171875 0.6201171875 0.1119791671875
5 0.3125 0.32421875 0.3193359375 0.3385416671875 0.3271484375 0.3385416671875 0.330078125 0.3346354171875 0.3310546875 0.3098958328125 0.326171875 0.3033854171875 0.326171875 0.2981770828125 0.3193359375 0.2916666671875 0.3134765625 0.2916666671875 0.306640625 0.2981770828125 0.306640625 0.3111979171875 0.3125 0.31640625 0.3125 0.32421875
5 0.7421875 0.1080729171875 0.7412109375 0.1041666671875 0.7373046875 0.09895833281250001 0.7294921875 0.09895833281250001 0.724609375 0.10546875 0.724609375 0.1158854171875 0.7333984375 0.1197916671875 0.7421875 0.1080729171875
5 0.912109375 0.1861979171875 0.9150390625 0.1901041671875 0.9248046875 0.1875 0.9296875 0.1783854171875 0.9287109375 0.171875 0.9248046875 0.1666666671875 0.9150390625 0.1692708328125 0.912109375 0.1731770828125 0.912109375 0.1861979171875
5 0.8603515625 0.375 0.8662109375 0.3619791671875 0.865234375 0.35546875 0.8583984375 0.3489583328125 0.849609375 0.35546875 0.849609375 0.3684895828125 0.8564453125 0.375 0.8603515625 0.375
5 0.3271484375 0.140625 0.3251953125 0.1354166671875 0.3193359375 0.1354166671875 0.31640625 0.1471354171875 0.3232421875 0.1510416671875 0.3271484375 0.140625
5 0.1572265625 0.2682291671875 0.1591796875 0.2604166671875 0.15234375 0.2643229171875 0.1572265625 0.2682291671875
5 0.57421875 0.26171875 0.57421875 0.2669270828125 0.5830078125 0.2708333328125 0.5859375 0.2669270828125 0.5849609375 0.2604166671875 0.5791015625 0.2578125 0.57421875 0.26171875
5 0.0556640625 0.8854166671874999 0.0517578125 0.8828125 0.048828125 0.88671875 0.0517578125 0.8958333328125001 0.056640625 0.8919270828125001 0.0556640625 0.8854166671874999
5 0.4404296875 0.7421875 0.431640625 0.74609375 0.4345703125 0.7578125 0.44140625 0.75390625 0.4404296875 0.7421875
5 0.4814453125 0.8385416671874999 0.4775390625 0.8307291671874999 0.4736328125 0.8307291671874999 0.470703125 0.8450520828125001 0.4775390625 0.8463541671874999 0.4814453125 0.8385416671874999
5 0.5146484375 0.7734375 0.5078125 0.7747395828125 0.5107421875 0.7838541671875 0.515625 0.7799479171875 0.5146484375 0.7734375
5 0.80078125 0.71484375 0.8095703125 0.734375 0.8232421875 0.7369791671875 0.833984375 0.72265625 0.8349609375 0.7083333328125 0.8251953125 0.7005208328125 0.8095703125 0.6979166671875 0.80078125 0.70703125 0.80078125 0.71484375
5 0.4814453125 0.703125 0.470703125 0.71484375 0.46875 0.7200520828125 0.470703125 0.73046875 0.4814453125 0.7421875 0.4912109375 0.7369791671875 0.501953125 0.71484375 0.5009765625 0.7083333328125 0.4951171875 0.7005208328125 0.4814453125 0.703125