5 0.8098958328125001 0.4541015625 0.79296875 0.44140625 0.7721354171875 0.44140625 0.7526041671875 0.4521484375 0.7526041671875 0.4560546875 0.7669270828125 0.46484375 0.7994791671875 0.4658203125 0.8072916671874999 0.4619140625 0.8098958328125001 0.4541015625
5 0.7825520828125 0.419921875 0.7890625 0.4130859375 0.7838541671875 0.4013671875 0.77734375 0.3984375 0.7669270828125 0.3984375 0.7552083328125 0.4072265625 0.7552083328125 0.4208984375 0.76171875 0.423828125 0.7682291671875 0.4228515625 0.7825520828125 0.419921875
5 0.7825520828125 0.505859375 0.7890625 0.4990234375 0.7864583328125 0.4853515625 0.77734375 0.48046875 0.7513020828125 0.482421875 0.7447916671875 0.4892578125 0.7447916671875 0.4990234375 0.75390625 0.505859375 0.7734375 0.5068359375 0.7825520828125 0.505859375
5 0.9388020828125001 0.408203125 0.9348958328125001 0.4111328125 0.9348958328125001 0.4189453125 0.9388020828125001 0.421875 0.9505208328125001 0.4208984375 0.953125 0.4111328125 0.94921875 0.408203125 0.9388020828125001 0.408203125
5 1 0.0361328125 0.99609375 0.03515625 0.9895833328125001 0.0498046875 0.9934895828125001 0.052734375 1 0.0517578125 1 0.0361328125
5 0.5703125 0.0830078125 0.5729166671875 0.0712890625 0.5690104171875 0.068359375 0.5520833328125 0.0712890625 0.55859375 0.08203125 0.5703125 0.0830078125
5 0.85546875 0.4765625 0.8880208328125001 0.4755859375 0.89453125 0.474609375 0.9114583328125001 0.4599609375 0.9140625 0.4462890625 0.9075520828125001 0.44140625 0.8997395828125001 0.443359375 0.88671875 0.453125 0.86328125 0.458984375 0.8515625 0.4658203125 0.8515625 0.4736328125 0.85546875 0.4765625
5 0.9427083328125001 0.4208984375 0.9453125 0.4111328125 0.9361979171874999 0.408203125 0.9322916671874999 0.4150390625 0.9388020828125001 0.421875 0.9427083328125001 0.4208984375
5 0.4114583328125 0.1396484375 0.4114583328125 0.1318359375 0.3997395828125 0.12890625 0.3958333328125 0.1376953125 0.3997395828125 0.140625 0.4114583328125 0.1396484375
5 0.8567708328125001 0.7138671875 0.8671875 0.7021484375 0.8697916671874999 0.6904296875 0.8658854171874999 0.6875 0.8385416671874999 0.7138671875 0.8359375 0.7314453125 0.84375 0.7314453125 0.8541666671874999 0.7275390625 0.8567708328125001 0.7138671875
5 0.34765625 0.224609375 0.3567708328125 0.2177734375 0.3567708328125 0.2119140625 0.3424479171875 0.203125 0.32421875 0.205078125 0.3098958328125 0.2158203125 0.3098958328125 0.2216796875 0.31640625 0.228515625 0.3333333328125 0.2275390625 0.34765625 0.224609375
5 0.59375 0.0751953125 0.5989583328125 0.0732421875 0.59765625 0.064453125 0.5885416671875 0.0654296875 0.5885416671875 0.0712890625 0.59375 0.0751953125
5 0.8567708328125001 0.7216796875 0.8567708328125001 0.7119140625 0.8645833328125001 0.7021484375 0.8606770828125001 0.697265625 0.85546875 0.697265625 0.8463541671874999 0.7041015625 0.8359375 0.7177734375 0.8359375 0.7314453125 0.84375 0.7314453125 0.8567708328125001 0.7216796875
5 0.7447916671875 0.4658203125 0.7330729171875 0.45703125 0.7200520828125 0.453125 0.7005208328125 0.4697265625 0.703125 0.4736328125 0.7122395828125 0.482421875 0.7421875 0.4833984375 0.7473958328125 0.4775390625 0.7447916671875 0.4658203125
5 0.6940104171875 0.23046875 0.6875 0.2333984375 0.6848958328125 0.2392578125 0.6940104171875 0.24609375 0.7083333328125 0.2451171875 0.7083333328125 0.2353515625 0.7044270828125 0.232421875 0.6940104171875 0.23046875
5 0.21614583281250002 0.4677734375 0.20703125 0.462890625 0.1940104171875 0.46484375 0.1875 0.4716796875 0.1875 0.4814453125 0.19140625 0.484375 0.20833333281250002 0.4833984375 0.21875 0.4736328125 0.21614583281250002 0.4677734375
5 0.3502604171875 0.142578125 0.3294270828125 0.138671875 0.3203125 0.1455078125 0.32421875 0.154296875 0.34375 0.1552734375 0.3567708328125 0.1513671875 0.3567708328125 0.1474609375 0.3502604171875 0.142578125
5 0.2747395828125 0.083984375 0.28125 0.0791015625 0.2747395828125 0.07421875 0.22005208281250002 0.072265625 0.14453125 0.072265625 0.1354166671875 0.0771484375 0.1354166671875 0.0810546875 0.1419270828125 0.083984375 0.2421875 0.0849609375 0.2747395828125 0.083984375
5 0.4934895828125 0.068359375 0.4856770828125 0.068359375 0.4817708328125 0.0712890625 0.4817708328125 0.0791015625 0.4947916671875 0.0791015625 0.5 0.0771484375 0.5 0.0732421875 0.4934895828125 0.068359375
2 0.6171875 0.1103515625 0.6171875 0.1044921875 0.59765625 0.09375 0.5638020828125 0.09375 0.5377604171875 0.1015625 0.5169270828125 0.099609375 0.48828125 0.1015625 0.4739583328125 0.1123046875 0.4817708328125 0.1259765625 0.4700520828125 0.12890625 0.4557291671875 0.1396484375 0.453125 0.1455078125 0.45703125 0.154296875 0.4674479171875 0.158203125 0.484375 0.1572265625 0.50390625 0.154296875 0.51171875 0.1484375 0.54296875 0.1484375 0.5716145828125 0.15234375 0.5950520828125 0.146484375 0.6158854171875 0.146484375 0.6197916671875 0.1396484375 0.6067708328125 0.1279296875 0.6067708328125 0.1220703125 0.6171875 0.1103515625
5 0.5169270828125 0.19140625 0.5234375 0.1884765625 0.5260416671875 0.1826171875 0.51953125 0.1796875 0.48046875 0.1796875 0.4622395828125 0.181640625 0.4557291671875 0.1865234375 0.46484375 0.193359375 0.4817708328125 0.1923828125 0.5169270828125 0.19140625