5 0.1692708328125 0.3486328125 0.1458333328125 0.3642578125 0.1432291671875 0.3798828125 0.1575520828125 0.3984375 0.19140625 0.400390625 0.20833333281250002 0.3876953125 0.20833333281250002 0.3720703125 0.20052083281250002 0.3564453125 0.1940104171875 0.3515625 0.1809895828125 0.34765625 0.1692708328125 0.3486328125
5 0.953125 0.5009765625 0.9440104171874999 0.494140625 0.9322916671874999 0.4951171875 0.921875 0.4990234375 0.9166666671874999 0.5107421875 0.921875 0.5166015625 0.9270833328125001 0.5419921875 0.9361979171874999 0.548828125 0.9466145828125001 0.548828125 0.9583333328125001 0.5419921875 0.9635416671874999 0.5341796875 0.9635416671874999 0.5185546875 0.953125 0.5009765625
5 0.7760416671875 0.9794921875 0.78515625 0.986328125 0.8033854171874999 0.990234375 0.8151041671874999 0.9833984375 0.8177083328125001 0.9697265625 0.8033854171874999 0.95703125 0.7916666671875 0.9560546875 0.7760416671875 0.9677734375 0.7760416671875 0.9794921875
2 0.9817708328125001 0.0615234375 0.9622395828125001 0.044921875 0.9583333328125001 0.0458984375 0.9479166671874999 0.0771484375 0.9479166671874999 0.1005859375 0.9427083328125001 0.1044921875 0.9375 0.1181640625 0.9440104171874999 0.125 0.95703125 0.123046875 0.9622395828125001 0.119140625 0.9830729171874999 0.1171875 0.9921875 0.0927734375 0.9817708328125001 0.0615234375
5 0.6328125 0.4150390625 0.6302083328125 0.4072265625 0.61328125 0.392578125 0.6015625 0.3935546875 0.5950520828125 0.39453125 0.5859375 0.4013671875 0.5807291671875 0.4091796875 0.5807291671875 0.4208984375 0.5885416671875 0.4345703125 0.6002604171875 0.44140625 0.6080729171875 0.44140625 0.62109375 0.4375 0.6302083328125 0.4306640625 0.6328125 0.4150390625
2 0.9674479171874999 0.1328125 0.95703125 0.125 0.9375 0.1259765625 0.9322916671874999 0.1416015625 0.9375 0.1533203125 0.9401041671874999 0.1962890625 0.95703125 0.21484375 0.97265625 0.216796875 0.9973958328125001 0.1923828125 1 0.1826171875 0.9973958328125001 0.1513671875 0.9856770828125001 0.13671875 0.9674479171874999 0.1328125
5 0.9609375 0.6767578125 0.9505208328125001 0.6630859375 0.9661458328125001 0.6533203125 0.9739583328125001 0.6376953125 0.96875 0.6201171875 0.9596354171874999 0.611328125 0.9348958328125001 0.6103515625 0.9114583328125001 0.6240234375 0.9036458328125001 0.6337890625 0.9010416671874999 0.6494140625 0.9127604171874999 0.662109375 0.9322916671874999 0.6669921875 0.9296875 0.6787109375 0.9348958328125001 0.6865234375 0.94921875 0.69140625 0.9609375 0.6865234375 0.9609375 0.6767578125
5 0.7708333328125 0.7998046875 0.77734375 0.80859375 0.7877604171875 0.810546875 0.7994791671875 0.7978515625 0.7994791671875 0.7802734375 0.7903645828125 0.76953125 0.7838541671875 0.7705078125 0.7734375 0.7841796875 0.7708333328125 0.7998046875
5 0.7408854171875 0.6328125 0.7161458328125 0.6318359375 0.70703125 0.634765625 0.6979166671875 0.6455078125 0.7005208328125 0.6689453125 0.7122395828125 0.6796875 0.7330729171875 0.681640625 0.7408854171875 0.6796875 0.7552083328125 0.6689453125 0.7578125 0.6513671875 0.7526041671875 0.6416015625 0.7408854171875 0.6328125
5 0 0.4521484375 0.00390625 0.453125 0.0169270828125 0.439453125 0.03125 0.4345703125 0.03125 0.4248046875 0.0169270828125 0.4140625 0 0.4130859375 0 0.4521484375
2 0.9713541671874999 0.3798828125 0.9583333328125001 0.3642578125 0.9583333328125001 0.3564453125 0.9505208328125001 0.3564453125 0.9375 0.3701171875 0.9270833328125001 0.3955078125 0.9114583328125001 0.4169921875 0.9114583328125001 0.4306640625 0.9205729171874999 0.435546875 0.9388020828125001 0.435546875 0.9466145828125001 0.431640625 0.9635416671874999 0.4169921875 0.9739583328125001 0.4013671875 0.9713541671874999 0.3798828125
2 0.85546875 0.857421875 0.8736979171874999 0.857421875 0.8802083328125001 0.8466796875 0.8802083328125001 0.8251953125 0.875 0.8115234375 0.8606770828125001 0.80078125 0.84375 0.8017578125 0.8190104171874999 0.814453125 0.7981770828125 0.814453125 0.7903645828125 0.810546875 0.77734375 0.810546875 0.7760416671875 0.8291015625 0.7825520828125 0.8359375 0.8059895828125001 0.83984375 0.8190104171874999 0.845703125 0.8372395828125001 0.84765625 0.85546875 0.857421875
5 0.3828125 0.9384765625 0.38671875 0.943359375 0.39453125 0.943359375 0.4010416671875 0.9384765625 0.4036458328125 0.9306640625 0.39453125 0.921875 0.3880208328125 0.9228515625 0.3828125 0.9267578125 0.3828125 0.9384765625
2 0.9713541671874999 0.2509765625 0.9635416671874999 0.2607421875 0.9635416671874999 0.3037109375 0.9583333328125001 0.3134765625 0.9609375 0.3251953125 0.9986979171874999 0.32421875 1 0.2763671875 0.9921875 0.2666015625 0.9895833328125001 0.2587890625 0.9921875 0.2529296875 0.9713541671874999 0.2509765625
5 0.8841145828125001 0.599609375 0.8880208328125001 0.5966796875 0.8880208328125001 0.5791015625 0.8854166671874999 0.5732421875 0.8776041671874999 0.5712890625 0.8723958328125001 0.5751953125 0.8723958328125001 0.5810546875 0.8841145828125001 0.599609375
5 0.2578125 0.6142578125 0.2747395828125 0.62890625 0.2799479171875 0.62890625 0.2916666671875 0.6220703125 0.296875 0.5908203125 0.2903645828125 0.5859375 0.265625 0.5869140625 0.2552083328125 0.6025390625 0.2578125 0.6142578125
5 0.7942708328125 0.7333984375 0.7903645828125 0.7265625 0.78125 0.7275390625 0.78515625 0.736328125 0.7942708328125 0.7333984375
2 1 0.0009765625 0.9244791671874999 0.0009765625 0.9375 0.0146484375 0.9244791671874999 0.0224609375 0.9088541671874999 0.0419921875 0.8958333328125001 0.0771484375 0.8958333328125001 0.0869140625 0.91796875 0.103515625 0.93359375 0.1015625 0.9453125 0.0927734375 0.953125 0.0498046875 0.9596354171874999 0.0390625 0.9908854171874999 0.0625 1 0.0634765625 1 0.0009765625
5 0.5625 0.5986328125 0.5625 0.5908203125 0.5572916671875 0.5888671875 0.5520833328125 0.5908203125 0.5520833328125 0.5986328125 0.5559895828125 0.6015625 0.5625 0.5986328125
5 0.5390625 0.6767578125 0.5390625 0.6845703125 0.54296875 0.6875 0.5494791671875 0.6826171875 0.54296875 0.67578125 0.5390625 0.6767578125
5 0.421875 0.9423828125 0.41796875 0.939453125 0.4114583328125 0.9404296875 0.4088541671875 0.9423828125 0.4114583328125 0.9482421875 0.4205729171875 0.951171875 0.421875 0.9423828125
2 0.5208333328125 0.2958984375 0.5208333328125 0.2783203125 0.515625 0.2744140625 0.515625 0.2626953125 0.5234375 0.2314453125 0.5234375 0.2158203125 0.515625 0.2001953125 0.5130208328125 0.1806640625 0.5078125 0.1806640625 0.5 0.1884765625 0.5 0.1943359375 0.5052083328125 0.2001953125 0.5026041671875 0.2373046875 0.5078125 0.2470703125 0.5026041671875 0.2666015625 0.5078125 0.2998046875 0.5052083328125 0.3173828125 0.51171875 0.318359375 0.5208333328125 0.2958984375
5 0.7669270828125 0.845703125 0.7604166671875 0.8505859375 0.7526041671875 0.8662109375 0.7669270828125 0.884765625 0.7877604171875 0.880859375 0.8046875 0.8623046875 0.8020833328125001 0.8544921875 0.7903645828125 0.845703125 0.7786458328125 0.8447265625 0.7669270828125 0.845703125
5 0.6328125 0.5009765625 0.6354166671875 0.5087890625 0.64453125 0.513671875 0.6484375 0.5048828125 0.6419270828125 0.5 0.6328125 0.5009765625
5 0.3776041671875 0.6337890625 0.37109375 0.625 0.359375 0.6259765625 0.3658854171875 0.634765625 0.3776041671875 0.6337890625
5 0.109375 0.9755859375 0.109375 0.9833984375 0.12109375 0.990234375 0.1197916671875 0.9794921875 0.11328125 0.974609375 0.109375 0.9755859375
5 0.4166666671875 0.8603515625 0.4114583328125 0.8623046875 0.4153645828125 0.8671875 0.421875 0.8642578125 0.421875 0.8603515625 0.4166666671875 0.8603515625
5 0 0.3115234375 0.00390625 0.3125 0.0182291671875 0.3017578125 0.0182291671875 0.2939453125 0.0052083328125 0.2802734375 0 0.2802734375 0 0.3115234375
2 0.7721354171875 0.478515625 0.7669270828125 0.486328125 0.7643229171875 0.484375 0.7604166671875 0.4873046875 0.7643229171875 0.4921875 0.7916666671875 0.5068359375 0.8020833328125001 0.5283203125 0.8111979171874999 0.53515625 0.82421875 0.537109375 0.8411458328125001 0.5263671875 0.84375 0.5185546875 0.8567708328125001 0.5107421875 0.8671875 0.4892578125 0.8958333328125001 0.4697265625 0.8958333328125001 0.4482421875 0.890625 0.4482421875 0.87890625 0.455078125 0.8606770828125001 0.453125 0.8450520828125001 0.455078125 0.8372395828125001 0.44921875 0.8333333328125001 0.4521484375 0.8359375 0.4599609375 0.8268229171874999 0.466796875 0.79296875 0.46875 0.7799479171875 0.478515625 0.7721354171875 0.478515625
5 0.7395833328125 0.6962890625 0.7369791671875 0.7060546875 0.7486979171875 0.7109375 0.7552083328125 0.7021484375 0.7486979171875 0.6953125 0.7395833328125 0.6962890625
5 0.46875 0.8447265625 0.4635416671875 0.8525390625 0.46484375 0.869140625 0.4739583328125 0.8486328125 0.4739583328125 0.8447265625 0.46875 0.8447265625
2 0.9596354171874999 0.029296875 0.9635416671874999 0.0283203125 0.9713541671874999 0.0185546875 0.9752604171874999 0 0.9244791671874999 0.0009765625 0.94140625 0.015625 0.953125 0.0205078125 0.9596354171874999 0.029296875
2 0.51171875 0.3203125 0.5026041671875 0.3212890625 0.4947916671875 0.3291015625 0.5 0.3623046875 0.51171875 0.369140625 0.5221354171875 0.369140625 0.5377604171875 0.376953125 0.5481770828125 0.376953125 0.5546875 0.3720703125 0.5598958328125 0.3466796875 0.5403645828125 0.328125 0.51171875 0.3203125
5 0.20963541718749998 0.693359375 0.21614583281250002 0.6865234375 0.20833333281250002 0.6845703125 0.20572916718749998 0.6904296875 0.20963541718749998 0.693359375
5 0.3072916671875 0.5732421875 0.3046875 0.5791015625 0.3111979171875 0.583984375 0.3229166671875 0.5810546875 0.3190104171875 0.572265625 0.3072916671875 0.5732421875
2 0.65625 0.7314453125 0.6354166671875 0.7138671875 0.6328125 0.6884765625 0.6158854171875 0.67578125 0.6015625 0.6748046875 0.5872395828125 0.677734375 0.5416666671875 0.7138671875 0.5390625 0.7197265625 0.5455729171875 0.72265625 0.5638020828125 0.716796875 0.5924479171875 0.716796875 0.61328125 0.724609375 0.63671875 0.7421875 0.65234375 0.73828125 0.65625 0.7314453125
2 0.6901041671875 0.1318359375 0.6966145828125 0.126953125 0.71484375 0.1328125 0.7213541671875 0.1279296875 0.7109375 0.0888671875 0.7135416671875 0.0419921875 0.7239583328125 0.0341796875 0.71875 0.0283203125 0.71875 0.0087890625 0.71484375 0 0.6848958328125 0.0009765625 0.6653645828125 0.001953125 0.640625 0.0244140625 0.6432291671875 0.0458984375 0.640625 0.0732421875 0.6510416671875 0.0966796875 0.6510416671875 0.1220703125 0.6653645828125 0.14453125 0.6888020828125 0.140625 0.6927083328125 0.1376953125 0.6901041671875 0.1318359375
2 0.6705729171875 0.404296875 0.6744791671875 0.3994140625 0.6744791671875 0.3740234375 0.6796875 0.3623046875 0.6770833328125 0.3369140625 0.6666666671875 0.3251953125 0.6666666671875 0.3154296875 0.6588541671875 0.3134765625 0.6588541671875 0.3095703125 0.6640625 0.3076171875 0.6588541671875 0.3037109375 0.6614583328125 0.2900390625 0.65625 0.2880859375 0.6536458328125 0.2783203125 0.65625 0.2666015625 0.6510416671875 0.2626953125 0.6510416671875 0.2529296875 0.6484375 0.2529296875 0.6432291671875 0.2626953125 0.640625 0.2822265625 0.625 0.2978515625 0.625 0.3193359375 0.6145833328125 0.3408203125 0.6197916671875 0.3486328125 0.6197916671875 0.3564453125 0.6510416671875 0.3818359375 0.6588541671875 0.4013671875 0.6705729171875 0.404296875
2 0.7330729171875 0.484375 0.74609375 0.494140625 0.75390625 0.49609375 0.7578125 0.4931640625 0.7526041671875 0.4912109375 0.7526041671875 0.4873046875 0.7395833328125 0.4814453125 0.7447916671875 0.4775390625 0.7421875 0.4755859375 0.7447916671875 0.4599609375 0.7395833328125 0.4501953125 0.7447916671875 0.4482421875 0.734375 0.4384765625 0.734375 0.4345703125 0.7278645828125 0.4296875 0.72265625 0.4296875 0.7122395828125 0.419921875 0.7044270828125 0.421875 0.7005208328125 0.4130859375 0.69140625 0.40625 0.6861979171875 0.40625 0.6822916671875 0.4033203125 0.6848958328125 0.4013671875 0.6796875 0.3994140625 0.66796875 0.412109375 0.6666666671875 0.4052734375 0.6614583328125 0.4072265625 0.6588541671875 0.4169921875 0.65625 0.4619140625 0.6614583328125 0.4697265625 0.67578125 0.48046875 0.7096354171875 0.478515625 0.7200520828125 0.484375 0.7330729171875 0.484375
5 0.2825520828125 0.572265625 0.2877604171875 0.572265625 0.3072916671875 0.5498046875 0.3046875 0.5283203125 0.3098958328125 0.5224609375 0.3098958328125 0.5048828125 0.30078125 0.48828125 0.2877604171875 0.48046875 0.2734375 0.4814453125 0.265625 0.4873046875 0.2630208328125 0.4990234375 0.2708333328125 0.5205078125 0.2786458328125 0.5263671875 0.28125 0.5341796875 0.2708333328125 0.5400390625 0.265625 0.5498046875 0.2708333328125 0.5556640625 0.2708333328125 0.5634765625 0.2825520828125 0.572265625
2 0.2604166671875 0.4482421875 0.2552083328125 0.4365234375 0.23697916718749998 0.4365234375 0.2265625 0.4462890625 0.21354166718749998 0.4716796875 0.21744791718749998 0.48046875 0.23307291718749998 0.478515625 0.24088541718749998 0.470703125 0.26953125 0.47265625 0.2734375 0.4697265625 0.2708333328125 0.4619140625 0.2760416671875 0.4580078125 0.2604166671875 0.4482421875
2 0.4557291671875 0.4521484375 0.4557291671875 0.4560546875 0.4622395828125 0.4609375 0.47265625 0.458984375 0.484375 0.4462890625 0.4869791671875 0.4326171875 0.4791666671875 0.4326171875 0.46875 0.4365234375 0.4557291671875 0.4521484375
2 0.4205729171875 0.486328125 0.4375 0.4716796875 0.4361979171875 0.46875 0.4270833328125 0.4697265625 0.3997395828125 0.4765625 0.3919270828125 0.482421875 0.37890625 0.48046875 0.3736979171875 0.484375 0.35546875 0.484375 0.3359375 0.4892578125 0.3424479171875 0.494140625 0.3580729171875 0.498046875 0.39453125 0.494140625 0.4205729171875 0.486328125
2 0.515625 0.1552734375 0.5234375 0.1416015625 0.5234375 0.1318359375 0.5364583328125 0.1142578125 0.5390625 0.1005859375 0.5286458328125 0.0810546875 0.5130208328125 0.0654296875 0.5104166671875 0.0556640625 0.5052083328125 0.0556640625 0.4947916671875 0.0654296875 0.4973958328125 0.0732421875 0.4947916671875 0.1220703125 0.484375 0.1533203125 0.484375 0.1669921875 0.4895833328125 0.1748046875 0.4869791671875 0.1806640625 0.5091145828125 0.19140625 0.5130208328125 0.1884765625 0.515625 0.1552734375
5 0.203125 0.2080078125 0.20703125 0.2109375 0.21875 0.2080078125 0.23177083281250002 0.1904296875 0.23177083281250002 0.1728515625 0.22265625 0.1640625 0.21354166718749998 0.1630859375 0.20572916718749998 0.1708984375 0.203125 0.2080078125
2 0.97265625 0.216796875 0.9518229171874999 0.208984375 0.9479166671874999 0.2099609375 0.9401041671874999 0.2314453125 0.9401041671874999 0.2529296875 0.9635416671874999 0.2685546875 0.96484375 0.2734375 0.9752604171874999 0.271484375 0.99609375 0.2734375 0.9947916671874999 0.2548828125 1 0.2392578125 0.9921875 0.2275390625 0.97265625 0.216796875
5 0.7005208328125 0.6357421875 0.6979166671875 0.6240234375 0.6848958328125 0.6240234375 0.6822916671875 0.6298828125 0.6848958328125 0.6376953125 0.6940104171875 0.640625 0.7005208328125 0.6357421875
5 0.8567708328125001 0.8916015625 0.8658854171874999 0.896484375 0.8697916671874999 0.8916015625 0.8697916671874999 0.8818359375 0.8567708328125001 0.8779296875 0.8515625 0.8798828125 0.8515625 0.8837890625 0.8567708328125001 0.8916015625
2 0.0455729171875 0.75 0.0481770828125 0.748046875 0.07161458281250001 0.763671875 0.08333333281250001 0.7490234375 0.078125 0.7392578125 0.0442708328125 0.7080078125 0.03125 0.6708984375 0.014322917187500001 0.66015625 0.0026041671875 0.6611328125 0 0.6630859375 0.0026041671875 0.7333984375 0.0052083328125 0.7333984375 0.0052083328125 0.7197265625 0.009114582812499999 0.71875 0.010416667187500001 0.7255859375 0.01953125 0.734375 0.0325520828125 0.734375 0.0416666671875 0.7470703125 0.0455729171875 0.75
5 0.7643229171875 0.63671875 0.7825520828125 0.630859375 0.7903645828125 0.634765625 0.7942708328125 0.6318359375 0.7916666671875 0.6240234375 0.7877604171875 0.62109375 0.78125 0.6220703125 0.7578125 0.6337890625 0.7643229171875 0.63671875