5 0.3020833328125 0.6669921875 0.28515625 0.662109375 0.2799479171875 0.6640625 0.2682291671875 0.6767578125 0.2760416671875 0.7021484375 0.28515625 0.70703125 0.3033854171875 0.70703125 0.3125 0.7001953125 0.3151041671875 0.6845703125 0.3020833328125 0.6669921875
5 0.23567708281250002 0.93359375 0.25 0.9287109375 0.2552083328125 0.9130859375 0.24609375 0.90625 0.23828125 0.90625 0.22916666718749998 0.9111328125 0.22395833281250002 0.9248046875 0.23567708281250002 0.93359375
5 0.1341145828125 0.98046875 0.17578125 0.986328125 0.1692708328125 0.9677734375 0.1549479171875 0.95703125 0.1236979171875 0.958984375 0.1197916671875 0.9619140625 0.1197916671875 0.9677734375 0.1341145828125 0.98046875
5 0.11328125 0.890625 0.12890625 0.890625 0.1328125 0.8876953125 0.1328125 0.8759765625 0.1184895828125 0.873046875 0.1119791671875 0.8779296875 0.109375 0.8876953125 0.11328125 0.890625
5 0.0442708328125 0.8388671875 0.0325520828125 0.83203125 0.0260416671875 0.8369140625 0.0260416671875 0.8447265625 0.0377604171875 0.849609375 0.0442708328125 0.8447265625 0.0442708328125 0.8388671875
5 0.8776041671874999 0.7822265625 0.8776041671874999 0.7998046875 0.8815104171874999 0.8046875 0.8893229171874999 0.8046875 0.8984375 0.7978515625 0.90625 0.7861328125 0.9036458328125001 0.7763671875 0.88671875 0.7734375 0.8776041671874999 0.7822265625
5 0.9674479171874999 0.8515625 0.984375 0.8388671875 0.9895833328125001 0.8291015625 0.9778645828125001 0.822265625 0.9674479171874999 0.822265625 0.953125 0.8291015625 0.9479166671874999 0.8447265625 0.9674479171874999 0.8515625
5 0.8736979171874999 0.318359375 0.8658854171874999 0.318359375 0.8567708328125001 0.3251953125 0.8515625 0.3388671875 0.8541666671874999 0.3681640625 0.8580729171874999 0.37109375 0.87890625 0.37109375 0.8854166671874999 0.3642578125 0.8880208328125001 0.3330078125 0.8736979171874999 0.318359375
5 0.8919270828125001 0.421875 0.9036458328125001 0.4130859375 0.8997395828125001 0.404296875 0.8854166671874999 0.4111328125 0.8854166671874999 0.4189453125 0.8919270828125001 0.421875
5 0.2421875 0.0615234375 0.23046875 0.056640625 0.22135416718749998 0.0615234375 0.21614583281250002 0.0712890625 0.21875 0.0908203125 0.22526041718749998 0.09765625 0.24088541718749998 0.1015625 0.24739583281250002 0.0986328125 0.24739583281250002 0.0693359375 0.2421875 0.0615234375
5 0.2721354171875 0.08203125 0.2786458328125 0.0810546875 0.28125 0.0244140625 0.27734375 0.017578125 0.26953125 0.017578125 0.2630208328125 0.0244140625 0.2630208328125 0.0771484375 0.2721354171875 0.08203125
5 0.1966145828125 0 0.1927083328125 0.0029296875 0.1927083328125 0.0166015625 0.1966145828125 0.01953125 0.24348958281250002 0.017578125 0.2526041671875 0.0107421875 0.2513020828125 0 0.1966145828125 0
2 0.3411458328125 0.9404296875 0.359375 0.8642578125 0.3463541671875 0.8115234375 0.33203125 0.796875 0.3138020828125 0.791015625 0.3046875 0.7998046875 0.2864583328125 0.8583984375 0.2890625 0.9189453125 0.31640625 0.943359375 0.3372395828125 0.9453125 0.3411458328125 0.9404296875
2 0.6692708328125 0.9013671875 0.671875 0.8876953125 0.6614583328125 0.8701171875 0.6471354171875 0.861328125 0.6393229171875 0.86328125 0.6145833328125 0.8837890625 0.5989583328125 0.9150390625 0.5963541671875 0.9541015625 0.6028645828125 0.9609375 0.6380208328125 0.9638671875 0.6692708328125 0.9013671875
2 0.85546875 0.8515625 0.8138020828125001 0.84375 0.796875 0.8642578125 0.7890625 0.8857421875 0.7916666671875 0.8935546875 0.8033854171874999 0.892578125 0.8372395828125001 0.87890625 0.8489583328125001 0.8681640625 0.8567708328125001 0.8583984375 0.85546875 0.8515625
2 0.5598958328125 0.9990234375 0.5625 0.9697265625 0.5559895828125 0.962890625 0.5403645828125 0.9609375 0.5286458328125 0.9990234375 0.5598958328125 0.9990234375