5 0.06640625 0.947265625 0.07552083281250001 0.9404296875 0.07552083281250001 0.9267578125 0.06119791718749999 0.91796875 0.046875 0.9189453125 0.0390625 0.9267578125 0.0416666671875 0.9384765625 0.05338541718749999 0.947265625 0.06640625 0.947265625
5 0.75390625 0.79296875 0.7682291671875 0.7841796875 0.7682291671875 0.7685546875 0.7591145828125 0.7578125 0.7526041671875 0.7587890625 0.7369791671875 0.7705078125 0.734375 0.7822265625 0.7408854171875 0.79296875 0.75390625 0.79296875
5 0.3424479171875 0.35546875 0.3515625 0.3505859375 0.3567708328125 0.3388671875 0.34765625 0.330078125 0.3307291671875 0.3291015625 0.3229166671875 0.3349609375 0.3203125 0.3427734375 0.3294270828125 0.353515625 0.3424479171875 0.35546875
5 0.8658854171874999 0.880859375 0.8776041671874999 0.8720703125 0.8776041671874999 0.8544921875 0.87109375 0.8515625 0.8515625 0.8525390625 0.8463541671874999 0.8603515625 0.8463541671874999 0.8720703125 0.8528645828125001 0.87890625 0.8658854171874999 0.880859375
5 0.6380208328125 0.1728515625 0.6549479171875 0.17578125 0.6588541671875 0.1650390625 0.6497395828125 0.15625 0.6432291671875 0.1572265625 0.6380208328125 0.1611328125 0.6380208328125 0.1728515625
5 0.7526041671875 0.2373046875 0.7395833328125 0.2451171875 0.7369791671875 0.2587890625 0.7486979171875 0.271484375 0.7591145828125 0.275390625 0.76953125 0.275390625 0.7838541671875 0.2626953125 0.7890625 0.2470703125 0.78515625 0.2421875 0.76953125 0.236328125 0.7526041671875 0.2373046875
5 0.6875 0.8916015625 0.6783854171875 0.892578125 0.671875 0.8974609375 0.6666666671875 0.9052734375 0.6666666671875 0.9189453125 0.67578125 0.931640625 0.6966145828125 0.93359375 0.7161458328125 0.9189453125 0.7161458328125 0.9033203125 0.7044270828125 0.892578125 0.6875 0.8916015625
5 0.76953125 0.697265625 0.7578125 0.6962890625 0.7447916671875 0.7021484375 0.7421875 0.7119140625 0.75390625 0.71875 0.7669270828125 0.720703125 0.7786458328125 0.7099609375 0.76953125 0.697265625
5 0.23697916718749998 0.5439453125 0.2265625 0.5654296875 0.22526041718749998 0.5859375 0.24869791718749998 0.583984375 0.2682291671875 0.5654296875 0.2682291671875 0.5458984375 0.26171875 0.5390625 0.2552083328125 0.5380859375 0.24348958281250002 0.5390625 0.23697916718749998 0.5439453125
4 0.4127604171875 0.763671875 0.4283854171875 0.763671875 0.4322916671875 0.7607421875 0.4296875 0.7490234375 0.421875 0.7470703125 0.4088541671875 0.7548828125 0.4127604171875 0.763671875
5 0.1067708328125 0.7705078125 0.09635416718749999 0.7744140625 0.08854166718749999 0.7880859375 0.09114583281250001 0.7958984375 0.1028645828125 0.8046875 0.1080729171875 0.8046875 0.1171875 0.7978515625 0.1197916671875 0.7900390625 0.1197916671875 0.7724609375 0.1158854171875 0.76953125 0.1067708328125 0.7705078125
5 0.3333333328125 0.2666015625 0.3333333328125 0.2744140625 0.3502604171875 0.2890625 0.35546875 0.2890625 0.3671875 0.2744140625 0.3671875 0.2568359375 0.36328125 0.25390625 0.3489583328125 0.2548828125 0.3385416671875 0.2587890625 0.3333333328125 0.2666015625
5 0.7526041671875 0.8623046875 0.7447916671875 0.8603515625 0.7317708328125 0.8720703125 0.7317708328125 0.8779296875 0.7408854171875 0.8828125 0.7486979171875 0.880859375 0.7526041671875 0.8759765625 0.7526041671875 0.8623046875
4 0.4622395828125 0.28515625 0.4739583328125 0.2783203125 0.4739583328125 0.2685546875 0.4674479171875 0.265625 0.4583333328125 0.2666015625 0.4505208328125 0.2705078125 0.4479166671875 0.2763671875 0.4544270828125 0.283203125 0.4622395828125 0.28515625
5 0.7447916671875 0.4892578125 0.7291666671875 0.4853515625 0.7161458328125 0.4970703125 0.7161458328125 0.5009765625 0.72265625 0.50390625 0.7356770828125 0.50390625 0.7447916671875 0.4970703125 0.7447916671875 0.4892578125
5 0.8763020828125001 0.107421875 0.8645833328125001 0.1083984375 0.8541666671874999 0.1162109375 0.8541666671874999 0.1279296875 0.8580729171874999 0.1328125 0.8697916671874999 0.1298828125 0.8802083328125001 0.1123046875 0.8763020828125001 0.107421875
5 0.7565104171875 0.853515625 0.7630208328125 0.8505859375 0.7682291671875 0.8427734375 0.7708333328125 0.8330078125 0.765625 0.8310546875 0.7526041671875 0.8447265625 0.7565104171875 0.853515625
5 0.4127604171875 0.541015625 0.40625 0.5419921875 0.4010416671875 0.5478515625 0.4010416671875 0.5556640625 0.41015625 0.560546875 0.4192708328125 0.5537109375 0.4192708328125 0.5458984375 0.4127604171875 0.541015625
4 0.4322916671875 0.7978515625 0.421875 0.8134765625 0.4361979171875 0.8203125 0.4479166671875 0.8017578125 0.4440104171875 0.796875 0.4322916671875 0.7978515625
4 0.4544270828125 0.083984375 0.4583333328125 0.0810546875 0.4583333328125 0.0712890625 0.4518229171875 0.06640625 0.4453125 0.0673828125 0.4375 0.0732421875 0.4375 0.0791015625 0.4466145828125 0.083984375 0.4544270828125 0.083984375
5 0.8424479171874999 0.30078125 0.8528645828125001 0.30078125 0.859375 0.2958984375 0.85546875 0.2890625 0.8411458328125001 0.2880859375 0.8385416671874999 0.2978515625 0.8424479171874999 0.30078125
5 0.9544270828125001 0.28515625 0.9661458328125001 0.2783203125 0.9661458328125001 0.2685546875 0.9596354171874999 0.263671875 0.9479166671874999 0.2646484375 0.9401041671874999 0.2685546875 0.9375 0.2802734375 0.9440104171874999 0.28515625 0.9544270828125001 0.28515625
5 0.8229166671874999 0.3994140625 0.828125 0.3896484375 0.828125 0.3798828125 0.8190104171874999 0.373046875 0.8020833328125001 0.3720703125 0.7942708328125 0.3779296875 0.7942708328125 0.3935546875 0.8111979171874999 0.404296875 0.8229166671874999 0.3994140625
5 0.2421875 0.3603515625 0.23958333281250002 0.3701171875 0.24869791718749998 0.373046875 0.2526041671875 0.3701171875 0.2526041671875 0.3603515625 0.2421875 0.3603515625
5 0.9153645828125001 0.21875 0.90625 0.2197265625 0.9010416671874999 0.2275390625 0.9127604171874999 0.23828125 0.9205729171874999 0.240234375 0.9270833328125001 0.2333984375 0.921875 0.2236328125 0.9153645828125001 0.21875
5 0.8984375 0.5185546875 0.89453125 0.515625 0.8723958328125001 0.5166015625 0.8541666671874999 0.5263671875 0.84375 0.5498046875 0.8463541671874999 0.5634765625 0.8580729171874999 0.5703125 0.8723958328125001 0.5693359375 0.8776041671874999 0.5556640625 0.8932291671874999 0.5478515625 0.8984375 0.5380859375 0.8984375 0.5185546875
4 0.484375 0.5087890625 0.4713541671875 0.5048828125 0.4609375 0.5087890625 0.4609375 0.5146484375 0.4674479171875 0.51953125 0.48046875 0.51953125 0.484375 0.5166015625 0.484375 0.5087890625
4 0.3997395828125 0.65234375 0.41015625 0.65234375 0.4244791671875 0.6357421875 0.4231770828125 0.630859375 0.4114583328125 0.6298828125 0.4010416671875 0.6357421875 0.3997395828125 0.65234375
5 0.5794270828125 0.2578125 0.5703125 0.2587890625 0.5677083328125 0.2705078125 0.57421875 0.275390625 0.5794270828125 0.275390625 0.5859375 0.2705078125 0.5859375 0.2626953125 0.5794270828125 0.2578125
4 0.4127604171875 0.791015625 0.4192708328125 0.7861328125 0.4192708328125 0.7802734375 0.4127604171875 0.775390625 0.40625 0.7763671875 0.4036458328125 0.7861328125 0.4127604171875 0.791015625
4 0.4088541671875 0.7392578125 0.4231770828125 0.7421875 0.4322916671875 0.7333984375 0.42578125 0.7265625 0.4140625 0.7255859375 0.4088541671875 0.7294921875 0.4088541671875 0.7392578125
5 0.9244791671874999 0.6279296875 0.9244791671874999 0.6337890625 0.93359375 0.634765625 0.9375 0.6279296875 0.9322916671874999 0.6240234375 0.9322916671874999 0.6162109375 0.92578125 0.611328125 0.9192708328125001 0.6123046875 0.9140625 0.6162109375 0.9244791671874999 0.6279296875
5 0.9557291671874999 0.1435546875 0.953125 0.1513671875 0.9596354171874999 0.15625 0.9661458328125001 0.1455078125 0.9622395828125001 0.142578125 0.9557291671874999 0.1435546875
4 0.4752604171875 0.171875 0.4609375 0.1728515625 0.4557291671875 0.1767578125 0.4596354171875 0.185546875 0.4674479171875 0.1875 0.4791666671875 0.1826171875 0.4817708328125 0.1767578125 0.4752604171875 0.171875
2 0.3958333328125 0.9248046875 0.3880208328125 0.9248046875 0.3854166671875 0.9619140625 0.3880208328125 0.9794921875 0.3919270828125 0.982421875 0.3958333328125 0.9775390625 0.3932291671875 0.9599609375 0.3958333328125 0.9248046875
5 0.578125 0.8876953125 0.578125 0.8916015625 0.5846354171875 0.896484375 0.59765625 0.896484375 0.6015625 0.8916015625 0.6015625 0.8818359375 0.59765625 0.87890625 0.5911458328125 0.8798828125 0.5846354171875 0.880859375 0.578125 0.8876953125
5 0.9010416671874999 0.8349609375 0.8984375 0.8447265625 0.9075520828125001 0.84765625 0.9140625 0.8388671875 0.9049479171874999 0.833984375 0.9010416671874999 0.8349609375
5 0.2942708328125 0.0341796875 0.2942708328125 0.0439453125 0.30078125 0.044921875 0.3046875 0.0361328125 0.30078125 0.033203125 0.2942708328125 0.0341796875
4 0.5065104171875 1 0.5130208328125 0.9951171875 0.5104166671875 0.9873046875 0.50390625 0.982421875 0.5 0.9833984375 0.484375 0.9912109375 0.48046875 1 0.5065104171875 1
5 0.60546875 0.583984375 0.6145833328125 0.5771484375 0.6197916671875 0.5654296875 0.6158854171875 0.560546875 0.609375 0.5595703125 0.5989583328125 0.5673828125 0.60546875 0.583984375
5 0.3919270828125 0.7265625 0.3802083328125 0.7275390625 0.3723958328125 0.7431640625 0.3815104171875 0.751953125 0.3893229171875 0.75390625 0.3984375 0.7470703125 0.3958333328125 0.7294921875 0.3919270828125 0.7265625
5 0.5989583328125 0.4384765625 0.60546875 0.443359375 0.609375 0.4404296875 0.609375 0.4267578125 0.6041666671875 0.4267578125 0.5989583328125 0.4306640625 0.5989583328125 0.4384765625
5 0.8489583328125001 0.2333984375 0.84375 0.2412109375 0.85546875 0.244140625 0.8567708328125001 0.2373046875 0.8489583328125001 0.2333984375
4 0.42578125 0.8984375 0.4166666671875 0.8994140625 0.4140625 0.9111328125 0.4166666671875 0.9189453125 0.43359375 0.919921875 0.4375 0.9130859375 0.4348958328125 0.9013671875 0.42578125 0.8984375
5 0.8567708328125001 0.7099609375 0.8515625 0.7138671875 0.85546875 0.72265625 0.8645833328125001 0.7177734375 0.8645833328125001 0.7099609375 0.8567708328125001 0.7099609375
5 0.3307291671875 0.0009765625 0.328125 0.0048828125 0.3307291671875 0.0205078125 0.3372395828125 0.021484375 0.3489583328125 0.0009765625 0.3307291671875 0.0009765625
4 0.4088541671875 0.2744140625 0.4010416671875 0.2783203125 0.3932291671875 0.2900390625 0.3932291671875 0.2978515625 0.3971354171875 0.30078125 0.4153645828125 0.30078125 0.4244791671875 0.2958984375 0.4270833328125 0.2900390625 0.4244791671875 0.2802734375 0.4153645828125 0.2734375 0.4088541671875 0.2744140625
4 0.4283854171875 0.58203125 0.421875 0.5830078125 0.4166666671875 0.5888671875 0.4192708328125 0.6005859375 0.42578125 0.603515625 0.44140625 0.599609375 0.4401041671875 0.5908203125 0.4283854171875 0.58203125
4 0.4127604171875 0.9375 0.4283854171875 0.935546875 0.4375 0.9248046875 0.4348958328125 0.9052734375 0.4192708328125 0.9052734375 0.4114583328125 0.9111328125 0.4127604171875 0.9375
5 0.7916666671875 0.3798828125 0.7890625 0.3896484375 0.7708333328125 0.4130859375 0.7578125 0.4228515625 0.7578125 0.4345703125 0.7643229171875 0.439453125 0.7786458328125 0.4306640625 0.78125 0.4169921875 0.796875 0.3974609375 0.7942708328125 0.3798828125 0.7916666671875 0.3798828125
5 0.88671875 0.291015625 0.8971354171874999 0.291015625 0.9010416671874999 0.2802734375 0.8971354171874999 0.27734375 0.890625 0.2783203125 0.8828125 0.2880859375 0.88671875 0.291015625
5 0.9466145828125001 0.4296875 0.953125 0.4228515625 0.953125 0.4052734375 0.94921875 0.40234375 0.9401041671874999 0.4033203125 0.9296875 0.4111328125 0.9296875 0.4228515625 0.93359375 0.427734375 0.9466145828125001 0.4296875
5 0.5885416671875 0.7705078125 0.57421875 0.763671875 0.5572916671875 0.7626953125 0.5455729171875 0.765625 0.5364583328125 0.7724609375 0.5338541671875 0.7763671875 0.5364583328125 0.7900390625 0.5611979171875 0.8046875 0.5924479171875 0.8046875 0.5963541671875 0.7958984375 0.5885416671875 0.7841796875 0.5885416671875 0.7705078125
5 0.5625 0.8466796875 0.5598958328125 0.8544921875 0.5690104171875 0.857421875 0.5729166671875 0.8486328125 0.5625 0.8466796875
4 0.49609375 0.16796875 0.484375 0.1689453125 0.4817708328125 0.1748046875 0.4908854171875 0.181640625 0.50390625 0.181640625 0.5078125 0.1787109375 0.5078125 0.1748046875 0.49609375 0.16796875
4 0.4739583328125 0.0908203125 0.4791666671875 0.0986328125 0.4934895828125 0.10546875 0.5065104171875 0.103515625 0.5182291671875 0.0927734375 0.515625 0.0869140625 0.4986979171875 0.076171875 0.4817708328125 0.0751953125 0.4739583328125 0.0810546875 0.4739583328125 0.0908203125
4 0.4114583328125 0.1240234375 0.4205729171875 0.1328125 0.4283854171875 0.134765625 0.4453125 0.1259765625 0.4479166671875 0.1181640625 0.4440104171875 0.111328125 0.4309895828125 0.107421875 0.4244791671875 0.1083984375 0.4114583328125 0.1162109375 0.4114583328125 0.1240234375
4 0.4322916671875 0.0830078125 0.4244791671875 0.0888671875 0.421875 0.0947265625 0.4244791671875 0.1005859375 0.4309895828125 0.107421875 0.4466145828125 0.107421875 0.453125 0.1025390625 0.4557291671875 0.0947265625 0.44921875 0.0859375 0.44140625 0.08203125 0.4322916671875 0.0830078125
4 0.3971354171875 0.10546875 0.41015625 0.107421875 0.4244791671875 0.0888671875 0.4127604171875 0.080078125 0.4010416671875 0.0810546875 0.3932291671875 0.1005859375 0.3971354171875 0.10546875
4 0.4127604171875 0.01171875 0.44140625 0.01171875 0.4583333328125 0.0048828125 0.4544270828125 0 0.40625 0.0009765625 0.4010416671875 0.0068359375 0.4127604171875 0.01171875
4 0.4674479171875 0.013671875 0.4856770828125 0.01171875 0.4973958328125 0.0029296875 0.49609375 0 0.4583333328125 0.0009765625 0.4609375 0.0087890625 0.4674479171875 0.013671875
4 0.40625 0.3525390625 0.4010416671875 0.3642578125 0.41015625 0.3671875 0.4140625 0.3642578125 0.4140625 0.3525390625 0.40625 0.3525390625
5 0.3815104171875 0.677734375 0.38671875 0.677734375 0.3932291671875 0.6728515625 0.3893229171875 0.666015625 0.3776041671875 0.6669921875 0.375 0.6708984375 0.3815104171875 0.677734375
4 0.4361979171875 0.880859375 0.4466145828125 0.87890625 0.4635416671875 0.8603515625 0.4544270828125 0.853515625 0.4453125 0.8544921875 0.4322916671875 0.8720703125 0.4361979171875 0.880859375
4 0.4036458328125 0.8427734375 0.4075520828125 0.845703125 0.4192708328125 0.8427734375 0.4192708328125 0.8291015625 0.4114583328125 0.8291015625 0.4036458328125 0.8330078125 0.4036458328125 0.8427734375
5 0.83203125 0.419921875 0.8489583328125001 0.4111328125 0.8828125 0.3779296875 0.8828125 0.3720703125 0.8776041671874999 0.3720703125 0.8489583328125001 0.3955078125 0.84375 0.4033203125 0.8333333328125001 0.4091796875 0.83203125 0.419921875
5 0.92578125 0.40234375 0.9375 0.3935546875 0.9348958328125001 0.3896484375 0.9127604171874999 0.40234375 0.89453125 0.404296875 0.85546875 0.43359375 0.8463541671874999 0.4365234375 0.8489583328125001 0.4423828125 0.8580729171874999 0.4453125 0.8997395828125001 0.408203125 0.91015625 0.408203125 0.92578125 0.40234375
5 0.8502604171874999 0.51953125 0.8619791671874999 0.5166015625 0.8723958328125001 0.4873046875 0.8932291671874999 0.4775390625 0.8958333328125001 0.4384765625 0.8919270828125001 0.435546875 0.8854166671874999 0.4365234375 0.8567708328125001 0.4716796875 0.8463541671874999 0.5009765625 0.8333333328125001 0.5048828125 0.8372395828125001 0.5078125 0.8463541671874999 0.5068359375 0.8463541671874999 0.5166015625 0.8502604171874999 0.51953125
5 0.8528645828125001 0.31640625 0.84375 0.3173828125 0.80078125 0.3203125 0.7942708328125 0.3271484375 0.8138020828125001 0.328125 0.8502604171874999 0.32421875 0.8567708328125001 0.3193359375 0.8528645828125001 0.31640625
5 0.78125 0.3056640625 0.7877604171875 0.30078125 0.7981770828125 0.298828125 0.8151041671874999 0.2841796875 0.8229166671874999 0.2646484375 0.8190104171874999 0.26171875 0.8125 0.2626953125 0.796875 0.2705078125 0.7916666671875 0.2841796875 0.7630208328125 0.3056640625 0.7630208328125 0.3134765625 0.7669270828125 0.31640625 0.77734375 0.314453125 0.78125 0.3056640625
5 0.7825520828125 0.220703125 0.7890625 0.2099609375 0.8059895828125001 0.197265625 0.8190104171874999 0.203125 0.8255208328125001 0.1982421875 0.828125 0.1943359375 0.8255208328125001 0.1826171875 0.8190104171874999 0.1796875 0.8125 0.1806640625 0.80078125 0.185546875 0.7916666671875 0.1962890625 0.7682291671875 0.2119140625 0.7682291671875 0.2158203125 0.7747395828125 0.220703125 0.7825520828125 0.220703125
5 0.8645833328125001 0.1533203125 0.8645833328125001 0.1396484375 0.859375 0.1396484375 0.8541666671874999 0.1513671875 0.8411458328125001 0.1611328125 0.8385416671874999 0.1748046875 0.828125 0.1826171875 0.8268229171874999 0.201171875 0.8385416671874999 0.1962890625 0.84375 0.1845703125 0.859375 0.1669921875 0.8645833328125001 0.1533203125
5 0.8151041671874999 0.1201171875 0.8463541671874999 0.0908203125 0.8567708328125001 0.0732421875 0.85546875 0.0703125 0.8515625 0.0712890625 0.8424479171874999 0.080078125 0.828125 0.0869140625 0.8151041671874999 0.1044921875 0.7942708328125 0.1201171875 0.7942708328125 0.1337890625 0.7981770828125 0.13671875 0.8098958328125001 0.1337890625 0.8151041671874999 0.1201171875
5 0.953125 0.1162109375 0.9557291671874999 0.1083984375 0.953125 0.0986328125 0.9557291671874999 0.0869140625 0.9505208328125001 0.0791015625 0.9440104171874999 0.07421875 0.9401041671874999 0.0751953125 0.9296875 0.0849609375 0.9296875 0.1044921875 0.9244791671874999 0.1083984375 0.9270833328125001 0.1181640625 0.93359375 0.123046875 0.9440104171874999 0.123046875 0.953125 0.1162109375
5 0.9010416671874999 0.1181640625 0.9075520828125001 0.12109375 0.9166666671874999 0.1162109375 0.9166666671874999 0.1123046875 0.9088541671874999 0.1103515625 0.9010416671874999 0.1142578125 0.9010416671874999 0.1181640625
5 0.9544270828125001 0.0625 0.9583333328125001 0.0576171875 0.9583333328125001 0.0458984375 0.94921875 0.037109375 0.9401041671874999 0.0361328125 0.9348958328125001 0.0380859375 0.9348958328125001 0.0498046875 0.9466145828125001 0.0625 0.9544270828125001 0.0625
5 0.8619791671874999 0.6552734375 0.8463541671874999 0.6611328125 0.84765625 0.66796875 0.8802083328125001 0.6572265625 0.87890625 0.654296875 0.8619791671874999 0.6552734375
5 0.85546875 0.65625 0.8619791671874999 0.6513671875 0.8619791671874999 0.6455078125 0.8580729171874999 0.642578125 0.8489583328125001 0.6435546875 0.8489583328125001 0.6533203125 0.85546875 0.65625
5 0.8619791671874999 0.6201171875 0.8411458328125001 0.6201171875 0.8385416671874999 0.6279296875 0.8203125 0.6376953125 0.82421875 0.65625 0.8411458328125001 0.6474609375 0.84375 0.6376953125 0.8619791671874999 0.6201171875
5 0.9010416671874999 0.6083984375 0.8984375 0.6162109375 0.9049479171874999 0.619140625 0.9114583328125001 0.6162109375 0.9114583328125001 0.6083984375 0.9010416671874999 0.6083984375
5 0.91015625 0.607421875 0.91796875 0.607421875 0.921875 0.6025390625 0.921875 0.5966796875 0.9166666671874999 0.5966796875 0.9088541671874999 0.6005859375 0.91015625 0.607421875
5 0.90625 0.6748046875 0.9036458328125001 0.6806640625 0.9127604171874999 0.681640625 0.9140625 0.6767578125 0.90625 0.6748046875
5 0.8958333328125001 0.6591796875 0.8932291671874999 0.6630859375 0.90234375 0.669921875 0.90625 0.6669921875 0.90625 0.6591796875 0.8958333328125001 0.6591796875
2 0.9713541671874999 0.7607421875 0.96875 0.7177734375 0.9609375 0.7060546875 0.94921875 0.697265625 0.9296875 0.6962890625 0.9192708328125001 0.6982421875 0.8958333328125001 0.7236328125 0.8671875 0.7451171875 0.8671875 0.7529296875 0.8893229171874999 0.76953125 0.9231770828125001 0.765625 0.9622395828125001 0.765625 0.9713541671874999 0.7607421875
5 0.8723958328125001 0.7529296875 0.8619791671874999 0.7509765625 0.8463541671874999 0.7587890625 0.8359375 0.7744140625 0.83984375 0.78125 0.86328125 0.775390625 0.875 0.7646484375 0.8723958328125001 0.7529296875
5 0.9036458328125001 0.9482421875 0.9075520828125001 0.951171875 0.91796875 0.951171875 0.9296875 0.9443359375 0.9296875 0.9384765625 0.921875 0.9345703125 0.9205729171874999 0.9296875 0.9114583328125001 0.9287109375 0.9036458328125001 0.9365234375 0.9036458328125001 0.9482421875
5 0.8684895828125001 1 0.875 0.9853515625 0.890625 0.9736328125 0.88671875 0.9609375 0.8684895828125001 0.962890625 0.8619791671874999 0.9599609375 0.8385416671874999 0.9873046875 0.8372395828125001 1 0.8684895828125001 1
5 0.92578125 0.912109375 0.9166666671874999 0.9130859375 0.9114583328125001 0.9169921875 0.9114583328125001 0.9248046875 0.9205729171874999 0.9296875 0.9322916671874999 0.9228515625 0.9322916671874999 0.9169921875 0.92578125 0.912109375
5 0.89453125 0.990234375 0.9075520828125001 0.990234375 0.9166666671874999 0.9853515625 0.9075520828125001 0.9765625 0.8932291671874999 0.9775390625 0.890625 0.9873046875 0.89453125 0.990234375
5 0.8671875 0.9287109375 0.8815104171874999 0.9375 0.8854166671874999 0.9150390625 0.8815104171874999 0.912109375 0.875 0.9130859375 0.8671875 0.9189453125 0.8671875 0.9287109375
5 0.91796875 0.900390625 0.9309895828125001 0.900390625 0.9375 0.8935546875 0.9283854171874999 0.888671875 0.9140625 0.8896484375 0.9140625 0.8974609375 0.91796875 0.900390625
5 0.65234375 0.90625 0.6627604171875 0.904296875 0.6796875 0.8916015625 0.6783854171875 0.884765625 0.6640625 0.8857421875 0.6484375 0.8994140625 0.65234375 0.90625
5 0.1666666671875 0.2138671875 0.1614583328125 0.2216796875 0.1731770828125 0.224609375 0.1744791671875 0.2158203125 0.1666666671875 0.2138671875
5 0.3229166671875 0.0908203125 0.3177083328125 0.0947265625 0.3216145828125 0.09765625 0.328125 0.0947265625 0.328125 0.0908203125 0.3229166671875 0.0908203125