5 0.8519345234375001 0.9355158734375 0.8422619046875001 0.921626984375 0.8236607140625001 0.9077380953124999 0.7849702375 0.8998015875 0.7708333328125 0.9077380953124999 0.7589285718750001 0.9255952375 0.7537202375 0.9642857140625001 0.7589285718750001 0.9771825390625001 0.784226190625 0.9920634921874999 0.8266369046875001 0.9950396828124999 0.84970238125 0.9861111109375 0.85342261875 0.9444444437499999 0.8519345234375001 0.9355158734375
5 0.8668154765624999 0.8630952375 0.875 0.8660714281249999 0.8831845234375001 0.8581349203125 0.8854166671874999 0.847222221875 0.875 0.8382936515624999 0.8705357140625001 0.8392857140625001 0.8645833328125001 0.846230159375 0.8645833328125001 0.8581349203125 0.8668154765624999 0.8630952375
5 1 0.790674603125 0.9888392859374999 0.783730159375 0.9754464281249999 0.7876984125 0.96875 0.7946428578125 0.96875 0.8045634921874999 0.9709821421875 0.809523809375 0.9799107140625001 0.8134920640625 1 0.8144841265625 1 0.790674603125
5 0.7306547625 0.9196428578125 0.7239583328125 0.921626984375 0.7232142859375 0.9265873015625001 0.7276785718750001 0.9365079359375 0.734375 0.9384920640625 0.737351190625 0.924603175 0.7306547625 0.9196428578125
5 0.63467261875 0.890873015625 0.6369047625 0.8819444437499999 0.6316964281249999 0.872023809375 0.6197916671875 0.8710317453125 0.6160714281249999 0.8869047625 0.6212797625 0.8928571421875 0.6302083328125 0.8928571421875 0.63467261875 0.890873015625
5 0.547619046875 0.5426587296875 0.5327380953125 0.5357142859375 0.518601190625 0.5357142859375 0.49627976250000005 0.5426587296875 0.48883928593750003 0.5545634921875 0.49032738125 0.6001984125 0.4947916671875 0.609126984375 0.5074404765625 0.61904761875 0.5334821421875 0.6210317453124999 0.5416666671875 0.6180555562500001 0.5520833328125 0.6041666671875 0.559523809375 0.5585317453124999 0.547619046875 0.5426587296875
5 0.387648809375 0.54365079375 0.3854166671875 0.559523809375 0.393601190625 0.5704365078125 0.40848214218749995 0.5763888890625 0.41592261875 0.5694444437499999 0.4203869046875 0.552579365625 0.412946428125 0.5386904765625 0.40252976250000005 0.534722221875 0.3943452375 0.5367063484375 0.387648809375 0.54365079375
5 0.3883928578125 0.924603175 0.38616071406249997 0.940476190625 0.393601190625 0.952380953125 0.40848214218749995 0.9553571421875 0.41815476250000005 0.950396825 0.4270833328125 0.9355158734375 0.415178571875 0.9206349203125 0.403273809375 0.9166666671874999 0.3943452375 0.91865079375 0.3883928578125 0.924603175
5 0.149553571875 0.8869047625 0.1540178578125 0.887896825 0.162946428125 0.8819444437499999 0.1644345234375 0.872023809375 0.1547619046875 0.8640873015625001 0.149553571875 0.8640873015625001 0.143601190625 0.8710317453125 0.143601190625 0.8759920640625 0.149553571875 0.8869047625
5 0.0825892859375 0.93154761875 0.090773809375 0.9384920640625 0.102678571875 0.9384920640625 0.10342261875 0.9285714281249999 0.09895833281250001 0.91865079375 0.094494046875 0.9166666671874999 0.08556547656249999 0.9176587296875001 0.0803571421875 0.922619046875 0.0825892859375 0.93154761875
5 0 0.8115079359375 0.0386904765625 0.8214285718750001 0.0758928578125 0.822420634375 0.0900297625 0.809523809375 0.094494046875 0.797619046875 0.09895833281250001 0.7539682546875001 0.0922619046875 0.7361111109375 0.0758928578125 0.722222221875 0.02529761875 0.7242063484375 0.012648809375 0.7331349203124999 0.007440476562499999 0.7460317453124999 0.006696428124999999 0.783730159375 0 0.7946428578125 0 0.8115079359375
5 0.30518012968749997 0.2194168 0.304527103125 0.193295753125 0.30713920781250004 0.17152821406250002 0.2895075015625 0.1480192703125 0.2673046109375 0.13670015 0.243142640625 0.14366576250000002 0.221592778125 0.1497606734375 0.1993898875 0.1671747046875 0.19220659843750001 0.18110593125000002 0.1941656765625 0.21506329218750003 0.19873685937500002 0.2368308328125 0.21440948906249999 0.265563984375 0.23138817031249997 0.2899436296875 0.2535910609375 0.29690924375 0.28167118750000003 0.278624509375 0.29864986875 0.254244865625 0.30518012968749997 0.2194168
5 0.188288440625 0.2298652203125 0.191553571875 0.1993906640625 0.1850233109375 0.189812946875 0.174574890625 0.1976492609375 0.17653396875 0.2124511890625 0.188288440625 0.2298652203125
5 0.16935068125 0.319547484375 0.174574890625 0.305616259375 0.17326883906249999 0.299521346875 0.1680446296875 0.28384871875 0.1595552890625 0.2812366140625 0.1497598953125 0.28733152500000003 0.1478008171875 0.29690924375 0.1575962109375 0.314323275 0.16935068125 0.319547484375
5 0.1171085859375 0.5380935828125 0.1190676640625 0.5511541078125 0.12233279687500001 0.5598611234375 0.1314751625 0.5633439296875 0.1353933203125 0.545059196875 0.12821003125 0.531998671875 0.1171085859375 0.5380935828125
5 0.190900546875 0.443187109375 0.190900546875 0.459730440625 0.19547172968749998 0.46930815781249996 0.202001990625 0.45798903593749996 0.206573175 0.44841131875 0.198083834375 0.44231640937499994 0.190900546875 0.443187109375
5 0.09817082656250001 0.998694725 0.1014359578125 0.9812806937499999 0.09033451249999999 0.9690908703125001 0.0877224078125 0.9812806937499999 0.085110303125 1 0.09817082656250001 0.998694725
5 0.0472347828125 0.962125259375 0.0452757046875 0.976056484375 0.044622678124999995 0.9838927984374999 0.05245899375 0.98824630625 0.05637715 0.972573678125 0.05245899375 0.9647373625 0.0472347828125 0.962125259375
5 0.3580752515625 0.3186767828125 0.3652585390625 0.329995903125 0.3750539328125 0.3378322171875 0.3783190640625 0.329995903125 0.3770130109375 0.314323275 0.368523671875 0.3038748546875 0.3580752515625 0.3186767828125
5 0.5565952140625 0.3578583546875 0.5559421875 0.3735309828125 0.56573758125 0.3822379984375 0.5774920531250001 0.3804965953125 0.5801041578125 0.36569466875 0.5690027125 0.3561169515625 0.5565952140625 0.3578583546875
5 0.5957767859375 0.2507620578125 0.5912056031249999 0.2664346859375 0.5977358640625 0.2794952109375 0.6075312578125 0.2812366140625 0.6127554671875 0.2603397765625 0.6062252046875 0.24640855 0.5957767859375 0.2507620578125
5 0.6107963890625 0.3343494109375 0.62059178125 0.3395736203125 0.629081121875 0.3291252015625 0.6173266500000001 0.3273837984375 0.6107963890625 0.3343494109375
5 0.9797561874999999 0.6808886453125 0.9921636859375 0.6782765390625001 0.99673486875 0.66695741875 0.9921636859375 0.647801984375 0.9928167125 0.647801984375 0.981715265625 0.6347414609375 0.9666956640625 0.6469312828125 0.957553296875 0.6626039109375 0.9680017171875 0.6721816296875 0.9797561874999999 0.6808886453125
5 0.9340443546874999 0.2368308328125 0.9288201453125 0.25685696875 0.9320852765625001 0.278624509375 0.9536351406250001 0.2899436296875 0.9732259265625001 0.2829780171875 0.9797561874999999 0.264693284375 0.9804092140625 0.2525034609375 0.9680017171875 0.23770153437500002 0.957553296875 0.2333480265625 0.9444927734374999 0.23421872812500003 0.9340443546874999 0.2368308328125
5 0.826948059375 0.148889971875 0.830866215625 0.1358294484375 0.820417796875 0.134958746875 0.8164996406249999 0.1427950609375 0.820417796875 0.1549848828125 0.826948059375 0.148889971875
5 0.8915976515624999 0.2559862671875 0.875271996875 0.20896838125 0.84653884375 0.193295753125 0.822376875 0.202873471875 0.7969088531249999 0.22202890625 0.782542278125 0.24379644531250003 0.7818892515625 0.2707881953125 0.7858074078125 0.29777994375 0.793643721875 0.3134525734375 0.8073572734375001 0.33870291875 0.8262950328124999 0.34566853124999997 0.8602523937500001 0.3447978296875 0.8785371281250001 0.32651309687499996 0.885720415625 0.2951678390625 0.8915976515624999 0.2559862671875
5 0.79103161875 0.35176344375 0.793643721875 0.3343494109375 0.7838483296875001 0.32477169375 0.7740529375 0.3326080078125 0.77797109375 0.3465392328125 0.79103161875 0.35176344375
5 0.7564212296874999 0.220287503125 0.7714408328125 0.19155435 0.7786241203125 0.17239891406250002 0.7786241203125 0.145407165625 0.7649105703125 0.1158033109375 0.7479318890625 0.08968226406249999 0.7289941296875 0.08097524843750001 0.704179134375 0.0757510390625 0.680017165625 0.0774924421875 0.657814275 0.09925998124999999 0.6427946718750001 0.12538102812500002 0.64083559375 0.1575969875 0.64475375 0.1941664546875 0.6525900640625 0.22289960781249998 0.6643445359375 0.24205504218749999 0.698954925 0.24379644531250003 0.7316062343749999 0.23596013125 0.7564212296874999 0.220287503125
5 0.42729602812499995 0.340444321875 0.42925510781250004 0.31693537968749996 0.423377871875 0.2951678390625 0.4037870859375 0.2899436296875 0.389420509375 0.2951678390625 0.38811445624999996 0.319547484375 0.3920326140625 0.34131502343750003 0.41423550468750003 0.347409934375 0.42729602812499995 0.340444321875
5 0.167391603125 0.035698765625000003 0.167391603125 0.0557249015625 0.1797991 0.0705268296875 0.1889414671875 0.060078409374999996 0.190900546875 0.034828064062500004 0.1797991 0.029603854687499997 0.167391603125 0.035698765625000003
5 0.4488458921875 0.07139753125000001 0.45276405000000003 0.094035771875 0.45929431249999997 0.1018720859375 0.46843667812499995 0.0931650703125 0.46908970468750005 0.080104546875 0.4586412859375 0.06530261875 0.4488458921875 0.07139753125000001
5 0.563778503125 0.14018295625 0.570308765625 0.145407165625 0.5650845546875 0.17152821406250002 0.581410209375 0.17936452812499998 0.5912056031249999 0.16804540625 0.5977358640625 0.1567262859375 0.5964298125 0.14366576250000002 0.580757184375 0.11928611874999999 0.5696557375 0.10361348906250001 0.5533300828125001 0.1088377 0.563778503125 0.14018295625
5 0.4179200625 0.8709464921875 0.4167345625 0.8804304828125 0.42206930781249996 0.89465646875 0.4291823015625 0.8899144734375 0.42977505000000005 0.8796401515625 0.4250330546875 0.8693658281250001 0.4179200625 0.8709464921875
5 0.28277319218749997 0.9760607234374999 0.291071684375 0.9697380640625 0.28573693906250003 0.9618347375 0.278623946875 0.959463740625 0.2762529484375 0.970528396875 0.28277319218749997 0.9760607234374999
5 0.5779624078125 0.791122903125 0.595744890625 0.795074565625 0.6105636249999999 0.7887519046875 0.6158983703125 0.7713645890625 0.6141201234375 0.757928934375 0.602265134375 0.746864278125 0.5868536484375 0.7492352765625 0.576184159375 0.7618805984375 0.5720349125 0.7737355859374999 0.5779624078125 0.791122903125
5 0.6289388578125 0.7729452546875 0.6247896125 0.783219578125 0.6330881046875 0.7958648984375001 0.6396083484374999 0.8037682234375 0.6419793453125 0.8108812171875 0.64435034375 0.8203652078125 0.6496850890625 0.8132522156249999 0.6550198328125 0.8053488890624999 0.6615400765625 0.79665523125 0.653241584375 0.79665523125 0.646721340625 0.7863809078124999 0.6390155984375 0.7737355859374999 0.6289388578125 0.7729452546875
5 0.918200578125 0.44653790156250006 0.918200578125 0.46313488593749996 0.9270918203124999 0.46787688125000004 0.9300555671874999 0.4528605625 0.9306483171875 0.443376571875 0.9223498250000001 0.4354732453125 0.918200578125 0.44653790156250006
5 0.8690023765625 0.443376571875 0.8737443718750001 0.436263578125 0.867816878125 0.4267795890625 0.8601111359375 0.42915058593750005 0.8612966343749999 0.44258623906250005 0.8690023765625 0.443376571875
5 0.5070423609375 0.5182135328124999 0.510550125 0.5154073218749999 0.5096147203125 0.5116657078125 0.5068085109375 0.503558878125 0.5016637921875 0.5051178843749999 0.496519071875 0.5082358953125 0.5002606859375 0.5157191234375 0.50236534375 0.5210197437499999 0.5070423609375 0.5182135328124999
5 0.5119532296875 0.475808575 0.5119532296875 0.48391540468749994 0.513122484375 0.49233403593749997 0.5168640984375 0.49701105312499994 0.5194364578124999 0.4963874515625 0.5217749671874999 0.4929576375 0.521541115625 0.48578621093749996 0.519904159375 0.47799118281249997 0.519904159375 0.47830298437499996 0.5177995015625 0.470196153125 0.5145255890625 0.46894894843749996 0.5119532296875 0.475808575
5 0.3920968953125 0.1791788671875 0.38839339375000004 0.1925820109375 0.39050968125 0.2059851546875 0.40426553906249996 0.2073960125 0.406381825 0.1925820109375 0.4000329671875 0.1834114390625 0.3920968953125 0.1791788671875
5 0.41590510937499997 0.072659146875 0.42331211093750004 0.08253514843750001 0.428602825 0.06701571875 0.4196086109375 0.0648994328125 0.41590510937499997 0.072659146875
5 0.2889279609375 0.0098760015625 0.293689603125 0.0253954296875 0.30162567500000004 0.027511715625 0.3090326765625 0.0204574296875 0.3042710328125 0.005643428125000001 0.294747746875 0.0021162859375 0.2889279609375 0.0098760015625
5 0.33778511718750004 0.6459319140625001 0.3337449828125 0.653767328125 0.3344795515625 0.66356159375 0.3403561125 0.6782529953124999 0.345498103125 0.679232421875 0.349170953125 0.6870678359375 0.358353078125 0.6909855421875 0.3576185078125 0.6816809890625 0.3535783734375 0.673845575 0.3517419484375 0.6669895890624999 0.35064009375 0.65621589375 0.345498103125 0.6483804796875 0.33778511718750004 0.6459319140625001