5 0.6940104171875 0.685546875 0.6979166671875 0.6787109375 0.68359375 0.669921875 0.6692708328125 0.6767578125 0.67578125 0.68359375 0.6940104171875 0.685546875
5 0.71484375 0.86328125 0.72265625 0.86328125 0.7291666671875 0.8583984375 0.7265625 0.8505859375 0.7122395828125 0.837890625 0.69921875 0.8359375 0.6979166671875 0.8466796875 0.71484375 0.86328125
5 0.4703125 0.5421875 0.009375 0.009375
5 0.19453125 0.6796875 0.0140625 0.0109375
5 0.4203125 0.18203125 0.009375 0.0078125
4 0.209375 0.2546875 0.0125 0.0125
5 0.5885416671875 0.9013671875 0.5859375 0.9111328125 0.59765625 0.921875 0.6106770828125 0.921875 0.6223958328125 0.9169921875 0.625 0.9052734375 0.6158854171875 0.8984375 0.6002604171875 0.896484375 0.5885416671875 0.9013671875
5 0.6393229171875 0.736328125 0.6432291671875 0.7294921875 0.63671875 0.724609375 0.6302083328125 0.7275390625 0.6302083328125 0.7333984375 0.6393229171875 0.736328125
2 0.5651041671875 0.6962890625 0.5455729171875 0.69140625 0.5169270828125 0.689453125 0.4921875 0.7001953125 0.4921875 0.7080078125 0.51953125 0.7265625 0.5403645828125 0.724609375 0.5677083328125 0.7099609375 0.5703125 0.7041015625 0.5651041671875 0.6962890625
5 0.625 0.5615234375 0.625 0.5751953125 0.63671875 0.5859375 0.64453125 0.5859375 0.6536458328125 0.5791015625 0.65625 0.5712890625 0.6497395828125 0.564453125 0.6419270828125 0.560546875 0.625 0.5615234375
5 0.7356770828125 0.435546875 0.7200520828125 0.435546875 0.7083333328125 0.4423828125 0.72265625 0.451171875 0.73828125 0.453125 0.7447916671875 0.4462890625 0.7356770828125 0.435546875
5 0.58203125 0.453125 0.5833333328125 0.4462890625 0.5794270828125 0.443359375 0.5677083328125 0.4443359375 0.5768229171875 0.453125 0.58203125 0.453125
5 0.6236979171875 0.205078125 0.6276041671875 0.2021484375 0.6236979171875 0.193359375 0.6145833328125 0.1982421875 0.6145833328125 0.2021484375 0.6236979171875 0.205078125
5 0.6888020828125 0.279296875 0.6901041671875 0.2724609375 0.6861979171875 0.26953125 0.6744791671875 0.2724609375 0.67578125 0.279296875 0.6888020828125 0.279296875
5 0.6263020828125 0.103515625 0.6158854171875 0.103515625 0.6067708328125 0.1103515625 0.61328125 0.115234375 0.6276041671875 0.1142578125 0.6302083328125 0.1064453125 0.6263020828125 0.103515625
5 0.4791666671875 0.1298828125 0.4674479171875 0.126953125 0.4609375 0.1337890625 0.4674479171875 0.140625 0.47265625 0.140625 0.4791666671875 0.1357421875 0.4791666671875 0.1298828125
5 0.4049479171875 0.12109375 0.4114583328125 0.1162109375 0.4075520828125 0.111328125 0.3984375 0.1142578125 0.3984375 0.1201171875 0.4049479171875 0.12109375
5 0.3255208328125 0.0947265625 0.3268229171875 0.0859375 0.3151041671875 0.0927734375 0.3151041671875 0.0966796875 0.3255208328125 0.0947265625
5 0.4635416671875 0.0068359375 0.46484375 0 0.4505208328125 0.0009765625 0.4544270828125 0.01171875 0.4635416671875 0.0068359375
5 0.07161458281250001 0.03515625 0.078125 0.0302734375 0.07421875 0.01953125 0.05989583281250001 0.0263671875 0.05989583281250001 0.0322265625 0.07161458281250001 0.03515625
5 0.08203125 0.142578125 0.078125 0.1494140625 0.08072916718749999 0.1533203125 0.08723958281250001 0.158203125 0.09505208281250001 0.15625 0.1015625 0.1513671875 0.1015625 0.1435546875 0.09505208281250001 0.140625 0.08203125 0.142578125
5 0.22526041718749998 0.177734375 0.22395833281250002 0.1689453125 0.21744791718749998 0.16796875 0.21614583281250002 0.1728515625 0.22526041718749998 0.177734375
5 0.0377604171875 0.111328125 0.03515625 0.103515625 0.0234375 0.1064453125 0.0247395828125 0.111328125 0.0377604171875 0.111328125
4 0.3541666671875 0.2275390625 0.3541666671875 0.2353515625 0.36328125 0.2421875 0.3841145828125 0.244140625 0.3932291671875 0.2373046875 0.3958333328125 0.2275390625 0.3841145828125 0.216796875 0.37109375 0.216796875 0.3541666671875 0.2275390625
4 0.2877604171875 0.197265625 0.2981770828125 0.1953125 0.3020833328125 0.1923828125 0.2994791671875 0.1806640625 0.28515625 0.177734375 0.28125 0.1806640625 0.28125 0.1943359375 0.2877604171875 0.197265625
4 0.44011375937499997 0.3336307234375 0.4599975703125 0.32931384375 0.50390625 0.345703125 0.53125 0.3330078125 0.53125 0.3154296875 0.5034279984375 0.299095684375 0.47621857343749996 0.30027301562500003 0.4599975703125 0.28536015625 0.4544270828125 0.267578125 0.3919270828125 0.255859375 0.3671875 0.2607421875 0.3671875 0.3115234375 0.3723958328125 0.3212890625 0.3982531078125 0.33009873125 0.4008693984375 0.36267155156249997 0.4076717546875 0.376799521875 0.4139508515625 0.38935771875 0.433311403125 0.394459484375 0.450055665625 0.3917123796875 0.44011375937499997 0.378369296875 0.4395905015625 0.360316890625 0.42598578906249995 0.3442267015625 0.429648596875 0.337555159375 0.44011375937499997 0.3336307234375
5 0.2825520828125 0.451171875 0.1966145828125 0.427734375 0.1822916671875 0.4306640625 0.23567708281250002 0.4609375 0.2799479171875 0.4609375 0.2838541671875 0.4580078125 0.2825520828125 0.451171875
5 0.1588541671875 0.5673828125 0.1419270828125 0.552734375 0.12109375 0.55078125 0.1067708328125 0.5595703125 0.1041666671875 0.5673828125 0.1184895828125 0.580078125 0.1315104171875 0.583984375 0.1497395828125 0.58203125 0.1588541671875 0.5751953125 0.1588541671875 0.5673828125
5 0.12109375 0.59765625 0.1197916671875 0.5888671875 0.1080729171875 0.58203125 0.1041666671875 0.5888671875 0.12109375 0.59765625
5 0.08984375 0.537109375 0.09375 0.5283203125 0.07682291718749999 0.525390625 0.07552083281250001 0.5341796875 0.08984375 0.537109375
5 0.08203125 0.455078125 0.09114583281250001 0.4482421875 0.09375 0.4423828125 0.08723958281250001 0.43359375 0.0625 0.4345703125 0.05989583281250001 0.4443359375 0.06901041718749999 0.455078125 0.08203125 0.455078125
5 0.1783854171875 0.171875 0.19921875 0.162109375 0.20572916718749998 0.1552734375 0.1966145828125 0.150390625 0.14453125 0.13671875 0.1328125 0.1396484375 0.1419270828125 0.15234375 0.1783854171875 0.171875
5 0.8372395828125001 0.369140625 0.8307291671874999 0.3740234375 0.8307291671874999 0.3798828125 0.83984375 0.38671875 0.8528645828125001 0.388671875 0.8619791671874999 0.3818359375 0.859375 0.3720703125 0.8502604171874999 0.3671875 0.8372395828125001 0.369140625
5 0.7263359781250001 0.339124934375 0.7320918187500001 0.34108715156249997 0.7362778828125001 0.33990982187499996 0.7362778828125001 0.336377828125 0.734708109375 0.3316685046875 0.72738249375 0.3304911734375 0.7237196875 0.3332382796875 0.7242429453125 0.335985384375 0.7263359781250001 0.339124934375
5 0.68290555 0.3508982421875 0.6891846484374999 0.3540377921875 0.6933707140625 0.35325290468750004 0.6944172296875 0.35011335625 0.6944172296875 0.345796475 0.68970790625 0.3430493703125 0.6834288078124999 0.34461914375 0.6823822921875 0.34697380624999996 0.68290555 0.3508982421875
5 0.6954637453125 0.316363203125 0.693893971875 0.318717865625 0.6949404875 0.32107252656249996 0.6991265531249999 0.3242120765625 0.70331261875 0.3238196328125 0.706975425 0.3218574140625 0.7064521671875 0.316755646875 0.70331261875 0.31400854218749996 0.6986032953125 0.3132236546875 0.6954637453125 0.316363203125
4 0.3033854171875 0.193359375 0.22005208281250002 0.19921875 0.07942708281250001 0.224609375 0.05338541718749999 0.236328125 0.015625 0.2724609375 0.0182291671875 0.2978515625 0.05208333281250001 0.3349609375 0.07682291718749999 0.349609375 0.1028645828125 0.35546875 0.20182291718749998 0.3671875 0.27734375 0.37109375 0.3346354171875 0.341796875 0.3619791671875 0.3134765625 0.3645833328125 0.2802734375 0.328125 0.2041015625 0.3190104171875 0.1953125 0.3033854171875 0.193359375
4 0.06640625 0.296875 0.07291666718749999 0.2919921875 0.07291666718749999 0.2783203125 0.06119791718749999 0.2734375 0.05598958281250001 0.2734375 0.0442708328125 0.2841796875 0.05338541718749999 0.296875 0.06640625 0.296875
5 0.169066028125 0.398383921875 0.1664497375 0.4019159140625 0.1664497375 0.4050554625 0.1664497375 0.4089799 0.17063580312499999 0.4113345609375 0.17482186875 0.4117270046875 0.180577709375 0.407410125 0.1784846765625 0.4019159140625 0.1716823203125 0.396814146875 0.169066028125 0.398383921875
5 0.16592647968750002 0.40584034999999996 0.16278693125000002 0.4019159140625 0.157031090625 0.4011310265625 0.15598457500000001 0.40270080156250004 0.1549380578125 0.40466301875 0.157031090625 0.40937234375 0.160170640625 0.4101572296875 0.16592647968750002 0.40584034999999996
5 0.115693696875 0.40466301875 0.11150763125 0.39367459843749997 0.1041820171875 0.39995369531249997 0.1041820171875 0.4042705765625 0.11150763125 0.4066252375 0.115693696875 0.40466301875
2 0.30078125 0.359375 0.23046875 0.365234375 0.2109375 0.3740234375 0.20833333281250002 0.3857421875 0.22786458281250002 0.404296875 0.2669270828125 0.41796875 0.2942708328125 0.3974609375 0.3098958328125 0.3779296875 0.3125 0.3623046875 0.30078125 0.359375
5 0.3802083328125 0.3876953125 0.3828125 0.3740234375 0.37109375 0.37109375 0.3645833328125 0.3837890625 0.3736979171875 0.388671875 0.3802083328125 0.3876953125
5 0.4544270828125 0.3984375 0.4778645828125 0.400390625 0.4791666671875 0.3896484375 0.47265625 0.380859375 0.4596354171875 0.37890625 0.4505208328125 0.3837890625 0.4505208328125 0.3955078125 0.4544270828125 0.3984375
5 0.41796875 0.484375 0.421875 0.4755859375 0.4153645828125 0.47265625 0.40625 0.4794921875 0.41015625 0.484375 0.41796875 0.484375
5 0.39453125 0.458984375 0.3984375 0.4501953125 0.3893229171875 0.447265625 0.3854166671875 0.4560546875 0.39453125 0.458984375
5 0.317148090625 0.4702011046875 0.3113922515625 0.4705935484375 0.310345734375 0.4717708796875 0.310345734375 0.47412554062499995 0.31400854218749996 0.47648020312500006 0.318717865625 0.475695315625 0.32028764062500004 0.4721633234375 0.31976438125 0.4705935484375 0.317148090625 0.4702011046875