5 0.1484375 0.0107421875 0.1484375 0.0380859375 0.16015625 0.046875 0.1861979171875 0.044921875 0.1953125 0.0341796875 0.1927083328125 0.0185546875 0.1653645828125 0.00390625 0.1484375 0.0107421875
5 0.41796875 0.189453125 0.4010416671875 0.2119140625 0.4010416671875 0.2666015625 0.4088541671875 0.2841796875 0.4231770828125 0.294921875 0.4518229171875 0.30859375 0.5065104171875 0.326171875 0.53515625 0.32421875 0.5494791671875 0.3173828125 0.5651041671875 0.2998046875 0.5625 0.2763671875 0.5390625 0.2060546875 0.52734375 0.1875 0.49609375 0.17578125 0.44921875 0.1796875 0.41796875 0.189453125
5 0.65625 0.0673828125 0.6848958328125 0.0439453125 0.703125 0.0185546875 0.7083333328125 0.0009765625 0.54296875 0 0.5442708328125 0.0224609375 0.5572916671875 0.0595703125 0.5716145828125 0.068359375 0.6184895828125 0.07421875 0.65625 0.0673828125
5 0.9388020828125001 0.10546875 0.8919270828125001 0.103515625 0.8828125 0.1142578125 0.8802083328125001 0.1376953125 0.8997395828125001 0.15234375 0.9309895828125001 0.15234375 0.9427083328125001 0.1455078125 0.9453125 0.1162109375 0.9388020828125001 0.10546875
5 0.9895833328125001 0.1025390625 0.9778645828125001 0.09375 0.96484375 0.09765625 0.9609375 0.1005859375 0.9609375 0.1142578125 0.9700520828125001 0.12109375 0.98046875 0.12109375 0.9869791671874999 0.1162109375 0.9895833328125001 0.1025390625
5 1 0.2802734375 0.9908854171874999 0.275390625 0.9752604171874999 0.275390625 0.953125 0.2919921875 0.9505208328125001 0.2998046875 0.9609375 0.3193359375 0.97265625 0.328125 0.9934895828125001 0.333984375 1 0.3271484375 1 0.2802734375
5 0.7708333328125 0.7119140625 0.7838541671875 0.7314453125 0.80859375 0.74609375 0.8372395828125001 0.751953125 0.8463541671874999 0.7431640625 0.8567708328125001 0.7021484375 0.8541666671874999 0.6904296875 0.8424479171874999 0.68359375 0.8382936515624999 0.66220238125 0.8172123015625001 0.6510416671875 0.796130953125 0.66592261875 0.78515625 0.68359375 0.7734375 0.6904296875 0.7708333328125 0.7119140625
5 0.71484375 0.623046875 0.7057291671875 0.6298828125 0.7057291671875 0.6396484375 0.7122395828125 0.64453125 0.72265625 0.64453125 0.7317708328125 0.6357421875 0.7317708328125 0.6298828125 0.71484375 0.623046875
5 0.6484375 0.5146484375 0.6484375 0.5322265625 0.6549479171875 0.537109375 0.6653645828125 0.537109375 0.671875 0.5302734375 0.671875 0.5126953125 0.6575520828125 0.509765625 0.6484375 0.5146484375
5 0.51171875 0.517578125 0.4973958328125 0.5283203125 0.5 0.5400390625 0.5065104171875 0.546875 0.52734375 0.55078125 0.5364583328125 0.5244140625 0.5325520828125 0.51953125 0.51171875 0.517578125
5 0.8684895828125001 0.4609375 0.85546875 0.4609375 0.8489583328125001 0.4658203125 0.8463541671874999 0.4697265625 0.85546875 0.482421875 0.87109375 0.482421875 0.875 0.4794921875 0.875 0.4677734375 0.8684895828125001 0.4609375
5 0.984375 0.5244140625 0.96484375 0.509765625 0.9479166671874999 0.5205078125 0.9479166671874999 0.5400390625 0.96484375 0.552734375 0.9856770828125001 0.5546875 0.9921875 0.5498046875 0.9921875 0.5400390625 0.984375 0.5244140625
5 0.6627604171875 0.873046875 0.65234375 0.873046875 0.6432291671875 0.8779296875 0.640625 0.8857421875 0.6497395828125 0.892578125 0.66015625 0.89453125 0.6666666671875 0.8896484375 0.6666666671875 0.8759765625 0.6627604171875 0.873046875
5 0.6223958328125 0.9052734375 0.6197916671875 0.9287109375 0.6276041671875 0.9404296875 0.6497395828125 0.9453125 0.6640625 0.9326171875 0.6614583328125 0.9130859375 0.6341145828125 0.900390625 0.6223958328125 0.9052734375
5 0.7434895828125 0.876953125 0.7395833328125 0.8798828125 0.7395833328125 0.8935546875 0.7486979171875 0.8984375 0.765625 0.8896484375 0.765625 0.8837890625 0.7565104171875 0.876953125 0.7434895828125 0.876953125
5 0.60546875 0.86328125 0.5963541671875 0.8701171875 0.60546875 0.87890625 0.6158854171875 0.880859375 0.625 0.8740234375 0.625 0.8662109375 0.6158854171875 0.861328125 0.60546875 0.86328125
5 0.47265625 0.80859375 0.4661458328125 0.8134765625 0.4661458328125 0.8212890625 0.4778645828125 0.828125 0.48828125 0.828125 0.4921875 0.8232421875 0.4895833328125 0.8115234375 0.47265625 0.80859375
5 0.10546875 0.939453125 0.1263020828125 0.939453125 0.140625 0.9287109375 0.1315104171875 0.91796875 0.1015625 0.9208984375 0.09895833281250001 0.9326171875 0.10546875 0.939453125
5 0.24739583281250002 0.9580078125 0.23567708281250002 0.947265625 0.22526041718749998 0.94921875 0.21875 0.9541015625 0.21875 0.9658203125 0.22786458281250002 0.97265625 0.23567708281250002 0.97265625 0.24739583281250002 0.9638671875 0.24739583281250002 0.9580078125
5 0.79296875 0.791015625 0.8203125 0.7783203125 0.8255208328125001 0.7607421875 0.80859375 0.755859375 0.7838541671875 0.7724609375 0.78125 0.7861328125 0.79296875 0.791015625
5 0.9635416671874999 0.6513671875 0.9583333328125001 0.6357421875 0.9518229171874999 0.630859375 0.94140625 0.630859375 0.9309895828125001 0.63671875 0.921875 0.6435546875 0.9244791671874999 0.6513671875 0.9440104171874999 0.662109375 0.9596354171874999 0.66015625 0.9635416671874999 0.6513671875
5 0.6888020828125 0.44140625 0.68359375 0.439453125 0.6627604171875 0.44921875 0.65625 0.4541015625 0.65625 0.4638671875 0.6653645828125 0.470703125 0.6875 0.4638671875 0.6927083328125 0.4521484375 0.6888020828125 0.44140625
5 0.65625 0.3076171875 0.6588541671875 0.2900390625 0.6419270828125 0.283203125 0.61328125 0.279296875 0.5989583328125 0.2900390625 0.5963541671875 0.2958984375 0.6015625 0.3115234375 0.61328125 0.3203125 0.6315104171875 0.3203125 0.65625 0.3076171875
5 0.8684895828125001 0.083984375 0.8528645828125001 0.080078125 0.84375 0.0869140625 0.8411458328125001 0.1025390625 0.8502604171874999 0.11328125 0.8658854171874999 0.11328125 0.8776041671874999 0.1064453125 0.8776041671874999 0.0947265625 0.8684895828125001 0.083984375
5 0.8151041671874999 0.1123046875 0.8151041671874999 0.1318359375 0.82421875 0.13671875 0.8346354171874999 0.13671875 0.84375 0.1298828125 0.8463541671874999 0.1142578125 0.8372395828125001 0.109375 0.8151041671874999 0.1123046875
5 0.796875 0.1357421875 0.7864583328125 0.1513671875 0.7877604171875 0.15625 0.8229166671874999 0.1513671875 0.8255208328125001 0.1376953125 0.8190104171874999 0.1328125 0.8059895828125001 0.12890625 0.796875 0.1357421875
5 0.7278645828125 0.15234375 0.7408854171875 0.15234375 0.7473958328125 0.1474609375 0.74609375 0.13671875 0.7252604171875 0.142578125 0.7239583328125 0.1494140625 0.7278645828125 0.15234375
5 0.96875 0.2041015625 0.94921875 0.189453125 0.9427083328125001 0.1943359375 0.9322916671874999 0.2041015625 0.9322916671874999 0.2119140625 0.94140625 0.220703125 0.9544270828125001 0.22265625 0.96875 0.2099609375 0.96875 0.2041015625
5 0.8841145828125001 0.197265625 0.8984375 0.1904296875 0.9010416671874999 0.1787109375 0.89453125 0.169921875 0.8802083328125001 0.1728515625 0.875 0.1865234375 0.8841145828125001 0.197265625
5 0.8919270828125001 0.263671875 0.9049479171874999 0.263671875 0.9192708328125001 0.2568359375 0.8997395828125001 0.236328125 0.8880208328125001 0.2392578125 0.8854166671874999 0.2568359375 0.8919270828125001 0.263671875
5 0.7916666671875 0.2021484375 0.7890625 0.2177734375 0.79296875 0.220703125 0.8033854171874999 0.22265625 0.8177083328125001 0.2158203125 0.8111979171874999 0.205078125 0.80078125 0.201171875 0.7916666671875 0.2021484375
5 0.8177083328125001 0.2490234375 0.80859375 0.23828125 0.7981770828125 0.23828125 0.7942708328125 0.2412109375 0.7942708328125 0.2841796875 0.7981770828125 0.2890625 0.80859375 0.2890625 0.8177083328125001 0.2822265625 0.8177083328125001 0.2490234375
5 0.2552083328125 0.0556640625 0.24088541718749998 0.052734375 0.234375 0.0576171875 0.23177083281250002 0.0771484375 0.24348958281250002 0.0859375 0.2565104171875 0.087890625 0.2630208328125 0.0830078125 0.2630208328125 0.0712890625 0.2552083328125 0.0556640625
5 0.1692708328125 0.2041015625 0.1666666671875 0.2216796875 0.1731770828125 0.2265625 0.18359375 0.2265625 0.20572916718749998 0.2158203125 0.20572916718749998 0.2041015625 0.1940104171875 0.197265625 0.1692708328125 0.2041015625
5 0.109375 0.2255859375 0.1041666671875 0.2470703125 0.11328125 0.25 0.1263020828125 0.24609375 0.1354166671875 0.2333984375 0.1236979171875 0.220703125 0.1158854171875 0.220703125 0.109375 0.2255859375
5 0.0546875 0.2392578125 0.05208333281250001 0.2548828125 0.05598958281250001 0.2578125 0.07682291718749999 0.251953125 0.08333333281250001 0.2451171875 0.08333333281250001 0.2412109375 0.07161458281250001 0.236328125 0.0546875 0.2392578125
5 0.2838541671875 0.3291015625 0.2955729171875 0.337890625 0.30859375 0.341796875 0.3151041671875 0.3095703125 0.2981770828125 0.306640625 0.2838541671875 0.3173828125 0.2838541671875 0.3291015625
5 0.3177083328125 0.2568359375 0.30859375 0.25 0.2981770828125 0.25 0.2916666671875 0.2548828125 0.2916666671875 0.2646484375 0.2981770828125 0.2734375 0.30859375 0.275390625 0.3151041671875 0.2724609375 0.3177083328125 0.2568359375
5 0.06770833281250001 0.6904296875 0.06770833281250001 0.7060546875 0.078125 0.7275390625 0.08723958281250001 0.734375 0.1028645828125 0.740234375 0.1341145828125 0.744140625 0.1653645828125 0.734375 0.203125 0.7138671875 0.21354166718749998 0.6728515625 0.1888020828125 0.64453125 0.14453125 0.62890625 0.09505208281250001 0.62890625 0.0859375 0.6357421875 0.06770833281250001 0.6904296875
5 0.1184895828125 0.546875 0.07421875 0.544921875 0.0703125 0.5537109375 0.06770833281250001 0.5654296875 0.07291666718749999 0.5751953125 0.1028645828125 0.59375 0.1263020828125 0.59375 0.1458333328125 0.5791015625 0.1184895828125 0.546875
5 0 0.8759765625 0.006510417187500001 0.880859375 0.05078125 0.8828125 0.06119791718749999 0.87890625 0.09375 0.8505859375 0.09375 0.8115234375 0.08072916718749999 0.7880859375 0.06770833281250001 0.7744140625 0.0221354171875 0.744140625 0.006510417187500001 0.744140625 0 0.7490234375 0 0.8759765625
5 0.2955729171875 0.5859375 0.2838541671875 0.5947265625 0.30078125 0.607421875 0.3059895828125 0.607421875 0.3177083328125 0.5947265625 0.3177083328125 0.5869140625 0.3111979171875 0.583984375 0.2955729171875 0.5859375
5 0.22786458281250002 0.5859375 0.22395833281250002 0.5888671875 0.22395833281250002 0.6103515625 0.22786458281250002 0.61328125 0.24609375 0.609375 0.2526041671875 0.6044921875 0.25 0.5966796875 0.22786458281250002 0.5859375
5 0.1848958328125 0.5244140625 0.1783854171875 0.517578125 0.1627604171875 0.51953125 0.15625 0.5244140625 0.15625 0.5341796875 0.1627604171875 0.5390625 0.1783854171875 0.5390625 0.1848958328125 0.5322265625 0.1848958328125 0.5244140625
5 0.20833333281250002 0.7412109375 0.20182291718749998 0.72265625 0.1822916671875 0.7373046875 0.1861979171875 0.74609375 0.20182291718749998 0.74609375 0.20833333281250002 0.7412109375
5 0.4895833328125 0.9990234375 0.4869791671875 0.9794921875 0.4700520828125 0.97265625 0.4231770828125 0.974609375 0.4088541671875 0.9912109375 0.4075520828125 1 0.4895833328125 0.9990234375