5 0.940625 0.78046875 0.025 0.015625
5 0.80390625 0.9921875 0.0359375 0.015625
5 0.70859375 0.7125 0.0109375 0.0125
5 0.6640625 0.92890625 0.0109375 0.0140625
5 0.8078125 0.8546875 0.01875 0.015625
2 0.0052083328125 0.1435546875 0.03125 0.1748046875 0.06119791718749999 0.19921875 0.08984375 0.205078125 0.16796875 0.154296875 0.21354166718749998 0.1142578125 0.234375 0.0810546875 0.24479166718749998 0.0537109375 0.234375 0.0009765625 0.01953125 0 0.0052083328125 0.0712890625 0.0052083328125 0.1435546875
2 0.1497395828125 0.16796875 0.12109375 0.17578125 0.06901041718749999 0.203125 0.06510416718749999 0.2080078125 0.0703125 0.2490234375 0.08203125 0.26171875 0.1744791671875 0.2646484375 0.1497395828125 0.16796875
2 0.00390625 0.298828125 0.0390625 0.2783203125 0.0221354171875 0.263671875 0.0013020828125 0.259765625 0 0.2978515625 0.00390625 0.298828125
2 0 0.7587890625 0.0377604171875 0.7734375 0.046875 0.7626953125 0.0546875 0.7353515625 0.0494791671875 0.6005859375 0.03515625 0.595703125 0.0052083328125 0.6279296875 0 0.6357421875 0 0.7587890625
2 0.375 0.1708984375 0.40625 0.0927734375 0.40625 0.0732421875 0.3854166671875 0.0009765625 0.26171875 0 0.2604166671875 0.0849609375 0.3203125 0.2294921875 0.3372395828125 0.234375 0.375 0.1708984375
2 0.2838541671875 0.3330078125 0.2916666671875 0.3486328125 0.3111979171875 0.359375 0.32421875 0.357421875 0.3333333328125 0.3486328125 0.3385416671875 0.3310546875 0.3385416671875 0.3095703125 0.3307291671875 0.2919921875 0.3268229171875 0.2890625 0.31640625 0.294921875 0.2864583328125 0.3212890625 0.2838541671875 0.3330078125
2 0.26953125 0.36328125 0.3046875 0.3525390625 0.29296875 0.3125 0.2565104171875 0.302734375 0.21744791718749998 0.3046875 0.21354166718749998 0.3095703125 0.22916666718749998 0.3349609375 0.2591145828125 0.361328125 0.26953125 0.36328125
2 0.3411458328125 0.4013671875 0.34375 0.3798828125 0.3372395828125 0.373046875 0.3294270828125 0.373046875 0.3190104171875 0.37890625 0.3098958328125 0.3857421875 0.3098958328125 0.3935546875 0.3294270828125 0.408203125 0.3411458328125 0.4013671875
2 0.2552083328125 0.3955078125 0.2513020828125 0.392578125 0.23567708281250002 0.39453125 0.23177083281250002 0.3974609375 0.234375 0.4130859375 0.2669270828125 0.421875 0.2708333328125 0.4150390625 0.2552083328125 0.3955078125
2 0.2981770828125 0.439453125 0.3268229171875 0.439453125 0.3307291671875 0.4365234375 0.3307291671875 0.4130859375 0.31640625 0.40234375 0.2903645828125 0.396484375 0.2734375 0.4052734375 0.2708333328125 0.4267578125 0.2799479171875 0.43359375 0.2981770828125 0.439453125
2 0.22005208281250002 0.490234375 0.2721354171875 0.494140625 0.3138020828125 0.486328125 0.3229166671875 0.4677734375 0.3203125 0.4365234375 0.2955729171875 0.41015625 0.25390625 0.400390625 0.23828125 0.40234375 0.21354166718749998 0.4677734375 0.2109375 0.4853515625 0.22005208281250002 0.490234375
2 0.34375 0.6064453125 0.34375 0.5537109375 0.3268229171875 0.53515625 0.3216145828125 0.53515625 0.3046875 0.5498046875 0.3020833328125 0.5556640625 0.30420136875 0.5656839406249999 0.312364196875 0.570989778125 0.3205270234375 0.582825878125 0.3069223109375 0.5877235749999999 0.3205270234375 0.599967815625 0.29549435156250003 0.5967026843750001 0.288964090625 0.619150459375 0.299303671875 0.62935399375 0.3294270828125 0.62890625 0.3346354171875 0.62890625 0.34375 0.6064453125
2 0.328125 0.5302734375 0.328125 0.5224609375 0.3125 0.4990234375 0.2877604171875 0.486328125 0.2838541671875 0.4892578125 0.28125 0.5146484375 0.2864583328125 0.5302734375 0.3216145828125 0.53515625 0.328125 0.5302734375
2 0.20442708281250002 0.5546875 0.20572916718749998 0.5732421875 0.24348958281250002 0.595703125 0.2513020828125 0.595703125 0.2552083328125 0.5869140625 0.21223958281250002 0.5546875 0.20442708281250002 0.5546875
5 0.2578125 0.6396484375 0.265625 0.6181640625 0.25390625 0.603515625 0.23046875 0.603515625 0.21614583281250002 0.6181640625 0.20572916718749998 0.6337890625 0.20963541718749998 0.646484375 0.23307291718749998 0.650390625 0.2578125 0.6396484375
2 0.20442708281250002 0.57421875 0.20572916718749998 0.6044921875 0.21223958281250002 0.625 0.2421875 0.5986328125 0.2421875 0.5908203125 0.22526041718749998 0.578125 0.20442708281250002 0.57421875
2 0.1940104171875 0.71484375 0.20182291718749998 0.71484375 0.23567708281250002 0.701171875 0.25 0.6845703125 0.25 0.6787109375 0.23567708281250002 0.671875 0.22526041718749998 0.671875 0.20442708281250002 0.673828125 0.1809895828125 0.68359375 0.1875 0.7099609375 0.1940104171875 0.71484375
2 0.31640625 0.693359375 0.3203125 0.6904296875 0.3203125 0.6533203125 0.3059895828125 0.646484375 0.2864583328125 0.6513671875 0.2838541671875 0.6650390625 0.2890625 0.6728515625 0.3072916671875 0.6904296875 0.31640625 0.693359375
2 0.3307291671875 0.6357421875 0.3268229171875 0.626953125 0.2734375 0.6181640625 0.2630208328125 0.6279296875 0.265625 0.6396484375 0.2721354171875 0.64453125 0.31640625 0.64453125 0.3307291671875 0.6357421875
5 0.3268229171875 0.734375 0.3307291671875 0.7275390625 0.3255208328125 0.7001953125 0.31640625 0.693359375 0.3059895828125 0.6953125 0.2994791671875 0.7001953125 0.2994791671875 0.7099609375 0.3098958328125 0.7294921875 0.3268229171875 0.734375
5 0.3372395828125 0.775390625 0.3385416671875 0.7900390625 0.3502604171875 0.79296875 0.3541666671875 0.7900390625 0.3515625 0.7802734375 0.3450520828125 0.775390625 0.3372395828125 0.775390625
5 0.35546875 0.79296875 0.3515625 0.8056640625 0.3606770828125 0.80859375 0.3671875 0.7978515625 0.35546875 0.79296875
5 0.3919270828125 0.802734375 0.3880208328125 0.8056640625 0.3971354171875 0.810546875 0.3984375 0.8056640625 0.3919270828125 0.802734375
5 0.30078125 0.923828125 0.296875 0.9267578125 0.2994791671875 0.9384765625 0.31640625 0.943359375 0.3203125 0.9365234375 0.3151041671875 0.9267578125 0.30078125 0.923828125
5 0.32421875 1 0.3229166671875 0.9755859375 0.31640625 0.974609375 0.3072916671875 0.9814453125 0.3072916671875 0.9990234375 0.32421875 1
5 0.1744791671875 0.7783203125 0.1744791671875 0.7958984375 0.1809895828125 0.80078125 0.19921875 0.798828125 0.20052083281250002 0.7802734375 0.18359375 0.775390625 0.1744791671875 0.7783203125
5 0.12109375 0.87109375 0.1302083328125 0.8662109375 0.1302083328125 0.8564453125 0.11328125 0.853515625 0.1041666671875 0.8642578125 0.12109375 0.87109375
2 0.015625 0.9228515625 0.013020832812499999 0.9345703125 0.0299479171875 0.94140625 0.0364583328125 0.9345703125 0.0364583328125 0.9267578125 0.0247395828125 0.919921875 0.015625 0.9228515625
2 0 0.9990234375 0.0325520828125 1 0.03125 0.9716796875 0.01953125 0.966796875 0.0078125 0.9697265625 0 0.9775390625 0 0.9990234375
2 0.22039634062500002 0.769754625 0.20679162812500002 0.77097905 0.20703125 0.783203125 0.24348958281250002 0.779296875 0.29277340937499996 0.7493475578125001 0.2982152953125 0.7411847296875 0.292229221875 0.735062609375 0.265019796875 0.7579185265625 0.2535918390625 0.76118365625 0.23889874843749997 0.77097905 0.22039634062500002 0.769754625
2 0.3033854171875 0.810546875 0.31640625 0.814453125 0.34375 0.7998046875 0.3385416671875 0.7763671875 0.33203125 0.76953125 0.32421875 0.76953125 0.3059895828125 0.779296875 0.2916666671875 0.7900390625 0.2916666671875 0.7998046875 0.3033854171875 0.810546875
2 0.3385416671875 0.8486328125 0.3346354171875 0.841796875 0.2799479171875 0.822265625 0.2760416671875 0.8251953125 0.2799479171875 0.830078125 0.32421875 0.8515625 0.33203125 0.853515625 0.3385416671875 0.8486328125
2 0.23567708281250002 0.9453125 0.22786458281250002 0.943359375 0.20052083281250002 0.9482421875 0.1979166671875 0.9990234375 0.23046875 1 0.23958333281250002 0.9912109375 0.24739583281250002 0.9560546875 0.23567708281250002 0.9453125
2 0.6302083328125 0.6728515625 0.6184895828125 0.66796875 0.5625 0.6923828125 0.5625 0.7001953125 0.6106770828125 0.736328125 0.6197916671875 0.7353515625 0.6458333328125 0.7021484375 0.6302083328125 0.6728515625
2 0.5598958328125 0.6357421875 0.5625 0.6220703125 0.5455729171875 0.609375 0.5403645828125 0.609375 0.5338541671875 0.6162109375 0.53125 0.6396484375 0.5377604171875 0.6484375 0.5455729171875 0.6484375 0.5598958328125 0.6357421875
2 0.5338541671875 0.4521484375 0.546875 0.5009765625 0.55859375 0.513671875 0.5963541671875 0.4990234375 0.5963541671875 0.4560546875 0.5911458328125 0.4462890625 0.57421875 0.4375 0.5559895828125 0.4296875 0.5416666671875 0.4306640625 0.5338541671875 0.4423828125 0.5338541671875 0.4521484375
2 0.6927083328125 0.5244140625 0.6927083328125 0.5185546875 0.6705729171875 0.505859375 0.5950520828125 0.490234375 0.57421875 0.490234375 0.5677083328125 0.4990234375 0.5768229171875 0.50390625 0.6809895828125 0.529296875 0.6927083328125 0.5244140625
5 0.6536458328125 0.4814453125 0.6536458328125 0.4755859375 0.6158854171875 0.455078125 0.6119791671875 0.4599609375 0.6171875 0.4775390625 0.6236979171875 0.482421875 0.6471354171875 0.486328125 0.6536458328125 0.4814453125
5 0.6315104171875 0.384765625 0.6484375 0.3662109375 0.6484375 0.3603515625 0.62890625 0.3515625 0.6041666671875 0.3505859375 0.6015625 0.3583984375 0.609375 0.3779296875 0.62109375 0.38671875 0.6315104171875 0.384765625
5 0.6953125 0.3896484375 0.7096354171875 0.392578125 0.7135416671875 0.3798828125 0.7018229171875 0.375 0.6953125 0.3798828125 0.6953125 0.3896484375
5 0.7330729171875 0.34765625 0.7421875 0.3447265625 0.7408854171875 0.3359375 0.7291666671875 0.3369140625 0.7265625 0.3427734375 0.7330729171875 0.34765625
5 0.9518229171874999 0.267578125 0.9479166671874999 0.2705078125 0.94921875 0.27734375 0.95703125 0.279296875 0.9661458328125001 0.2744140625 0.9622395828125001 0.267578125 0.9518229171874999 0.267578125
5 0.57421875 0.013671875 0.5703125 0.0224609375 0.5794270828125 0.02734375 0.5859375 0.0205078125 0.57421875 0.013671875
5 0.5403645828125 0 0.5403645828125 0.017578125 0.5559895828125 0.01953125 0.5651041671875 0.0146484375 0.5638020828125 0 0.5403645828125 0
5 0.2265625 0.2041015625 0.22005208281250002 0.19921875 0.20572916718749998 0.2021484375 0.203125 0.2158203125 0.20963541718749998 0.220703125 0.22005208281250002 0.220703125 0.2265625 0.2138671875 0.2265625 0.2041015625
5 0.2981770828125 0.1953125 0.3046875 0.1904296875 0.2981770828125 0.181640625 0.28515625 0.181640625 0.2877604171875 0.1953125 0.2981770828125 0.1953125
5 0.25390625 0.15234375 0.2565104171875 0.158203125 0.2630208328125 0.1572265625 0.2591145828125 0.15234375 0.25390625 0.15234375
5 0.1575520828125 0.20703125 0.1640625 0.2021484375 0.1640625 0.1962890625 0.15234375 0.19140625 0.1484375 0.2021484375 0.1575520828125 0.20703125
5 0.1861979171875 0.169921875 0.1822916671875 0.1787109375 0.1966145828125 0.181640625 0.20052083281250002 0.1728515625 0.1861979171875 0.169921875
5 0.1822916671875 0.1376953125 0.1770833328125 0.1552734375 0.1888020828125 0.15625 0.203125 0.1435546875 0.20572916718749998 0.1279296875 0.1940104171875 0.12890625 0.1822916671875 0.1376953125
5 0.0169270828125 0.07421875 0.015625 0.0830078125 0.0325520828125 0.099609375 0.06510416718749999 0.0966796875 0.06510416718749999 0.0869140625 0.05598958281250001 0.08203125 0.0169270828125 0.07421875
5 0.07552083281250001 0.3427734375 0.06901041718749999 0.337890625 0.05208333281250001 0.3427734375 0.046875 0.3525390625 0.05338541718749999 0.35546875 0.06640625 0.35546875 0.07552083281250001 0.3486328125 0.07552083281250001 0.3427734375
5 0.2643229171875 0.912109375 0.2604166671875 0.9208984375 0.2669270828125 0.927734375 0.27734375 0.927734375 0.2864583328125 0.9228515625 0.2799479171875 0.9140625 0.2643229171875 0.912109375
5 0.21484375 0.873046875 0.23177083281250002 0.8662109375 0.23046875 0.859375 0.21354166718749998 0.8623046875 0.2109375 0.8701171875 0.21484375 0.873046875
2 0.5390625 0.6513671875 0.5416666671875 0.7099609375 0.5494791671875 0.7705078125 0.5572916671875 0.7978515625 0.5611979171875 0.80078125 0.5846354171875 0.80078125 0.609375 0.7705078125 0.625 0.7314453125 0.6067708328125 0.6904296875 0.55078125 0.6484375 0.54296875 0.6484375 0.5390625 0.6513671875
2 0.5794270828125 0.798828125 0.5611979171875 0.798828125 0.5572916671875 0.8017578125 0.5546875 0.8115234375 0.56640625 0.818359375 0.57421875 0.818359375 0.5885416671875 0.8056640625 0.5794270828125 0.798828125
2 0.5911458328125 0.8974609375 0.5911458328125 0.8837890625 0.5729166671875 0.8447265625 0.5611979171875 0.83984375 0.546875 0.8525390625 0.5442708328125 0.8681640625 0.5520833328125 0.8876953125 0.5846354171875 0.90234375 0.5911458328125 0.8974609375
5 0.8203125 0.2724609375 0.8203125 0.2646484375 0.8138020828125001 0.259765625 0.8033854171874999 0.259765625 0.796875 0.2646484375 0.7942708328125 0.2705078125 0.8033854171874999 0.279296875 0.8111979171874999 0.279296875 0.8203125 0.2724609375
5 0.7122395828125 0.298828125 0.7057291671875 0.3056640625 0.7200520828125 0.3125 0.7265625 0.3076171875 0.7265625 0.2998046875 0.7200520828125 0.296875 0.7122395828125 0.298828125
5 0.8893229171874999 0.345703125 0.8828125 0.3505859375 0.8828125 0.3564453125 0.89453125 0.361328125 0.90234375 0.359375 0.90625 0.3486328125 0.8893229171874999 0.345703125
5 0.8684895828125001 0.12890625 0.8645833328125001 0.1376953125 0.8763020828125001 0.140625 0.8802083328125001 0.1318359375 0.8684895828125001 0.12890625