4 0.8541666671874999 0.4931640625 0.8385416671874999 0.5166015625 0.8385416671874999 0.5439453125 0.8828125 0.5830078125 0.91015625 0.599609375 0.9596354171874999 0.5859375 0.9973958328125001 0.5478515625 0.9947916671874999 0.5205078125 0.984375 0.5009765625 0.9518229171874999 0.4765625 0.9309895828125001 0.470703125 0.8997395828125001 0.470703125 0.8815104171874999 0.4765625 0.8541666671874999 0.4931640625
4 0.38671875 0.78515625 0.4036458328125 0.7744140625 0.4036458328125 0.7568359375 0.39453125 0.75 0.3815104171875 0.74609375 0.36328125 0.74609375 0.3541666671875 0.7509765625 0.3515625 0.7646484375 0.36328125 0.78125 0.38671875 0.78515625
4 0.3489583328125 0.7373046875 0.3515625 0.7646484375 0.3567708328125 0.7763671875 0.3736979171875 0.787109375 0.4361979171875 0.779296875 0.46875 0.7451171875 0.4713541671875 0.7333984375 0.4661458328125 0.7197265625 0.44140625 0.70703125 0.3815104171875 0.7109375 0.359375 0.7255859375 0.3489583328125 0.7373046875
5 0.8109375 0.834375 0.0109375 0.0125
5 0.75859375 0.890625 0.0109375 0.0109375
5 0.8359375 0.0263671875 0.8333333328125001 0.0400390625 0.83984375 0.044921875 0.84765625 0.044921875 0.8567708328125001 0.0322265625 0.84765625 0.0234375 0.8359375 0.0263671875
5 0.86328125 0.283203125 0.8697916671874999 0.2744140625 0.8606770828125001 0.265625 0.85546875 0.267578125 0.8515625 0.2783203125 0.86328125 0.283203125
5 0.7877604171875 0.24609375 0.7916666671875 0.2431640625 0.7890625 0.2353515625 0.7747395828125 0.232421875 0.7760416671875 0.2431640625 0.7877604171875 0.24609375
5 0.9309895828125001 0.380859375 0.9375 0.3759765625 0.9375 0.3701171875 0.92578125 0.359375 0.9153645828125001 0.357421875 0.90625 0.3642578125 0.90625 0.3701171875 0.9153645828125001 0.37890625 0.9309895828125001 0.380859375
5 0.5651041671875 0.3525390625 0.5598958328125 0.3642578125 0.57421875 0.37109375 0.5807291671875 0.3681640625 0.5859375 0.3544921875 0.5794270828125 0.349609375 0.5651041671875 0.3525390625
5 0.5651041671875 0.3310546875 0.5611979171875 0.328125 0.546875 0.3310546875 0.546875 0.3427734375 0.5533854171875 0.34765625 0.5611979171875 0.345703125 0.5651041671875 0.3427734375 0.5651041671875 0.3310546875
5 0.4075520828125 0.119140625 0.4036458328125 0.1298828125 0.4309895828125 0.150390625 0.4388020828125 0.150390625 0.4401041671875 0.1337890625 0.42578125 0.123046875 0.4075520828125 0.119140625
5 0.2109375 0.2158203125 0.20182291718749998 0.2109375 0.1901041671875 0.2138671875 0.1901041671875 0.2275390625 0.19921875 0.232421875 0.20703125 0.23046875 0.2109375 0.2275390625 0.2109375 0.2158203125
5 0.0013020828125 0.134765625 0 0.1572265625 0.009114582812499999 0.16015625 0.0234375 0.1494140625 0.0234375 0.1337890625 0.01171875 0.12890625 0.0013020828125 0.134765625
5 0.26953125 0.607421875 0.2760416671875 0.5966796875 0.26953125 0.591796875 0.26171875 0.591796875 0.2578125 0.6044921875 0.26953125 0.607421875
5 0.26953125 0.638671875 0.2786458328125 0.6337890625 0.2786458328125 0.6298828125 0.2721354171875 0.626953125 0.2682291671875 0.6298828125 0.26953125 0.638671875
5 0.09635416718749999 0.7099609375 0.09635416718749999 0.7255859375 0.1106770828125 0.728515625 0.1171875 0.7216796875 0.1171875 0.7138671875 0.10546875 0.70703125 0.09635416718749999 0.7099609375
5 0.2916666671875 0.9091796875 0.2890625 0.9150390625 0.2955729171875 0.921875 0.3059895828125 0.921875 0.3125 0.9169921875 0.3059895828125 0.90625 0.2916666671875 0.9091796875
5 0.3528645828125 0.88671875 0.3645833328125 0.8837890625 0.36328125 0.875 0.3489583328125 0.8759765625 0.3463541671875 0.8818359375 0.3528645828125 0.88671875
2 0.0013020828125 0.69921875 0 0.7841796875 0.01171875 0.78515625 0.0182291671875 0.7685546875 0.0182291671875 0.7431640625 0.0078125 0.7041015625 0.0013020828125 0.69921875
2 0.53125 0.5185546875 0.5247395828125 0.509765625 0.4739583328125 0.5244140625 0.46875 0.5361328125 0.4973958328125 0.6005859375 0.5143229171875 0.609375 0.5390625 0.5654296875 0.53125 0.5185546875
2 0.34375 0.6611328125 0.3606770828125 0.67578125 0.4231770828125 0.677734375 0.4596354171875 0.673828125 0.5104166671875 0.6494140625 0.5104166671875 0.6181640625 0.50390625 0.611328125 0.4466145828125 0.59765625 0.4049479171875 0.599609375 0.3776041671875 0.6142578125 0.3463541671875 0.6513671875 0.34375 0.6611328125
4 0.5091145828125 0.912109375 0.5078125 0.9287109375 0.51171875 0.93359375 0.5221354171875 0.93359375 0.5260416671875 0.9228515625 0.5169270828125 0.912109375 0.5091145828125 0.912109375
4 0.4596354171875 0.951171875 0.4661458328125 0.9462890625 0.4661458328125 0.9130859375 0.4596354171875 0.908203125 0.44921875 0.904296875 0.42578125 0.904296875 0.4114583328125 0.9150390625 0.4088541671875 0.9365234375 0.42578125 0.94921875 0.4596354171875 0.951171875
4 0.3880208328125 0.7548828125 0.3763020828125 0.74609375 0.3567708328125 0.7490234375 0.3515625 0.7568359375 0.3541666671875 0.7666015625 0.3684895828125 0.7734375 0.3841145828125 0.771484375 0.3880208328125 0.7548828125
4 0.3971354171875 0.884765625 0.4036458328125 0.8818359375 0.4036458328125 0.8681640625 0.3971354171875 0.86328125 0.38671875 0.86328125 0.3802083328125 0.8681640625 0.3802083328125 0.8779296875 0.3893229171875 0.884765625 0.3971354171875 0.884765625
4 0.3893229171875 0.85546875 0.4010416671875 0.8544921875 0.3919270828125 0.841796875 0.37890625 0.841796875 0.3763020828125 0.849609375 0.3893229171875 0.85546875
4 0.4114583328125 0.8896484375 0.40234375 0.88671875 0.3971354171875 0.888671875 0.3958333328125 0.8974609375 0.40234375 0.90234375 0.41015625 0.900390625 0.4140625 0.8955078125 0.4114583328125 0.8896484375
4 0.4036458328125 0.7294921875 0.3958333328125 0.7138671875 0.3893229171875 0.7109375 0.3815104171875 0.7109375 0.3697916671875 0.7197265625 0.3671875 0.7353515625 0.37890625 0.740234375 0.3971354171875 0.736328125 0.4036458328125 0.7294921875
4 0.4427083328125 0.7138671875 0.4427083328125 0.7255859375 0.4518229171875 0.732421875 0.4661458328125 0.7275390625 0.45703125 0.712890625 0.4466145828125 0.7109375 0.4427083328125 0.7138671875
4 0.3515625 0.7607421875 0.359375 0.7763671875 0.37109375 0.78515625 0.38671875 0.78515625 0.4635416671875 0.7392578125 0.4661458328125 0.7236328125 0.45703125 0.712890625 0.4388020828125 0.70703125 0.3815104171875 0.7109375 0.3697916671875 0.7177734375 0.3541666671875 0.7451171875 0.3515625 0.7607421875
4 0.4153645828125 0.734375 0.4088541671875 0.7392578125 0.4088541671875 0.7451171875 0.4153645828125 0.75 0.4296875 0.7392578125 0.4231770828125 0.734375 0.4153645828125 0.734375
4 0.9153645828125001 0.7578125 0.9114583328125001 0.7626953125 0.9205729171874999 0.767578125 0.9309895828125001 0.767578125 0.9375 0.7607421875 0.9361979171874999 0.7578125 0.9153645828125001 0.7578125
4 0.9361979171874999 0.697265625 0.9453125 0.6884765625 0.9453125 0.6787109375 0.9283854171874999 0.669921875 0.9127604171874999 0.673828125 0.9088541671874999 0.6826171875 0.9166666671874999 0.6962890625 0.9231770828125001 0.701171875 0.9361979171874999 0.697265625
5 0.7760416671875 0.6767578125 0.7734375 0.6884765625 0.7825520828125 0.69140625 0.7890625 0.6884765625 0.7890625 0.6845703125 0.7799479171875 0.67578125 0.7760416671875 0.6767578125
4 0.8744630171875001 0.46594007812499993 0.858960390625 0.473691390625 0.85838621875 0.48273459062499996 0.8652762765625001 0.48273459062499996 0.8899656453125001 0.47239950625000005 0.8945590156250001 0.4672319640625 0.8870947875 0.46335630625 0.8744630171875001 0.46594007812499993
5 0.33203125 0.49609375 0.3385416671875 0.4873046875 0.3359375 0.4755859375 0.3216145828125 0.46875 0.3098958328125 0.4716796875 0.3072916671875 0.4873046875 0.3125 0.4931640625 0.3190104171875 0.498046875 0.33203125 0.49609375
5 0.394455740625 0.443978021875 0.391584884375 0.4478536796875 0.3933073984375 0.4512987078125 0.40191996874999997 0.45474373593750006 0.40708751093749995 0.45086807812499996 0.40651333906250003 0.450006821875 0.3990491125 0.44268613749999997 0.394455740625 0.443978021875
2 0.4528808390625 0.502626096875 0.46800339687500003 0.5109833015625 0.47118709374999995 0.5217282765625 0.5014322109375 0.5175496749999999 0.5141669984374999 0.5109833015625 0.5189425421875 0.50620775625 0.5286458328125 0.5107421875 0.5052083328125 0.4638671875 0.4908854171875 0.451171875 0.4440104171875 0.427734375 0.4231770828125 0.423828125 0.3684895828125 0.42578125 0.3268229171875 0.44140625 0.3072916671875 0.4599609375 0.2994791671875 0.4814453125 0.3098958328125 0.4951171875 0.3216145828125 0.501953125 0.36612510781249996 0.502626096875 0.380451740625 0.49546278125 0.3995539203125 0.4984474953125 0.40910501093749996 0.5044169265625 0.4146764796875 0.5193405046875 0.42502349375000004 0.5211313343749999 0.4258194171875 0.5109833015625 0.43616643125000004 0.5020291546875 0.4528808390625 0.502626096875