5 0.3232421875 0.2682291671875 0.2978515625 0.2760416671875 0.29296875 0.28515625 0.29296875 0.3033854171875 0.2998046875 0.3125 0.3154296875 0.3151041671875 0.3330078125 0.3020833328125 0.337890625 0.28515625 0.3359375 0.2799479171875 0.3232421875 0.2682291671875
5 0.0712890625 0.25 0.0869140625 0.2552083328125 0.09375 0.24609375 0.09375 0.23828125 0.0888671875 0.22916666718749998 0.0751953125 0.22395833281250002 0.06640625 0.23567708281250002 0.0712890625 0.25
5 0.013671875 0.17578125 0.0322265625 0.1692708328125 0.04296875 0.1549479171875 0.041015625 0.1236979171875 0.0380859375 0.1197916671875 0.0322265625 0.1197916671875 0.01953125 0.1341145828125 0.013671875 0.17578125
5 0.109375 0.12890625 0.1123046875 0.1328125 0.1240234375 0.1328125 0.126953125 0.1184895828125 0.1220703125 0.1119791671875 0.1123046875 0.109375 0.109375 0.11328125 0.109375 0.12890625
5 0.1611328125 0.0442708328125 0.16796875 0.0325520828125 0.1630859375 0.0260416671875 0.1552734375 0.0260416671875 0.150390625 0.0377604171875 0.1552734375 0.0442708328125 0.1611328125 0.0442708328125
5 0.1953125 0.8815104171874999 0.1953125 0.8893229171874999 0.2021484375 0.8984375 0.2138671875 0.90625 0.2236328125 0.9036458328125001 0.2265625 0.88671875 0.2177734375 0.8776041671874999 0.2001953125 0.8776041671874999 0.1953125 0.8815104171874999
5 0.1611328125 0.984375 0.1708984375 0.9895833328125001 0.177734375 0.9778645828125001 0.177734375 0.9674479171874999 0.1708984375 0.953125 0.1552734375 0.9479166671874999 0.1484375 0.9674479171874999 0.1611328125 0.984375
5 0.6611328125 0.8515625 0.6318359375 0.8541666671874999 0.62890625 0.8580729171874999 0.62890625 0.87890625 0.6357421875 0.8854166671874999 0.6669921875 0.8880208328125001 0.681640625 0.8736979171874999 0.681640625 0.8658854171874999 0.6748046875 0.8567708328125001 0.6611328125 0.8515625
5 0.5810546875 0.8854166671874999 0.578125 0.8919270828125001 0.5869140625 0.9036458328125001 0.595703125 0.8997395828125001 0.5888671875 0.8854166671874999 0.5810546875 0.8854166671874999
5 0.9287109375 0.21614583281250002 0.9091796875 0.21875 0.90234375 0.22526041718749998 0.8984375 0.24088541718749998 0.9013671875 0.24739583281250002 0.9306640625 0.24739583281250002 0.9384765625 0.2421875 0.943359375 0.23046875 0.9384765625 0.22135416718749998 0.9287109375 0.21614583281250002
5 0.9189453125 0.2786458328125 0.9755859375 0.28125 0.982421875 0.27734375 0.982421875 0.26953125 0.9755859375 0.2630208328125 0.9228515625 0.2630208328125 0.91796875 0.2721354171875 0.9189453125 0.2786458328125
5 1 0.1966145828125 0.9970703125 0.1927083328125 0.9833984375 0.1927083328125 0.98046875 0.1966145828125 0.982421875 0.24348958281250002 0.9892578125 0.2526041671875 1 0.2513020828125 1 0.1966145828125
2 0.208984375 0.3138020828125 0.2001953125 0.3046875 0.1416015625 0.2864583328125 0.0810546875 0.2890625 0.056640625 0.31640625 0.0546875 0.3372395828125 0.0595703125 0.3411458328125 0.1357421875 0.359375 0.1884765625 0.3463541671875 0.203125 0.33203125 0.208984375 0.3138020828125
2 0.13671875 0.6393229171875 0.1162109375 0.6145833328125 0.0849609375 0.5989583328125 0.0458984375 0.5963541671875 0.0390625 0.6028645828125 0.0361328125 0.6380208328125 0.0986328125 0.6692708328125 0.1123046875 0.671875 0.1298828125 0.6614583328125 0.138671875 0.6471354171875 0.13671875 0.6393229171875
2 0.1142578125 0.7890625 0.1064453125 0.7916666671875 0.107421875 0.8033854171874999 0.12109375 0.8372395828125001 0.1318359375 0.8489583328125001 0.1416015625 0.8567708328125001 0.1484375 0.85546875 0.15625 0.8138020828125001 0.1357421875 0.796875 0.1142578125 0.7890625
2 0.0009765625 0.5286458328125 0.0009765625 0.5598958328125 0.0302734375 0.5625 0.037109375 0.5559895828125 0.0390625 0.5403645828125 0.0009765625 0.5286458328125