5 0.5807291671875 0.3173828125 0.5716145828125 0.3125 0.56640625 0.3125 0.5546875 0.3212890625 0.5520833328125 0.3291015625 0.5546875 0.3349609375 0.5677083328125 0.3408203125 0.5768229171875 0.33984375 0.5833333328125 0.3330078125 0.5807291671875 0.3173828125
5 0.1510416671875 0.9794921875 0.1770833328125 0.9560546875 0.17578125 0.953125 0.1705729171875 0.953125 0.1432291671875 0.9755859375 0.14453125 0.98046875 0.1510416671875 0.9794921875
5 0.0234375 0.6474609375 0.0260416671875 0.6435546875 0.0234375 0.6376953125 0.014322917187500001 0.63671875 0.010416667187500001 0.6396484375 0.013020832812499999 0.6474609375 0.0234375 0.6474609375
5 0.1119791671875 0.6787109375 0.1197916671875 0.6728515625 0.1223958328125 0.6650390625 0.1158854171875 0.658203125 0.1015625 0.6650390625 0.1041666671875 0.6787109375 0.1119791671875 0.6787109375
5 0.7421875 0.7333984375 0.7434895828125 0.7265625 0.7317708328125 0.7294921875 0.7330729171875 0.734375 0.7421875 0.7333984375
2 0.09635416718749999 0.8310546875 0.1067708328125 0.7568359375 0.08723958281250001 0.75390625 0.0859375 0.7607421875 0.08072916718749999 0.7646484375 0.07291666718749999 0.8251953125 0.07552083281250001 0.8525390625 0.07291666718749999 0.8779296875 0.08333333281250001 0.8798828125 0.0859375 0.8974609375 0.09375 0.8974609375 0.09635416718749999 0.8310546875
5 0.0403645828125 0.5859375 0.0364583328125 0.5927734375 0.0403645828125 0.59765625 0.046875 0.5966796875 0.0494791671875 0.5888671875 0.0403645828125 0.5859375
5 0.5364583328125 0.9619140625 0.5390625 0.9541015625 0.5299479171875 0.953125 0.5286458328125 0.9599609375 0.5364583328125 0.9619140625
5 0.3059895828125 0.84375 0.2942708328125 0.8466796875 0.2942708328125 0.8525390625 0.3020833328125 0.8564453125 0.3098958328125 0.8505859375 0.3059895828125 0.84375
5 0.0403645828125 0.841796875 0.0364583328125 0.8466796875 0.0390625 0.8525390625 0.0481770828125 0.857421875 0.05729166718749999 0.8564453125 0.06510416718749999 0.8486328125 0.0625 0.8427734375 0.05598958281250001 0.83984375 0.0403645828125 0.841796875
5 0.5794270828125 0.845703125 0.5729166671875 0.8505859375 0.5729166671875 0.8583984375 0.5794270828125 0.861328125 0.5911458328125 0.8603515625 0.5963541671875 0.8564453125 0.5963541671875 0.8505859375 0.58984375 0.845703125 0.5794270828125 0.845703125
5 0.51171875 0.115234375 0.5065104171875 0.115234375 0.4973958328125 0.1220703125 0.5026041671875 0.1259765625 0.5104166671875 0.1220703125 0.51171875 0.115234375
5 0.014322917187500001 0.044921875 0.0078125 0.0615234375 0.014322917187500001 0.06640625 0.0208333328125 0.0654296875 0.0234375 0.0458984375 0.014322917187500001 0.044921875
5 0.1223958328125 0.5732421875 0.125 0.5615234375 0.1158854171875 0.55859375 0.1067708328125 0.5634765625 0.1067708328125 0.5693359375 0.1158854171875 0.57421875 0.1223958328125 0.5732421875
5 0.3098958328125 0.4814453125 0.30859375 0.47265625 0.2916666671875 0.4716796875 0.29296875 0.482421875 0.3098958328125 0.4814453125
5 0.1197916671875 0.9404296875 0.1158854171875 0.935546875 0.1119791671875 0.9365234375 0.11328125 0.94140625 0.1197916671875 0.9404296875
5 0.24088541718749998 0.490234375 0.23697916718749998 0.4990234375 0.24088541718749998 0.501953125 0.25 0.5009765625 0.25 0.4951171875 0.24088541718749998 0.490234375
5 0.28125 0.7373046875 0.2838541671875 0.7294921875 0.27734375 0.7265625 0.2760416671875 0.7353515625 0.28125 0.7373046875
2 0.8776041671874999 0.9306640625 0.8854166671874999 0.9365234375 0.8828125 0.9755859375 0.890625 0.9853515625 0.8984375 0.9873046875 0.8932291671874999 0.9736328125 0.8932291671874999 0.9599609375 0.9036458328125001 0.9345703125 0.9114583328125001 0.9267578125 0.9140625 0.9130859375 0.9049479171874999 0.904296875 0.8919270828125001 0.904296875 0.8763020828125001 0.89453125 0.8802083328125001 0.9072265625 0.8776041671874999 0.9130859375 0.8828125 0.9228515625 0.8776041671874999 0.9306640625
2 0.3203125 0.8466796875 0.3177083328125 0.8603515625 0.3268229171875 0.8671875 0.3372395828125 0.865234375 0.3541666671875 0.8564453125 0.3515625 0.8544921875 0.3580729171875 0.845703125 0.3736979171875 0.84375 0.3815104171875 0.859375 0.3854166671875 0.8583984375 0.3828125 0.8486328125 0.38671875 0.84765625 0.3971354171875 0.857421875 0.4153645828125 0.865234375 0.4322916671875 0.8681640625 0.4322916671875 0.8544921875 0.421875 0.8408203125 0.4036458328125 0.8291015625 0.3958333328125 0.8154296875 0.3932291671875 0.7998046875 0.3763020828125 0.7890625 0.3580729171875 0.78515625 0.34765625 0.775390625 0.3424479171875 0.775390625 0.3333333328125 0.7919921875 0.3307291671875 0.8330078125 0.3203125 0.8466796875
2 0.22786458281250002 0.21484375 0.21354166718749998 0.2060546875 0.22265625 0.201171875 0.21744791718749998 0.19921875 0.20442708281250002 0.201171875 0.19140625 0.193359375 0.17578125 0.189453125 0.1705729171875 0.18359375 0.1627604171875 0.18359375 0.1315104171875 0.16015625 0.1263020828125 0.16015625 0.12109375 0.154296875 0.11328125 0.15234375 0.1145833328125 0.1591796875 0.1067708328125 0.1689453125 0.109375 0.1728515625 0.1067708328125 0.1904296875 0.1119791671875 0.1982421875 0.109375 0.2060546875 0.1145833328125 0.2099609375 0.1302083328125 0.2392578125 0.1861979171875 0.275390625 0.21223958281250002 0.283203125 0.24479166718749998 0.2861328125 0.2877604171875 0.279296875 0.30859375 0.271484375 0.3463541671875 0.2470703125 0.3723958328125 0.2177734375 0.3723958328125 0.2060546875 0.3671875 0.1943359375 0.3697916671875 0.1884765625 0.3502604171875 0.1796875 0.3190104171875 0.19921875 0.30859375 0.201171875 0.2877604171875 0.212890625 0.22786458281250002 0.21484375
2 0.78125 0.1865234375 0.7825520828125 0.193359375 0.7591145828125 0.1953125 0.75390625 0.19921875 0.6940104171875 0.203125 0.6705729171875 0.19921875 0.6419270828125 0.189453125 0.6393229171875 0.193359375 0.62890625 0.193359375 0.6263020828125 0.19921875 0.6236979171875 0.1953125 0.6184895828125 0.1953125 0.6145833328125 0.1982421875 0.6171875 0.2001953125 0.6067708328125 0.2041015625 0.6119791671875 0.2119140625 0.6041666671875 0.2197265625 0.6236979171875 0.240234375 0.6393229171875 0.248046875 0.6497395828125 0.248046875 0.6549479171875 0.25390625 0.6809895828125 0.2578125 0.6953125 0.2568359375 0.7018229171875 0.25390625 0.7356770828125 0.255859375 0.76171875 0.251953125 0.7942708328125 0.2255859375 0.7994791671875 0.2158203125 0.8125 0.2080078125 0.8125 0.1982421875 0.7916666671875 0.1904296875 0.80078125 0.1875 0.8020833328125001 0.1826171875 0.7877604171875 0.181640625 0.78125 0.1865234375
5 0.4010416671875 0.6865234375 0.4114583328125 0.6806640625 0.4075520828125 0.673828125 0.3971354171875 0.673828125 0.3932291671875 0.6767578125 0.3958333328125 0.6865234375 0.4010416671875 0.6865234375
5 0.3307291671875 0.5751953125 0.3346354171875 0.578125 0.34375 0.5771484375 0.3515625 0.5751953125 0.3515625 0.5673828125 0.33984375 0.5625 0.3333333328125 0.5673828125 0.3307291671875 0.5751953125
5 0.3723958328125 0.6298828125 0.3671875 0.6201171875 0.35546875 0.61328125 0.3489583328125 0.6220703125 0.3723958328125 0.6298828125
5 0.1328125 0.6123046875 0.1328125 0.6220703125 0.140625 0.6240234375 0.15625 0.6201171875 0.1588541671875 0.6142578125 0.1549479171875 0.609375 0.1393229171875 0.607421875 0.1328125 0.6123046875
5 0.81640625 0.630859375 0.8125 0.6376953125 0.8190104171874999 0.642578125 0.8229166671874999 0.6416015625 0.8359375 0.6337890625 0.81640625 0.630859375
5 0.6848958328125 0.5283203125 0.6875 0.5244140625 0.68359375 0.521484375 0.6731770828125 0.521484375 0.6692708328125 0.5244140625 0.6705729171875 0.529296875 0.6848958328125 0.5283203125
5 0.7955729171875 0.552734375 0.7916666671875 0.5595703125 0.7955729171875 0.5625 0.8020833328125001 0.5615234375 0.8072916671874999 0.5556640625 0.7955729171875 0.552734375
5 0.578125 0.1455078125 0.5807291671875 0.1591796875 0.5885416671875 0.1611328125 0.6028645828125 0.16015625 0.6119791671875 0.1435546875 0.6002604171875 0.130859375 0.58984375 0.1328125 0.578125 0.1455078125