5 0.7903645828125 0.26171875 0.7864583328125 0.2724609375 0.79296875 0.275390625 0.796875 0.2646484375 0.7903645828125 0.26171875
4 0.8385416671874999 0.1787109375 0.8684895828125001 0.19921875 0.88671875 0.205078125 0.94140625 0.205078125 0.9622395828125001 0.19921875 0.9791666671874999 0.1845703125 0.9973958328125001 0.1455078125 0.9973958328125001 0.1337890625 0.9830729171874999 0.1015625 0.9309895828125001 0.095703125 0.8346354171874999 0.1171875 0.8385416671874999 0.1787109375
4 0.9635416671874999 0.1357421875 0.9765625 0.1103515625 0.97265625 0.107421875 0.9049479171874999 0.107421875 0.8385416671874999 0.1201171875 0.8359375 0.1318359375 0.84765625 0.140625 0.93359375 0.1484375 0.9635416671874999 0.1357421875
4 0.8502604171874999 0.171875 0.8463541671874999 0.1845703125 0.8736979171874999 0.201171875 0.8841145828125001 0.203125 0.8802083328125001 0.1767578125 0.8684895828125001 0.169921875 0.8502604171874999 0.171875
4 0.91796875 0.19140625 0.9348958328125001 0.1767578125 0.9348958328125001 0.1708984375 0.921875 0.1533203125 0.9075520828125001 0.150390625 0.8984375 0.1572265625 0.8984375 0.1748046875 0.90625 0.1884765625 0.91796875 0.19140625
4 0.9375 0.1982421875 0.9466145828125001 0.203125 0.9622395828125001 0.19921875 0.9817708328125001 0.1826171875 0.9973958328125001 0.1552734375 0.9973958328125001 0.1279296875 0.9856770828125001 0.125 0.97265625 0.12890625 0.9561391859375 0.162032125 0.9348958328125001 0.1904296875 0.9375 0.1982421875
4 0.8179153078124999 0.203254403125 0.8168269312499999 0.19672414062500002 0.8162827421875001 0.1926427265625 0.8119292343750001 0.1893775953125 0.805398971875 0.18652060625 0.8010454640625 0.186112465625 0.7961477671875 0.19305086875 0.7972361453125 0.20202997812499998 0.801589653125 0.2081520984375 0.8135617999999999 0.20692767500000003 0.8179153078124999 0.203254403125
4 0.8802083328125001 0.2802734375 0.8736979171874999 0.27734375 0.84765625 0.27734375 0.84375 0.2841796875 0.85546875 0.29296875 0.87109375 0.29296875 0.8802083328125001 0.2841796875 0.8802083328125001 0.2802734375
4 0.8971354171874999 0.29296875 0.9140625 0.2880859375 0.9075520828125001 0.275390625 0.89453125 0.275390625 0.8880208328125001 0.2841796875 0.8971354171874999 0.29296875
4 0.9505208328125001 0.2470703125 0.9466145828125001 0.244140625 0.93359375 0.24609375 0.9270833328125001 0.2509765625 0.9270833328125001 0.2626953125 0.9388020828125001 0.265625 0.9479166671874999 0.2568359375 0.9505208328125001 0.2470703125
4 0.8815104171874999 0.3125 0.8971354171874999 0.3125 0.8984375 0.3017578125 0.8815104171874999 0.298828125 0.8776041671874999 0.3095703125 0.8815104171874999 0.3125
4 0.82421875 0.26171875 0.8229166671874999 0.2705078125 0.8346354171874999 0.2734375 0.8385416671874999 0.2626953125 0.82421875 0.26171875
4 0.9817708328125001 0.2998046875 0.9544270828125001 0.302734375 0.9375 0.3134765625 0.9348958328125001 0.3251953125 0.9388020828125001 0.328125 0.9596354171874999 0.326171875 0.9739583328125001 0.3154296875 0.9817708328125001 0.2998046875
4 0.9817708328125001 0.0224609375 0.9778645828125001 0.017578125 0.9544270828125001 0.01953125 0.9479166671874999 0.0244140625 0.9479166671874999 0.0361328125 0.9596354171874999 0.041015625 0.9791666671874999 0.0302734375 0.9817708328125001 0.0224609375