5 0.73828125 0.7903645828125 0.7275390625 0.7864583328125 0.724609375 0.79296875 0.7353515625 0.796875 0.73828125 0.7903645828125
4 0.8984375 0.9830729171874999 0.904296875 0.9309895828125001 0.8828125 0.8346354171874999 0.8212890625 0.8385416671874999 0.80078125 0.8684895828125001 0.794921875 0.88671875 0.794921875 0.94140625 0.80078125 0.9622395828125001 0.8154296875 0.9791666671874999 0.8544921875 0.9973958328125001 0.8662109375 0.9973958328125001 0.8984375 0.9830729171874999
4 0.8642578125 0.9635416671874999 0.8896484375 0.9765625 0.892578125 0.97265625 0.892578125 0.9049479171874999 0.8798828125 0.8385416671874999 0.8681640625 0.8359375 0.859375 0.84765625 0.8515625 0.93359375 0.8642578125 0.9635416671874999
4 0.798828125 0.8736979171874999 0.796875 0.8841145828125001 0.8232421875 0.8802083328125001 0.830078125 0.8684895828125001 0.828125 0.8502604171874999 0.8154296875 0.8463541671874999 0.798828125 0.8736979171874999
4 0.80859375 0.91796875 0.8232421875 0.9348958328125001 0.8291015625 0.9348958328125001 0.8466796875 0.921875 0.849609375 0.9075520828125001 0.8427734375 0.8984375 0.8251953125 0.8984375 0.8115234375 0.90625 0.80859375 0.91796875
4 0.837967875 0.9561391859375 0.8095703125 0.9348958328125001 0.8017578125 0.9375 0.796875 0.9466145828125001 0.80078125 0.9622395828125001 0.8173828125 0.9817708328125001 0.8447265625 0.9973958328125001 0.8720703125 0.9973958328125001 0.875 0.9856770828125001 0.87109375 0.97265625 0.837967875 0.9561391859375
4 0.7918479015625 0.801589653125 0.793072325 0.8135617999999999 0.796745596875 0.8179153078124999 0.803275859375 0.8168269312499999 0.8073572734375001 0.8162827421875001 0.8106224046875001 0.8119292343750001 0.81347939375 0.805398971875 0.8138875343749999 0.8010454640625 0.80694913125 0.7961477671875 0.797970021875 0.7972361453125 0.7918479015625 0.801589653125
4 0.72265625 0.8736979171874999 0.72265625 0.84765625 0.7158203125 0.84375 0.70703125 0.85546875 0.70703125 0.87109375 0.7158203125 0.8802083328125001 0.7197265625 0.8802083328125001 0.72265625 0.8736979171874999
4 0.724609375 0.89453125 0.7158203125 0.8880208328125001 0.70703125 0.8971354171874999 0.7119140625 0.9140625 0.724609375 0.9075520828125001 0.724609375 0.89453125
4 0.755859375 0.9466145828125001 0.75390625 0.93359375 0.7490234375 0.9270833328125001 0.7373046875 0.9270833328125001 0.734375 0.9388020828125001 0.7431640625 0.9479166671874999 0.7529296875 0.9505208328125001 0.755859375 0.9466145828125001
4 0.701171875 0.8815104171874999 0.6904296875 0.8776041671874999 0.6875 0.8815104171874999 0.6875 0.8971354171874999 0.6982421875 0.8984375 0.701171875 0.8815104171874999
4 0.73828125 0.82421875 0.7294921875 0.8229166671874999 0.7265625 0.8346354171874999 0.7373046875 0.8385416671874999 0.73828125 0.82421875
4 0.697265625 0.9544270828125001 0.6865234375 0.9375 0.6748046875 0.9348958328125001 0.671875 0.9388020828125001 0.673828125 0.9596354171874999 0.6845703125 0.9739583328125001 0.7001953125 0.9817708328125001 0.697265625 0.9544270828125001
4 0.982421875 0.9778645828125001 0.98046875 0.9544270828125001 0.9755859375 0.9479166671874999 0.9638671875 0.9479166671874999 0.958984375 0.9596354171874999 0.9697265625 0.9791666671874999 0.9775390625 0.9817708328125001 0.982421875 0.9778645828125001