4 0.51953125 0.1184895828125 0.51953125 0.1393229171875 0.5341796875 0.1588541671875 0.5517578125 0.1588541671875 0.5625 0.1419270828125 0.560546875 0.1236979171875 0.5458984375 0.109375 0.5263671875 0.109375 0.51953125 0.1184895828125
4 0.5673828125 0.1510416671875 0.556640625 0.1653645828125 0.552734375 0.18359375 0.5615234375 0.1953125 0.5712890625 0.1953125 0.5849609375 0.1875 0.58984375 0.17578125 0.58984375 0.1627604171875 0.5732421875 0.1510416671875 0.5673828125 0.1510416671875
4 0.5068359375 0.1484375 0.5009765625 0.1510416671875 0.49609375 0.1575520828125 0.49609375 0.1705729171875 0.5029296875 0.1848958328125 0.5146484375 0.1875 0.52734375 0.1783854171875 0.52734375 0.1627604171875 0.5224609375 0.15625 0.5068359375 0.1484375
4 0.541015625 0.09505208281250001 0.5517578125 0.109375 0.5576171875 0.109375 0.564453125 0.1002604171875 0.564453125 0.09244791718749999 0.5576171875 0.08072916718749999 0.5478515625 0.08072916718749999 0.541015625 0.09505208281250001
4 0.5849609375 0.05989583281250001 0.583984375 0.06901041718749999 0.5908203125 0.07552083281250001 0.59375 0.06380208281250001 0.5849609375 0.05989583281250001
4 0.576171875 0.11328125 0.5791015625 0.1197916671875 0.5888671875 0.125 0.591796875 0.12109375 0.591796875 0.1002604171875 0.5830078125 0.09114583281250001 0.5771484375 0.09375 0.576171875 0.11328125
4 0.5223910859374999 0.198703071875 0.5170876234375 0.20011732968749998 0.5133751984375 0.21143138437500003 0.5112538125 0.21991692343749997 0.5107234671875001 0.22981672187500002 0.5154965828125 0.23618087656250003 0.5271642015625 0.23830226250000003 0.53458905 0.24395928906250003 0.5430745906250001 0.24183790312500003 0.54625666875 0.22981672187500002 0.5441352828125 0.21425989687500002 0.5398925125 0.20294584375000002 0.530876625 0.1994102015625 0.5223910859374999 0.198703071875
4 0.545195975 0.21708841093750003 0.544665628125 0.2269882078125 0.5520904765625 0.23971651718749998 0.5605760171874999 0.23405949062500003 0.5685312109375 0.2269882078125 0.5717132890625 0.21991692343749997 0.570652596875 0.21213851250000001 0.5573939390625 0.20648148437499997 0.553681515625 0.20506722812499997 0.54625666875 0.2043601 0.545195975 0.21708841093750003
4 0.5043593125 0.10606925625000001 0.509662775 0.10041222968750001 0.5054200046874999 0.09475520312499999 0.501177234375 0.0912195609375 0.49799515625 0.0933409453125 0.49905584843749995 0.0997051 0.4995861953125 0.1039478703125 0.5027682734375001 0.10819064062499999 0.5043593125 0.10606925625000001
4 0.4916310015625 0.11596905312500001 0.4847365 0.117383309375 0.4820847671875 0.12799023437499998 0.4810240765625 0.14071854687500002 0.4826151140625 0.1647609109375 0.48844892343749996 0.189510403125 0.49269169375 0.20506722812499997 0.4995861953125 0.2043601 0.5032986187499999 0.193753175 0.49852550312500005 0.1824391203125 0.49375238593750004 0.1739535796875 0.49375238593750004 0.1569824984375 0.49322204062499997 0.1442541890625 0.49322204062499997 0.1336472625 0.49322204062499997 0.12445459375000001 0.4916310015625 0.11596905312500001
4 0.5154965828125 0.24395928906250003 0.5213303921875 0.2545662140625 0.531406971875 0.2616374984375 0.5324676640625 0.2616374984375 0.5383014734375 0.2595161125 0.5414835515624999 0.25527334218750003 0.539362165625 0.24749493125000002 0.5298159328125001 0.24113077500000002 0.523451778125 0.23971651718749998 0.5154965828125 0.24395928906250003
4 0.7923373421875 0.12445459375000001 0.7944587265624999 0.12516172187500002 0.7960497656250001 0.114554796875 0.793398034375 0.1039478703125 0.7886249171874999 0.1011193578125 0.7806697234375 0.106776384375 0.7822607625 0.11809043906250001 0.7923373421875 0.12445459375000001
4 0.8108994609375 0.12233320781250001 0.8119601546874999 0.1378900328125 0.8193850015624999 0.1442541890625 0.832643659375 0.1492040859375 0.8342346984375 0.1442541890625 0.83476504375 0.1364757765625 0.832643659375 0.1286973640625 0.8284008890625 0.12374746562500001 0.8236277718749999 0.11526192500000002 0.8156725781249999 0.11314053906249999 0.8108994609375 0.12233320781250001
4 0.5165572765625 0.080612634375 0.5112538125 0.0940480734375 0.5170876234375 0.09899797187500001 0.5245124703124999 0.0954623296875 0.5261035093750001 0.08768391875 0.5165572765625 0.080612634375
5 0.81640625 0.3997395828125 0.810546875 0.44140625 0.818359375 0.4700520828125 0.8232421875 0.4713541671875 0.830078125 0.4622395828125 0.8359375 0.4205729171875 0.8359375 0.3919270828125 0.8271484375 0.3828125 0.81640625 0.3997395828125
5 0.609375 0.4388020828125 0.6123046875 0.4453125 0.6220703125 0.4453125 0.630859375 0.4361979171875 0.6279296875 0.4192708328125 0.6142578125 0.4192708328125 0.611328125 0.4231770828125 0.609375 0.4388020828125
5 0.3779296875 0.4635416671875 0.3828125 0.4544270828125 0.3828125 0.4309895828125 0.3779296875 0.4244791671875 0.37109375 0.4361979171875 0.369140625 0.4622395828125 0.3779296875 0.4635416671875
5 0.392578125 0.2903645828125 0.392578125 0.3059895828125 0.3994140625 0.3177083328125 0.4033203125 0.3177083328125 0.41015625 0.2721354171875 0.4072265625 0.2682291671875 0.400390625 0.26953125 0.392578125 0.2903645828125
5 0.48046875 0.3815104171875 0.4951171875 0.3880208328125 0.4990234375 0.3854166671875 0.50390625 0.3736979171875 0.50390625 0.35546875 0.4912109375 0.34375 0.482421875 0.3606770828125 0.48046875 0.3815104171875
5 0.771484375 0.32421875 0.775390625 0.3372395828125 0.7880859375 0.3411458328125 0.79296875 0.3294270828125 0.79296875 0.3059895828125 0.7822265625 0.2994791671875 0.7734375 0.3111979171875 0.771484375 0.32421875
5 0.8269396734375001 0.27698930312500003 0.8217605109375 0.2961713890625 0.8183077359375 0.3107497734375 0.8142794984374999 0.32072445781250003 0.802194784375 0.32763000781249996 0.803345709375 0.34451024218750004 0.8154304234374999 0.35601949374999997 0.8275151375 0.3521830765625 0.8349961499999999 0.3299318578125 0.8424771625 0.30230965625 0.838448925 0.2739201703125 0.8315433750000001 0.2693164703125 0.8269396734375001 0.27698930312500003
5 0.5202181390625 0.34681209218750003 0.5213690640624999 0.3744342953125 0.5156144375 0.419704015625 0.531727390625 0.3943836625 0.539208403125 0.36752874375 0.543812103125 0.336070125 0.541510253125 0.321491740625 0.544963028125 0.29003312187499997 0.5323028515625 0.30461150625 0.5242463765625 0.32609544218750003 0.5202181390625 0.34681209218750003
4 0.783779984375 0.0744264890625 0.7843554453125 0.061382671875 0.7826290578124999 0.0452697203125 0.7745725828125 0.0452697203125 0.7734216578125 0.061382671875 0.7757235078125 0.0813320390625 0.783779984375 0.0744264890625
4 0.8131285734375 0.02455306875 0.8004683968749999 0.032225903125 0.799317471875 0.041433303125 0.802194784375 0.056778971874999994 0.8165813484375001 0.02915676875 0.8131285734375 0.02455306875
4 0.790685534375 0.03145861875 0.791260996875 0.02455306875 0.789534609375 0.0161129515625 0.7832045203125 0.023018501562499998 0.783779984375 0.032225903125 0.790110071875 0.034527753125 0.790685534375 0.03145861875