5 0.7135416671875 0.1025390625 0.7109375 0.1083984375 0.7161458328125 0.1279296875 0.7330729171875 0.13671875 0.7434895828125 0.134765625 0.7578125 0.1162109375 0.7473958328125 0.1005859375 0.73828125 0.09375 0.7278645828125 0.09375 0.7135416671875 0.1025390625
5 0.6119791671875 0.1298828125 0.6236979171875 0.140625 0.6341145828125 0.140625 0.6458333328125 0.1298828125 0.6484375 0.1103515625 0.6393229171875 0.10546875 0.6158854171875 0.111328125 0.6119791671875 0.1142578125 0.6119791671875 0.1298828125
5 0.7565104171875 0.072265625 0.7604166671875 0.0693359375 0.7604166671875 0.0458984375 0.7513020828125 0.041015625 0.7447916671875 0.0458984375 0.7447916671875 0.0615234375 0.75 0.0712890625 0.7565104171875 0.072265625
5 0.86328125 0.029296875 0.859375 0.0341796875 0.86328125 0.0390625 0.8684895828125001 0.0390625 0.8723958328125001 0.0341796875 0.8684895828125001 0.029296875 0.86328125 0.029296875
5 0.8619791671874999 0.1142578125 0.85546875 0.109375 0.84765625 0.109375 0.84375 0.1201171875 0.8580729171874999 0.123046875 0.8619791671874999 0.1142578125
5 0.890625 0.2451171875 0.8880208328125001 0.2587890625 0.9049479171874999 0.27734375 0.9205729171874999 0.28125 0.9427083328125001 0.2705078125 0.9479166671874999 0.2529296875 0.9401041671874999 0.2392578125 0.9231770828125001 0.2265625 0.9049479171874999 0.228515625 0.890625 0.2451171875
5 0.8541666671874999 0.1884765625 0.8489583328125001 0.1962890625 0.8489583328125001 0.2099609375 0.86328125 0.224609375 0.90234375 0.21875 0.9192708328125001 0.2080078125 0.9114583328125001 0.1923828125 0.90234375 0.185546875 0.86328125 0.18359375 0.8541666671874999 0.1884765625
5 0.9583333328125001 0.1572265625 0.9583333328125001 0.1416015625 0.9544270828125001 0.138671875 0.94140625 0.140625 0.9375 0.1533203125 0.9440104171874999 0.16015625 0.9544270828125001 0.16015625 0.9583333328125001 0.1572265625
5 0.5299479171875 0.23046875 0.50390625 0.23046875 0.4947916671875 0.2373046875 0.484375 0.2529296875 0.4869791671875 0.2802734375 0.5143229171875 0.296875 0.5377604171875 0.294921875 0.5572916671875 0.2783203125 0.5572916671875 0.2587890625 0.546875 0.2392578125 0.5299479171875 0.23046875
5 0.3997395828125 0.212890625 0.3684895828125 0.220703125 0.3619791671875 0.2275390625 0.3619791671875 0.2509765625 0.3684895828125 0.255859375 0.41796875 0.259765625 0.42578125 0.2578125 0.4348958328125 0.2470703125 0.4375 0.2333984375 0.43359375 0.216796875 0.3997395828125 0.212890625
5 0.22005208281250002 0.076171875 0.20572916718749998 0.0830078125 0.1953125 0.0966796875 0.1927083328125 0.1103515625 0.1979166671875 0.1259765625 0.22265625 0.142578125 0.23828125 0.140625 0.2578125 0.1181640625 0.2552083328125 0.0986328125 0.23567708281250002 0.080078125 0.22005208281250002 0.076171875
5 0.1497395828125 0.068359375 0.1432291671875 0.0732421875 0.14453125 0.083984375 0.1653645828125 0.087890625 0.1744791671875 0.0830078125 0.16796875 0.068359375 0.1497395828125 0.068359375
5 0.3385416671875 0.0322265625 0.33984375 0.0078125 0.3216145828125 0.0078125 0.3125 0.0146484375 0.3098958328125 0.0244140625 0.3138020828125 0.03125 0.3294270828125 0.03515625 0.3385416671875 0.0322265625
5 0.1171875 0.1142578125 0.1171875 0.1044921875 0.1080729171875 0.1015625 0.09375 0.1103515625 0.09114583281250001 0.1181640625 0.09505208281250001 0.12109375 0.1106770828125 0.119140625 0.1171875 0.1142578125
5 0.0403645828125 0.052734375 0.0338541671875 0.0576171875 0.0338541671875 0.0634765625 0.0455729171875 0.06640625 0.0494791671875 0.0576171875 0.0455729171875 0.052734375 0.0403645828125 0.052734375
5 0.22005208281250002 0.296875 0.23046875 0.294921875 0.24479166718749998 0.2841796875 0.23958333281250002 0.2666015625 0.22786458281250002 0.259765625 0.21744791718749998 0.259765625 0.20833333281250002 0.2666015625 0.20572916718749998 0.2861328125 0.22005208281250002 0.296875
5 0.4244791671875 0.3994140625 0.4192708328125 0.4072265625 0.4244791671875 0.4287109375 0.4388020828125 0.435546875 0.4544270828125 0.43359375 0.4635416671875 0.4189453125 0.4635416671875 0.4072265625 0.453125 0.3916015625 0.4440104171875 0.38671875 0.4244791671875 0.3994140625
5 0.59765625 0.4296875 0.62109375 0.431640625 0.6354166671875 0.4267578125 0.6354166671875 0.4072265625 0.6184895828125 0.392578125 0.6002604171875 0.392578125 0.5859375 0.4013671875 0.5833333328125 0.4150390625 0.59765625 0.4296875
5 0.6197916671875 0.4716796875 0.6171875 0.4521484375 0.6028645828125 0.4453125 0.5833333328125 0.4521484375 0.5833333328125 0.4697265625 0.59765625 0.48046875 0.6106770828125 0.48046875 0.6197916671875 0.4716796875
5 0.3151041671875 0.2236328125 0.3059895828125 0.212890625 0.2825520828125 0.208984375 0.2669270828125 0.21484375 0.2630208328125 0.2216796875 0.2955729171875 0.248046875 0.3177083328125 0.2392578125 0.3151041671875 0.2236328125
5 0.20052083281250002 0.2001953125 0.1940104171875 0.1875 0.1822916671875 0.1923828125 0.1796875 0.1982421875 0.1861979171875 0.203125 0.20052083281250002 0.2001953125
5 0.5546875 0.9091796875 0.53515625 0.900390625 0.5260416671875 0.9033203125 0.5208333328125 0.9111328125 0.5260416671875 0.9658203125 0.53125 0.9775390625 0.5559895828125 0.98828125 0.5833333328125 0.9716796875 0.5859375 0.9521484375 0.5755208328125 0.9306640625 0.5546875 0.9091796875
5 0.9263616953125 0.8880989296875 0.9086399937499999 0.8826615890625 0.8909182921875001 0.87722425 0.8776041671874999 0.8857421875 0.8802083328125001 0.9052734375 0.9075520828125001 0.927734375 0.93359375 0.9296875 0.9427083328125001 0.9189453125 0.9427083328125001 0.9052734375 0.935222546875 0.8953487171875001 0.9263616953125 0.8880989296875
5 1 0.9365234375 0.9934895828125001 0.931640625 0.98046875 0.9296875 0.9661458328125001 0.9384765625 0.9635416671874999 0.9541015625 0.9817708328125001 0.9990234375 0.9986979171874999 1 1 0.9365234375
5 0.4947916671875 0.5732421875 0.4921875 0.5849609375 0.4973958328125 0.6005859375 0.5143229171875 0.609375 0.5247395828125 0.607421875 0.5338541671875 0.5927734375 0.5286458328125 0.5537109375 0.5169270828125 0.548828125 0.51171875 0.55078125 0.4947916671875 0.5732421875
5 0.44921875 0.55078125 0.4388020828125 0.546875 0.42578125 0.548828125 0.421875 0.5517578125 0.421875 0.5791015625 0.4270833328125 0.5869140625 0.4466145828125 0.59765625 0.47265625 0.59765625 0.4765625 0.5947265625 0.4739583328125 0.5673828125 0.44921875 0.55078125
5 0.49620765625 0.8373504203125 0.4970131875 0.8476209515625 0.5026519109375001 0.8548707390624999 0.5107072296874999 0.8621205265624999 0.5247395828125 0.873046875 0.5416666671875 0.8662109375 0.5390625 0.8505859375 0.51953125 0.833984375 0.504262975 0.8337255265625 0.49620765625 0.8373504203125
2 0.65625 0.8173828125 0.6497395828125 0.80859375 0.6419270828125 0.80859375 0.6184895828125 0.81640625 0.6067708328125 0.8271484375 0.6041666671875 0.8447265625 0.609375 0.8583984375 0.6197916671875 0.8740234375 0.6341145828125 0.884765625 0.6393229171875 0.884765625 0.6510416671875 0.8564453125 0.65625 0.8173828125
2 0.65625 0.7392578125 0.6341145828125 0.728515625 0.62109375 0.728515625 0.6145833328125 0.7333984375 0.609375 0.7568359375 0.6315104171875 0.771484375 0.6627604171875 0.779296875 0.65625 0.7392578125
2 0.6666666671875 0.5595703125 0.6744791671875 0.5322265625 0.66796875 0.529296875 0.6328125 0.5302734375 0.6328125 0.5634765625 0.6393229171875 0.5703125 0.6549479171875 0.57421875 0.6666666671875 0.5595703125
2 0.9466145828125001 0.52734375 0.9361979171874999 0.529296875 0.90234375 0.55078125 0.8984375 0.5537109375 0.9010416671874999 0.5791015625 0.9075520828125001 0.5859375 0.92578125 0.591796875 0.9583333328125001 0.5693359375 0.9661458328125001 0.5458984375 0.9583333328125001 0.5302734375 0.9466145828125001 0.52734375
2 0.62890625 0.595703125 0.6197916671875 0.6044921875 0.6145833328125 0.6181640625 0.609375 0.6396484375 0.6223958328125 0.6669921875 0.63671875 0.669921875 0.6432291671875 0.6572265625 0.6510416671875 0.6162109375 0.6458333328125 0.5966796875 0.6341145828125 0.59375 0.62890625 0.595703125
2 0.6145833328125 0.6435546875 0.6080729171875 0.638671875 0.6002604171875 0.638671875 0.5911458328125 0.6435546875 0.578125 0.6591796875 0.5755208328125 0.6826171875 0.59375 0.7099609375 0.6184895828125 0.728515625 0.65234375 0.73046875 0.65625 0.7255859375 0.6380208328125 0.6728515625 0.6145833328125 0.6435546875
2 0.8958333328125001 0.6396484375 0.8958333328125001 0.6748046875 0.8997395828125001 0.677734375 0.9231770828125001 0.6796875 0.9518229171874999 0.67578125 0.9583333328125001 0.6708984375 0.9609375 0.6533203125 0.9388020828125001 0.626953125 0.9283854171874999 0.625 0.8958333328125001 0.6396484375
2 0.9205729171874999 0.693359375 0.8919270828125001 0.689453125 0.8802083328125001 0.7080078125 0.8776041671874999 0.7431640625 0.88671875 0.755859375 0.9309895828125001 0.771484375 0.9388020828125001 0.771484375 0.9557291671874999 0.7626953125 0.9609375 0.7568359375 0.9557291671874999 0.7255859375 0.9205729171874999 0.693359375
5 0.875 0.7783203125 0.8723958328125001 0.7880859375 0.8776041671874999 0.8212890625 0.88671875 0.826171875 0.8971354171874999 0.826171875 0.9192708328125001 0.7998046875 0.921875 0.7724609375 0.91015625 0.763671875 0.90234375 0.763671875 0.875 0.7783203125
2 0.4427083328125 0.8759765625 0.4401041671875 0.8955078125 0.4427083328125 0.9189453125 0.4466145828125 0.919921875 0.4895833328125 0.8974609375 0.4895833328125 0.8857421875 0.484375 0.8779296875 0.4622395828125 0.865234375 0.4544270828125 0.865234375 0.4427083328125 0.8759765625
2 0.4388020828125 0.951171875 0.4322916671875 0.9560546875 0.4322916671875 0.9619140625 0.4427083328125 0.9814453125 0.4544270828125 0.990234375 0.4700520828125 0.990234375 0.4791666671875 0.9794921875 0.4739583328125 0.9521484375 0.45703125 0.943359375 0.4388020828125 0.951171875
2 0.4427083328125 0.7451171875 0.4427083328125 0.7724609375 0.4778645828125 0.7890625 0.5299479171875 0.7890625 0.5416666671875 0.7822265625 0.5546875 0.7568359375 0.53515625 0.7421875 0.48828125 0.7265625 0.44921875 0.73828125 0.4427083328125 0.7451171875
2 0.4973958328125 0.6142578125 0.4778645828125 0.611328125 0.46875 0.6181640625 0.453125 0.6416015625 0.453125 0.6591796875 0.4635416671875 0.7099609375 0.4713541671875 0.7236328125 0.48046875 0.724609375 0.515625 0.7041015625 0.515625 0.6962890625 0.4973958328125 0.6142578125
2 0.2591145828125 0.4921875 0.22395833281250002 0.5146484375 0.21354166718749998 0.5283203125 0.2109375 0.5380859375 0.22265625 0.546875 0.25390625 0.544921875 0.2734375 0.5341796875 0.2864583328125 0.5087890625 0.2838541671875 0.4951171875 0.27734375 0.490234375 0.2591145828125 0.4921875
2 0.31640625 0.498046875 0.3450520828125 0.498046875 0.3541666671875 0.4912109375 0.3541666671875 0.4873046875 0.3346354171875 0.474609375 0.32421875 0.4765625 0.3125 0.4853515625 0.3098958328125 0.4912109375 0.31640625 0.498046875
2 0.3515625 0.5009765625 0.3684895828125 0.509765625 0.4231770828125 0.5234375 0.4375 0.5224609375 0.4401041671875 0.5048828125 0.4049479171875 0.484375 0.3528645828125 0.486328125 0.3489583328125 0.4892578125 0.3515625 0.5009765625
2 0.1770833328125 0.7373046875 0.1770833328125 0.7724609375 0.1927083328125 0.8056640625 0.20442708281250002 0.818359375 0.21744791718749998 0.8203125 0.23697916718749998 0.8076171875 0.22395833281250002 0.7568359375 0.20442708281250002 0.732421875 0.18359375 0.732421875 0.1770833328125 0.7373046875
2 0.1770833328125 0.8623046875 0.1744791671875 0.8720703125 0.1822916671875 0.9287109375 0.19921875 0.9375 0.22786458281250002 0.931640625 0.23697916718749998 0.9228515625 0.23307291718749998 0.8125 0.21223958281250002 0.810546875 0.1953125 0.8154296875 0.1770833328125 0.8623046875
2 0.24609375 1 0.25 0.9970703125 0.24739583281250002 0.9482421875 0.23567708281250002 0.939453125 0.22005208281250002 0.939453125 0.2109375 0.9443359375 0.20833333281250002 0.9599609375 0.21614583281250002 0.9951171875 0.22005208281250002 1 0.24609375 1
5 0.15625 0.7783203125 0.15234375 0.7734375 0.1471354171875 0.7734375 0.1458333328125 0.7822265625 0.15234375 0.7890625 0.15625 0.7783203125
5 0 0.9404296875 0.01171875 0.94140625 0.0208333328125 0.9326171875 0.0208333328125 0.9248046875 0.00390625 0.921875 0 0.9248046875 0 0.9404296875
5 0.08984375 0.873046875 0.09375 0.8623046875 0.08203125 0.859375 0.07552083281250001 0.8681640625 0.07942708281250001 0.873046875 0.08984375 0.873046875
5 0.1510416671875 0.7548828125 0.1484375 0.7353515625 0.1328125 0.7373046875 0.1302083328125 0.7548828125 0.14453125 0.76171875 0.1510416671875 0.7548828125
5 0.4453125 0.8173828125 0.4518229171875 0.822265625 0.4700520828125 0.818359375 0.4739583328125 0.8017578125 0.4661458328125 0.7900390625 0.44921875 0.78125 0.4401041671875 0.7880859375 0.4375 0.8017578125 0.4453125 0.8173828125
5 0.4635416671875 0.8251953125 0.4609375 0.8349609375 0.4635416671875 0.8447265625 0.4700520828125 0.849609375 0.48046875 0.849609375 0.4947916671875 0.8408203125 0.4947916671875 0.8232421875 0.4830729171875 0.810546875 0.4752604171875 0.810546875 0.4635416671875 0.8251953125
5 0.8671875 0.6669921875 0.8763020828125001 0.673828125 0.8919270828125001 0.673828125 0.8984375 0.6669921875 0.8984375 0.6455078125 0.8841145828125001 0.642578125 0.875 0.6474609375 0.8671875 0.6591796875 0.8671875 0.6669921875
5 0.8333333328125001 0.3583984375 0.8333333328125001 0.3857421875 0.85546875 0.3984375 0.8684895828125001 0.396484375 0.8854166671874999 0.3818359375 0.8880208328125001 0.3466796875 0.8802083328125001 0.3369140625 0.8763020828125001 0.333984375 0.8580729171874999 0.3359375 0.8333333328125001 0.3583984375
5 0.7799479171875 0.33203125 0.7838541671875 0.3251953125 0.77734375 0.322265625 0.7734375 0.3291015625 0.7799479171875 0.33203125
5 0.5768229171875 0.31640625 0.578125 0.3115234375 0.5716145828125 0.306640625 0.5703125 0.3154296875 0.5768229171875 0.31640625
5 0.5885416671875 0.3505859375 0.5846354171875 0.345703125 0.5768229171875 0.345703125 0.5755208328125 0.3544921875 0.58203125 0.357421875 0.5885416671875 0.3505859375
5 0.7903645828125 0.267578125 0.7916666671875 0.2646484375 0.78515625 0.26171875 0.7838541671875 0.2666015625 0.7903645828125 0.267578125
5 0.6484375 0.1708984375 0.6484375 0.1630859375 0.6419270828125 0.158203125 0.6236979171875 0.15625 0.6197916671875 0.1650390625 0.6263020828125 0.171875 0.6393229171875 0.17578125 0.6484375 0.1708984375
2 0.8763020828125001 0.1796875 0.9075520828125001 0.18359375 0.9140625 0.1611328125 0.9088541671874999 0.1513671875 0.8919270828125001 0.13671875 0.8763020828125001 0.140625 0.8723958328125001 0.1455078125 0.8645833328125001 0.1708984375 0.8763020828125001 0.1796875
2 0.87109375 0.095703125 0.8697916671874999 0.1044921875 0.8997395828125001 0.125 0.9192708328125001 0.0830078125 0.9153645828125001 0.078125 0.90234375 0.080078125 0.87109375 0.095703125
5 0.08854166718749999 0.2099609375 0.08203125 0.203125 0.078125 0.2041015625 0.07291666718749999 0.2568359375 0.07552083281250001 0.2783203125 0.08072916718749999 0.2998046875 0.08984375 0.306640625 0.1028645828125 0.306640625 0.109375 0.3037109375 0.1145833328125 0.2900390625 0.08854166718749999 0.2099609375
5 0.09114583281250001 0.0869140625 0.09114583281250001 0.0810546875 0.07942708281250001 0.080078125 0.07552083281250001 0.0888671875 0.08463541718749999 0.091796875 0.09114583281250001 0.0869140625
5 0.08463541718749999 0.126953125 0.0859375 0.1201171875 0.07942708281250001 0.119140625 0.07552083281250001 0.1259765625 0.08463541718749999 0.126953125
2 0.3203125 0.0673828125 0.3072916671875 0.0791015625 0.3072916671875 0.0849609375 0.3177083328125 0.1005859375 0.3268229171875 0.107421875 0.3372395828125 0.109375 0.34375 0.0947265625 0.34375 0.0791015625 0.3346354171875 0.064453125 0.3203125 0.0673828125
2 0.3177083328125 0.1474609375 0.3125 0.1533203125 0.3125 0.1630859375 0.3216145828125 0.181640625 0.3658854171875 0.189453125 0.3736979171875 0.189453125 0.3828125 0.1826171875 0.3502604171875 0.12890625 0.3424479171875 0.12890625 0.3177083328125 0.1474609375
2 0.5546875 0.1962890625 0.5546875 0.1826171875 0.5455729171875 0.173828125 0.5234375 0.1884765625 0.5182291671875 0.1962890625 0.52734375 0.201171875 0.5455729171875 0.203125 0.5546875 0.1962890625
2 0.5911458328125 0.9580078125 0.5911458328125 0.9990234375 0.6341145828125 1 0.6328125 0.9794921875 0.6002604171875 0.95703125 0.5950520828125 0.955078125 0.5911458328125 0.9580078125
5 0.5846354171875 0.029296875 0.5885416671875 0.0244140625 0.5768229171875 0.017578125 0.5729166671875 0.0283203125 0.5846354171875 0.029296875
5 0.57421875 0.03125 0.5703125 0.0341796875 0.5729166671875 0.0458984375 0.5872395828125 0.048828125 0.5911458328125 0.0380859375 0.58203125 0.03125 0.57421875 0.03125
5 0.6354166671875 0.0400390625 0.6315104171875 0.037109375 0.625 0.0400390625 0.6223958328125 0.0517578125 0.6341145828125 0.052734375 0.6354166671875 0.0400390625
5 0.61328125 0.099609375 0.6171875 0.0908203125 0.6106770828125 0.08984375 0.6067708328125 0.0966796875 0.61328125 0.099609375
5 0.59765625 0.203125 0.6015625 0.1962890625 0.5872395828125 0.19140625 0.5833333328125 0.1943359375 0.5859375 0.1982421875 0.59765625 0.203125
5 0.4231770828125 0.279296875 0.4192708328125 0.2822265625 0.4283854171875 0.291015625 0.44140625 0.296875 0.4479166671875 0.2958984375 0.4283854171875 0.279296875 0.4231770828125 0.279296875
5 0.48046875 0.28125 0.484375 0.2724609375 0.47265625 0.26953125 0.46875 0.2783203125 0.48046875 0.28125
5 0.734375 0.2314453125 0.73046875 0.2265625 0.72265625 0.2265625 0.71875 0.2353515625 0.7278645828125 0.23828125 0.734375 0.2314453125
5 0.5729166671875 0.5048828125 0.5703125 0.4775390625 0.55859375 0.47265625 0.5494791671875 0.4755859375 0.546875 0.5107421875 0.5533854171875 0.515625 0.5611979171875 0.515625 0.5729166671875 0.5048828125