5 0.6614583328125 0.4716796875 0.6744791671875 0.4638671875 0.6770833328125 0.4541015625 0.6653645828125 0.4453125 0.64453125 0.439453125 0.6354166671875 0.4501953125 0.6380208328125 0.4619140625 0.6497395828125 0.470703125 0.6614583328125 0.4716796875
5 0.9453125 0.2314453125 0.9557291671874999 0.2255859375 0.9583333328125001 0.2119140625 0.9466145828125001 0.201171875 0.9309895828125001 0.201171875 0.921875 0.2099609375 0.921875 0.2236328125 0.9309895828125001 0.232421875 0.9453125 0.2314453125
5 0.3828125 0.1806640625 0.40234375 0.19140625 0.4166666671875 0.1904296875 0.4322916671875 0.1767578125 0.4348958328125 0.1630859375 0.4296875 0.1552734375 0.4127604171875 0.14453125 0.3841145828125 0.146484375 0.375 0.1572265625 0.375 0.1650390625 0.3828125 0.1806640625
5 0.6041666671875 0.9404296875 0.6119791671875 0.9365234375 0.6145833328125 0.9267578125 0.6080729171875 0.919921875 0.59765625 0.91796875 0.5885416671875 0.9248046875 0.5885416671875 0.9365234375 0.59765625 0.94140625 0.6041666671875 0.9404296875
5 1 0.7099609375 0.9934895828125001 0.70703125 0.96875 0.7197265625 0.9609375 0.7333984375 0.9609375 0.7431640625 0.9661458328125001 0.7548828125 0.98046875 0.767578125 0.9973958328125001 0.7685546875 1 0.7666015625 1 0.7099609375
5 0.9361979171874999 0.419921875 0.9453125 0.4208984375 0.9518229171874999 0.419921875 0.9583333328125001 0.4130859375 0.9583333328125001 0.3994140625 0.9466145828125001 0.390625 0.93359375 0.388671875 0.921875 0.3974609375 0.9244791671874999 0.4111328125 0.9361979171874999 0.419921875
5 0.70703125 0.71875 0.7161458328125 0.7177734375 0.7291666671875 0.7060546875 0.7291666671875 0.6884765625 0.7200520828125 0.677734375 0.69921875 0.673828125 0.6822916671875 0.6904296875 0.6848958328125 0.7041015625 0.6966145828125 0.71484375 0.70703125 0.71875
5 0.6302083328125 0.8935546875 0.6302083328125 0.9033203125 0.640625 0.9072265625 0.6484375 0.9013671875 0.64453125 0.890625 0.6302083328125 0.8935546875
5 0.55859375 0.830078125 0.54296875 0.826171875 0.5338541671875 0.8291015625 0.55078125 0.84375 0.5598958328125 0.8427734375 0.5625 0.8349609375 0.55859375 0.830078125
5 0.8359375 0.5380859375 0.8463541671874999 0.5283203125 0.84375 0.5146484375 0.83203125 0.5078125 0.81640625 0.5078125 0.8098958328125001 0.5146484375 0.8098958328125001 0.5263671875 0.8190104171874999 0.537109375 0.8359375 0.5380859375
5 0.4375 0.7568359375 0.4283854171875 0.75 0.41796875 0.748046875 0.4140625 0.7548828125 0.4192708328125 0.7646484375 0.4283854171875 0.771484375 0.4348958328125 0.7705078125 0.4375 0.7568359375
5 0.5104166671875 0.4736328125 0.5182291671875 0.4677734375 0.5182291671875 0.4619140625 0.51171875 0.45703125 0.50390625 0.45703125 0.4973958328125 0.4599609375 0.4973958328125 0.4697265625 0.5065104171875 0.474609375 0.5104166671875 0.4736328125
5 0.96875 0.4970703125 0.97265625 0.50390625 0.9791666671874999 0.5029296875 0.9869791671874999 0.4912109375 0.9856770828125001 0.484375 0.96875 0.4970703125
5 0.640625 0.8173828125 0.6432291671875 0.8388671875 0.65234375 0.84765625 0.6692708328125 0.8486328125 0.6770833328125 0.8408203125 0.6796875 0.8271484375 0.6744791671875 0.8154296875 0.66796875 0.810546875 0.6575520828125 0.80859375 0.6471354171875 0.814453125 0.64453125 0.8125 0.640625 0.8173828125
5 0.21875 0.6533203125 0.22916666718749998 0.6455078125 0.22916666718749998 0.6337890625 0.22005208281250002 0.625 0.20963541718749998 0.625 0.1927083328125 0.6337890625 0.1901041671875 0.6435546875 0.20182291718749998 0.654296875 0.21875 0.6533203125
5 0.390625 0.4482421875 0.4036458328125 0.4404296875 0.4036458328125 0.4267578125 0.3919270828125 0.416015625 0.3763020828125 0.4140625 0.3645833328125 0.4267578125 0.3619791671875 0.4365234375 0.3736979171875 0.44921875 0.390625 0.4482421875
5 0.4322916671875 0.4658203125 0.4296875 0.4580078125 0.4231770828125 0.453125 0.41796875 0.453125 0.4166666671875 0.4638671875 0.42578125 0.46875 0.4296875 0.4677734375 0.4322916671875 0.4658203125
5 0.2643229171875 0.40234375 0.2760416671875 0.4013671875 0.2786458328125 0.3916015625 0.2760416671875 0.3837890625 0.26953125 0.37890625 0.2513020828125 0.375 0.23697916718749998 0.3837890625 0.23697916718749998 0.3916015625 0.24609375 0.3984375 0.2643229171875 0.40234375
5 0.9947916671874999 0.5439453125 0.9947916671874999 0.5380859375 0.9908854171874999 0.533203125 0.98046875 0.53125 0.9765625 0.5439453125 0.9830729171874999 0.548828125 0.9895833328125001 0.5478515625 0.9947916671874999 0.5439453125
2 0.26953125 0.171875 0.2630208328125 0.1787109375 0.2630208328125 0.2001953125 0.2552083328125 0.2353515625 0.2591145828125 0.23828125 0.265625 0.2373046875 0.2825520828125 0.228515625 0.30859375 0.2265625 0.3255208328125 0.2138671875 0.3229166671875 0.1884765625 0.3033854171875 0.1796875 0.29296875 0.1796875 0.2799479171875 0.171875 0.26953125 0.171875
5 0.4583333328125 0.2783203125 0.4557291671875 0.2841796875 0.4557291671875 0.3017578125 0.4635416671875 0.3154296875 0.4778645828125 0.3203125 0.5 0.3193359375 0.51171875 0.31640625 0.5234375 0.3076171875 0.5260416671875 0.3037109375 0.5234375 0.2841796875 0.5182291671875 0.2763671875 0.5013020828125 0.267578125 0.4700520828125 0.271484375 0.4583333328125 0.2783203125
5 0.875 0.5712890625 0.87109375 0.56640625 0.8606770828125001 0.564453125 0.8541666671874999 0.5693359375 0.8541666671874999 0.5751953125 0.8606770828125001 0.580078125 0.8697916671874999 0.5791015625 0.875 0.5712890625
5 0.578125 0.9443359375 0.578125 0.9384765625 0.5716145828125 0.93359375 0.5638020828125 0.93359375 0.5598958328125 0.9423828125 0.5690104171875 0.94921875 0.5729166671875 0.9482421875 0.578125 0.9443359375
5 0.9661458328125001 0.7744140625 0.9661458328125001 0.7666015625 0.9622395828125001 0.76171875 0.94921875 0.759765625 0.9375 0.7685546875 0.94921875 0.779296875 0.9583333328125001 0.7802734375 0.9661458328125001 0.7744140625
5 1 0.1162109375 0.99609375 0.115234375 0.9791666671874999 0.1259765625 0.9713541671874999 0.1474609375 0.9817708328125001 0.1728515625 0.98828125 0.1796875 1 0.1826171875 1 0.1162109375
5 0.6041666671875 0.8232421875 0.59765625 0.818359375 0.5924479171875 0.818359375 0.5885416671875 0.8212890625 0.5885416671875 0.8291015625 0.5924479171875 0.83203125 0.6015625 0.8310546875 0.6041666671875 0.8232421875
5 0.3020833328125 0.6689453125 0.29296875 0.66015625 0.28515625 0.66015625 0.2734375 0.6669921875 0.2708333328125 0.6748046875 0.2825520828125 0.685546875 0.2942708328125 0.6865234375 0.3020833328125 0.6689453125
5 0.4765625 0.8134765625 0.48046875 0.81640625 0.4869791671875 0.8154296875 0.4895833328125 0.8076171875 0.48046875 0.8046875 0.4765625 0.8134765625
5 0.0182291671875 0.8740234375 0.015625 0.8681640625 0.0013020828125 0.861328125 0 0.9013671875 0.0052083328125 0.9013671875 0.0182291671875 0.8876953125 0.0182291671875 0.8740234375
5 0.3528645828125 0.2265625 0.3515625 0.2373046875 0.359375 0.2392578125 0.3645833328125 0.2373046875 0.3645833328125 0.2275390625 0.3528645828125 0.2265625
5 0.44921875 0.5546875 0.4244791671875 0.5673828125 0.4166666671875 0.5869140625 0.4296875 0.6064453125 0.44140625 0.615234375 0.4674479171875 0.6171875 0.4856770828125 0.611328125 0.5013020828125 0.62109375 0.5104166671875 0.6201171875 0.5182291671875 0.6162109375 0.5182291671875 0.5927734375 0.5143229171875 0.587890625 0.4947916671875 0.5810546875 0.4895833328125 0.5673828125 0.4752604171875 0.556640625 0.46484375 0.552734375 0.44921875 0.5546875
5 0.5859375 0.7763671875 0.5885416671875 0.7900390625 0.5950520828125 0.794921875 0.6041666671875 0.7939453125 0.6145833328125 0.7861328125 0.6067708328125 0.7685546875 0.6067708328125 0.7587890625 0.58984375 0.74609375 0.5794270828125 0.74609375 0.5755208328125 0.7509765625 0.578125 0.7705078125 0.5859375 0.7763671875
5 0.7682291671875 0.6318359375 0.78125 0.6220703125 0.78125 0.6103515625 0.7747395828125 0.60546875 0.7486979171875 0.607421875 0.7395833328125 0.6181640625 0.7421875 0.6279296875 0.7513020828125 0.6328125 0.7682291671875 0.6318359375
5 0.10546875 0.44921875 0.1002604171875 0.44921875 0.09635416718749999 0.4541015625 0.1015625 0.4638671875 0.1067708328125 0.4638671875 0.1119791671875 0.4541015625 0.10546875 0.44921875
5 0.8203125 0.7451171875 0.8229166671874999 0.7412109375 0.8203125 0.7216796875 0.8111979171874999 0.71484375 0.8059895828125001 0.71484375 0.8020833328125001 0.7177734375 0.8020833328125001 0.7392578125 0.80859375 0.74609375 0.8203125 0.7451171875
5 0.1744791671875 0.6943359375 0.16796875 0.6875 0.1627604171875 0.685546875 0.1536458328125 0.6904296875 0.1536458328125 0.6943359375 0.16015625 0.69921875 0.171875 0.6982421875 0.1744791671875 0.6943359375
5 0.1822916671875 0.5341796875 0.1822916671875 0.5283203125 0.1731770828125 0.525390625 0.1666666671875 0.5302734375 0.1666666671875 0.5361328125 0.1705729171875 0.5390625 0.1770833328125 0.5380859375 0.1822916671875 0.5341796875
5 0.9361979171874999 0.810546875 0.9244791671874999 0.8134765625 0.9244791671874999 0.8173828125 0.9309895828125001 0.822265625 0.9401041671874999 0.8212890625 0.9401041671874999 0.8134765625 0.9361979171874999 0.810546875
5 0.45703125 0.095703125 0.4778645828125 0.103515625 0.4921875 0.1025390625 0.5 0.0927734375 0.4973958328125 0.0634765625 0.4830729171875 0.0546875 0.4674479171875 0.052734375 0.4518229171875 0.0546875 0.4427083328125 0.0693359375 0.4453125 0.0869140625 0.45703125 0.095703125
5 0.3697916671875 0.0126953125 0.3697916671875 0.0009765625 0.3372395828125 0 0.3359375 0.0068359375 0.3463541671875 0.0166015625 0.3528645828125 0.01953125 0.359375 0.0185546875 0.3697916671875 0.0126953125
5 0.4322916671875 0.2431640625 0.42578125 0.23828125 0.4192708328125 0.2431640625 0.4192708328125 0.2490234375 0.4270833328125 0.2548828125 0.4322916671875 0.2509765625 0.4322916671875 0.2431640625
5 0.5533854171875 0.400390625 0.5651041671875 0.3994140625 0.5755208328125 0.3935546875 0.5807291671875 0.3857421875 0.5807291671875 0.3662109375 0.5716145828125 0.359375 0.5638020828125 0.359375 0.5494791671875 0.3759765625 0.5494791671875 0.3974609375 0.5533854171875 0.400390625
5 0.5833333328125 0.3759765625 0.58984375 0.380859375 0.5989583328125 0.3798828125 0.6015625 0.3681640625 0.5872395828125 0.36328125 0.5833333328125 0.3759765625
5 0.9361979171874999 0.6171875 0.92578125 0.615234375 0.921875 0.6279296875 0.92578125 0.630859375 0.9348958328125001 0.6298828125 0.9401041671874999 0.6220703125 0.9361979171874999 0.6171875
5 0.8072916671874999 0.6591796875 0.8151041671874999 0.6552734375 0.8151041671874999 0.6474609375 0.80859375 0.642578125 0.80078125 0.642578125 0.7942708328125 0.6474609375 0.7942708328125 0.6552734375 0.80078125 0.66015625 0.8072916671874999 0.6591796875
5 0.6458333328125 0.6533203125 0.6484375 0.6494140625 0.6458333328125 0.6396484375 0.6393229171875 0.63671875 0.6315104171875 0.638671875 0.6276041671875 0.6455078125 0.6302083328125 0.6494140625 0.6393229171875 0.654296875 0.6458333328125 0.6533203125
5 0.84765625 0.69140625 0.8411458328125001 0.6962890625 0.8411458328125001 0.7001953125 0.84765625 0.705078125 0.8541666671874999 0.7041015625 0.8567708328125001 0.6962890625 0.84765625 0.69140625
5 0.3072916671875 0.6357421875 0.3229166671875 0.6240234375 0.3203125 0.5986328125 0.32421875 0.59375 0.3059895828125 0.599609375 0.2942708328125 0.6103515625 0.2942708328125 0.6298828125 0.30078125 0.63671875 0.3072916671875 0.6357421875
5 0.3502604171875 0.56640625 0.3359375 0.5712890625 0.3229166671875 0.5888671875 0.3229166671875 0.5927734375 0.328125 0.5927734375 0.3515625 0.5751953125 0.3502604171875 0.56640625
5 0.2799479171875 0.556640625 0.26953125 0.556640625 0.2682291671875 0.5654296875 0.27734375 0.572265625 0.28125 0.5712890625 0.2838541671875 0.5595703125 0.2799479171875 0.556640625
5 0.2526041671875 0.5322265625 0.2552083328125 0.5302734375 0.2526041671875 0.5185546875 0.24348958281250002 0.51171875 0.23828125 0.51171875 0.23177083281250002 0.5166015625 0.23697916718749998 0.5302734375 0.24348958281250002 0.533203125 0.2526041671875 0.5322265625
5 0.1184895828125 0.48828125 0.1119791671875 0.4931640625 0.1119791671875 0.4970703125 0.1158854171875 0.5 0.125 0.4990234375 0.1276041671875 0.4892578125 0.1184895828125 0.48828125
5 0.3229166671875 0.4580078125 0.33984375 0.47265625 0.34375 0.4716796875 0.34375 0.4677734375 0.3346354171875 0.4609375 0.3229166671875 0.4580078125
5 0.4036458328125 0.5302734375 0.41015625 0.53515625 0.4192708328125 0.5341796875 0.4192708328125 0.5244140625 0.40234375 0.515625 0.4036458328125 0.5302734375
5 0.5494791671875 0.5361328125 0.54296875 0.53125 0.53125 0.5341796875 0.53125 0.5478515625 0.5390625 0.5537109375 0.5494791671875 0.5478515625 0.5494791671875 0.5361328125
5 0.30859375 0.732421875 0.2955729171875 0.73046875 0.2786458328125 0.7412109375 0.2786458328125 0.7470703125 0.2838541671875 0.7509765625 0.2786458328125 0.7626953125 0.29296875 0.7734375 0.3059895828125 0.771484375 0.3125 0.7744140625 0.31640625 0.767578125 0.32421875 0.771484375 0.33203125 0.76953125 0.3411458328125 0.7607421875 0.3411458328125 0.7529296875 0.3294270828125 0.7421875 0.3216145828125 0.7421875 0.30859375 0.732421875
5 0.2630208328125 0.7001953125 0.2708333328125 0.6962890625 0.2734375 0.6904296875 0.2734375 0.6865234375 0.2669270828125 0.681640625 0.2526041671875 0.6865234375 0.2526041671875 0.6962890625 0.2591145828125 0.701171875 0.2630208328125 0.7001953125
5 0.20833333281250002 0.7666015625 0.21223958281250002 0.76953125 0.22135416718749998 0.7685546875 0.22135416718749998 0.7607421875 0.21223958281250002 0.7578125 0.20833333281250002 0.7666015625
2 0.328125 0.8349609375 0.3333333328125 0.8232421875 0.3307291671875 0.8134765625 0.3229166671875 0.8056640625 0.3255208328125 0.8017578125 0.3216145828125 0.798828125 0.3111979171875 0.80078125 0.3059895828125 0.796875 0.28125 0.8095703125 0.2760416671875 0.8232421875 0.2838541671875 0.8408203125 0.28125 0.8583984375 0.29296875 0.87109375 0.3072916671875 0.8720703125 0.3216145828125 0.8671875 0.3294270828125 0.869140625 0.3346354171875 0.859375 0.3502604171875 0.859375 0.3541666671875 0.8525390625 0.3450520828125 0.845703125 0.3346354171875 0.84375 0.328125 0.8349609375
5 0.4010416671875 0.8447265625 0.4140625 0.8564453125 0.4244791671875 0.8564453125 0.4296875 0.8505859375 0.4296875 0.8134765625 0.4205729171875 0.8046875 0.4049479171875 0.802734375 0.3880208328125 0.8095703125 0.3854166671875 0.8134765625 0.3880208328125 0.8251953125 0.4010416671875 0.8447265625
2 0.3346354171875 0.84765625 0.3229166671875 0.8544921875 0.3190104171875 0.86328125 0.3072916671875 0.8623046875 0.30859375 0.8671875 0.3190104171875 0.8671875 0.33203125 0.875 0.3658854171875 0.876953125 0.3893229171875 0.884765625 0.4401041671875 0.8935546875 0.4427083328125 0.8896484375 0.43359375 0.8828125 0.4153645828125 0.876953125 0.39453125 0.861328125 0.3815104171875 0.857421875 0.3684895828125 0.859375 0.3528645828125 0.8515625 0.3346354171875 0.84765625
5 0.22135416718749998 0.8642578125 0.22135416718749998 0.8525390625 0.21484375 0.845703125 0.20052083281250002 0.8486328125 0.1875 0.8720703125 0.1940104171875 0.87890625 0.20572916718749998 0.8798828125 0.22135416718749998 0.8642578125
5 0.6848958328125 0.8798828125 0.67578125 0.87109375 0.66796875 0.87109375 0.6640625 0.8740234375 0.6640625 0.8837890625 0.66796875 0.88671875 0.6770833328125 0.8857421875 0.6848958328125 0.8798828125
2 0.7578125 0.8916015625 0.75390625 0.88671875 0.7473958328125 0.8876953125 0.7473958328125 0.8818359375 0.7421875 0.8798828125 0.7421875 0.8681640625 0.7486979171875 0.861328125 0.7513020828125 0.8671875 0.7565104171875 0.8671875 0.7604166671875 0.8623046875 0.7526041671875 0.8603515625 0.7526041671875 0.8486328125 0.7447916671875 0.8447265625 0.7447916671875 0.8408203125 0.7330729171875 0.83984375 0.71875 0.8505859375 0.7057291671875 0.8662109375 0.6796875 0.9130859375 0.6692708328125 0.9169921875 0.6614583328125 0.9482421875 0.6640625 0.9560546875 0.6705729171875 0.9609375 0.6966145828125 0.966796875 0.7109375 0.9755859375 0.7122395828125 1 0.7421875 0.9990234375 0.7421875 0.9853515625 0.7526041671875 0.9736328125 0.7526041671875 0.9638671875 0.7447916671875 0.9482421875 0.75 0.9423828125 0.7473958328125 0.9365234375 0.7578125 0.9169921875 0.7578125 0.8916015625
2 0.9895833328125001 0.8935546875 0.97265625 0.888671875 0.9739583328125001 0.8857421875 0.96875 0.8818359375 0.9700520828125001 0.87890625 0.9830729171874999 0.880859375 0.984375 0.8759765625 0.9479166671874999 0.8583984375 0.9505208328125001 0.8466796875 0.9466145828125001 0.84375 0.9205729171874999 0.84375 0.89453125 0.837890625 0.8723958328125001 0.8525390625 0.8697916671874999 0.8603515625 0.8802083328125001 0.8662109375 0.8854166671874999 0.8740234375 0.8854166671874999 0.8876953125 0.8958333328125001 0.9033203125 0.8828125 0.9130859375 0.890625 0.9169921875 0.8958333328125001 0.9267578125 0.9088541671874999 0.9345703125 0.90625 0.9482421875 0.9127604171874999 0.962890625 0.9166666671874999 0.9599609375 0.91796875 0.943359375 0.921875 0.9482421875 0.921875 0.9833984375 0.9270833328125001 0.9873046875 0.9270833328125001 0.9951171875 0.9309895828125001 1 0.9348958328125001 0.9990234375 0.9375 0.9677734375 0.94140625 0.966796875 0.9453125 0.9814453125 0.95703125 1 0.9973958328125001 0.9990234375 0.9973958328125001 0.9228515625 0.9895833328125001 0.9111328125 0.9921875 0.9091796875 0.9830729171874999 0.90625 0.9791666671874999 0.8994140625 0.98046875 0.89453125 0.98828125 0.896484375 0.9895833328125001 0.8935546875
5 0.0416666671875 0.4560546875 0.03125 0.4697265625 0.03125 0.4775390625 0.0364583328125 0.4775390625 0.0416666671875 0.4736328125 0.0442708328125 0.4638671875 0.06510416718749999 0.4501953125 0.06510416718749999 0.4404296875 0.06119791718749999 0.435546875 0.05078125 0.435546875 0.0442708328125 0.4443359375 0.0416666671875 0.4560546875
5 0.98828125 0.267578125 0.9778645828125001 0.267578125 0.9739583328125001 0.2705078125 0.9765625 0.2763671875 0.9869791671874999 0.2783203125 0.9921875 0.2705078125 0.98828125 0.267578125