5 0.6979166671875 0.3330078125 0.71484375 0.337890625 0.7200520828125 0.3359375 0.7317708328125 0.3232421875 0.7239583328125 0.2978515625 0.71484375 0.29296875 0.6966145828125 0.29296875 0.6875 0.2998046875 0.6848958328125 0.3154296875 0.6979166671875 0.3330078125
5 0.7643229171875 0.06640625 0.75 0.0712890625 0.7447916671875 0.0869140625 0.75390625 0.09375 0.76171875 0.09375 0.7708333328125 0.0888671875 0.7760416671875 0.0751953125 0.7643229171875 0.06640625
5 0.8658854171874999 0.01953125 0.82421875 0.013671875 0.8307291671874999 0.0322265625 0.8450520828125001 0.04296875 0.8763020828125001 0.041015625 0.8802083328125001 0.0380859375 0.8802083328125001 0.0322265625 0.8658854171874999 0.01953125
5 0.88671875 0.109375 0.87109375 0.109375 0.8671875 0.1123046875 0.8671875 0.1240234375 0.8815104171874999 0.126953125 0.8880208328125001 0.1220703125 0.890625 0.1123046875 0.88671875 0.109375
5 0.9557291671874999 0.1611328125 0.9674479171874999 0.16796875 0.9739583328125001 0.1630859375 0.9739583328125001 0.1552734375 0.9622395828125001 0.150390625 0.9557291671874999 0.1552734375 0.9557291671874999 0.1611328125
5 0.1223958328125 0.2177734375 0.1223958328125 0.2001953125 0.1184895828125 0.1953125 0.1106770828125 0.1953125 0.1015625 0.2021484375 0.09375 0.2138671875 0.09635416718749999 0.2236328125 0.11328125 0.2265625 0.1223958328125 0.2177734375
5 0.0325520828125 0.1484375 0.015625 0.1611328125 0.010416667187500001 0.1708984375 0.0221354171875 0.177734375 0.0325520828125 0.177734375 0.046875 0.1708984375 0.05208333281250001 0.1552734375 0.0325520828125 0.1484375
5 0.1263020828125 0.681640625 0.1341145828125 0.681640625 0.1432291671875 0.6748046875 0.1484375 0.6611328125 0.1458333328125 0.6318359375 0.1419270828125 0.62890625 0.12109375 0.62890625 0.1145833328125 0.6357421875 0.1119791671875 0.6669921875 0.1263020828125 0.681640625
5 0.1080729171875 0.578125 0.09635416718749999 0.5869140625 0.1002604171875 0.595703125 0.1145833328125 0.5888671875 0.1145833328125 0.5810546875 0.1080729171875 0.578125
5 0.7578125 0.9384765625 0.76953125 0.943359375 0.7786458328125 0.9384765625 0.7838541671875 0.9287109375 0.78125 0.9091796875 0.7747395828125 0.90234375 0.7591145828125 0.8984375 0.7526041671875 0.9013671875 0.7526041671875 0.9306640625 0.7578125 0.9384765625
5 0.7278645828125 0.91796875 0.7213541671875 0.9189453125 0.71875 0.9755859375 0.72265625 0.982421875 0.73046875 0.982421875 0.7369791671875 0.9755859375 0.7369791671875 0.9228515625 0.7278645828125 0.91796875
5 0.8033854171874999 1 0.8072916671874999 0.9970703125 0.8072916671874999 0.9833984375 0.8033854171874999 0.98046875 0.7565104171875 0.982421875 0.7473958328125 0.9892578125 0.7486979171875 1 0.8033854171874999 1
2 0.6588541671875 0.0595703125 0.640625 0.1357421875 0.6536458328125 0.1884765625 0.66796875 0.203125 0.6861979171875 0.208984375 0.6953125 0.2001953125 0.7135416671875 0.1416015625 0.7109375 0.0810546875 0.68359375 0.056640625 0.6627604171875 0.0546875 0.6588541671875 0.0595703125
2 0.3307291671875 0.0986328125 0.328125 0.1123046875 0.3385416671875 0.1298828125 0.3528645828125 0.138671875 0.3606770828125 0.13671875 0.3854166671875 0.1162109375 0.4010416671875 0.0849609375 0.4036458328125 0.0458984375 0.3971354171875 0.0390625 0.3619791671875 0.0361328125 0.3307291671875 0.0986328125
2 0.14453125 0.1484375 0.1861979171875 0.15625 0.203125 0.1357421875 0.2109375 0.1142578125 0.20833333281250002 0.1064453125 0.1966145828125 0.107421875 0.1627604171875 0.12109375 0.1510416671875 0.1318359375 0.1432291671875 0.1416015625 0.14453125 0.1484375
2 0.4401041671875 0.0009765625 0.4375 0.0302734375 0.4440104171875 0.037109375 0.4596354171875 0.0390625 0.4713541671875 0.0009765625 0.4401041671875 0.0009765625