2 0.568359375 0.1315104171875 0.5615234375 0.1276041671875 0.4638671875 0.1302083328125 0.4248046875 0.1354166671875 0.4169921875 0.140625 0.43526785781250005 0.146825396875 0.5439453125 0.1432291671875 0.5634765625 0.1380208328125 0.568359375 0.1315104171875
2 0.689453125 0.1263020828125 0.6728515625 0.1171875 0.6494140625 0.1119791671875 0.638671875 0.1236979171875 0.6396484375 0.1276041671875 0.6767578125 0.1302083328125 0.689453125 0.1263020828125
2 0.9072265625 0.1223958328125 0.9208984375 0.1197916671875 0.921875 0.1158854171875 0.8994140625 0.1119791671875 0.888671875 0.1184895828125 0.8916015625 0.1223958328125 0.9072265625 0.1223958328125
5 0.01953125 0.47265625 0.0224609375 0.4765625 0.0341796875 0.4765625 0.0615234375 0.4609375 0.064453125 0.4544270828125 0.0625 0.4388020828125 0.0537109375 0.4296875 0.0439453125 0.4296875 0.0302734375 0.4375 0.017578125 0.4596354171875 0.01953125 0.47265625
5 0.09375 0.6236979171875 0.0771484375 0.609375 0.0576171875 0.6197916671875 0.0546875 0.63671875 0.0634765625 0.6510416671875 0.0712890625 0.65625 0.0849609375 0.65625 0.09375 0.6419270828125 0.09375 0.6236979171875
5 0.033203125 0.65234375 0.0185546875 0.6328125 0.0146484375 0.6328125 0.01171875 0.64453125 0.0205078125 0.6588541671875 0.0302734375 0.6614583328125 0.033203125 0.65234375
5 0.072265625 0.7747395828125 0.0673828125 0.7682291671875 0.0615234375 0.7682291671875 0.056640625 0.77734375 0.0595703125 0.7838541671875 0.0693359375 0.7864583328125 0.072265625 0.7747395828125
2 0.2060546875 0.9166666671874999 0.2275390625 0.9114583328125001 0.228515625 0.9049479171874999 0.2197265625 0.8880208328125001 0.2080078125 0.8880208328125001 0.1396484375 0.90625 0.134765625 0.91015625 0.130859375 0.9231770828125001 0.1357421875 0.9270833328125001 0.2060546875 0.9166666671874999
5 0.513671875 0.78515625 0.5107421875 0.78125 0.4951171875 0.7838541671875 0.494140625 0.7955729171875 0.4970703125 0.7994791671875 0.5087890625 0.8020833328125001 0.513671875 0.78515625
5 0.388671875 0.72265625 0.3974609375 0.7265625 0.404296875 0.71484375 0.3994140625 0.7083333328125 0.3896484375 0.7109375 0.388671875 0.72265625
5 0.412109375 0.70703125 0.4208984375 0.7109375 0.421875 0.7018229171875 0.4150390625 0.7005208328125 0.412109375 0.70703125
5 0.5703125 0.66796875 0.5791015625 0.6744791671875 0.58203125 0.66015625 0.5712890625 0.6588541671875 0.5703125 0.66796875
5 0.693359375 0.7903645828125 0.7021484375 0.7942708328125 0.705078125 0.7825520828125 0.6962890625 0.7786458328125 0.693359375 0.7903645828125
5 0.8408203125 0.7630208328125 0.8447265625 0.765625 0.84765625 0.7565104171875 0.8427734375 0.7552083328125 0.8408203125 0.7630208328125
5 0.7882807703125 0.7790181640625 0.794249115625 0.78269099375 0.7988401515625 0.7820788546874999 0.8029720828125001 0.76861181875 0.8029720828125001 0.766775403125 0.79792194375 0.7569811953125 0.790117184375 0.7569811953125 0.7859852515625 0.772284646875 0.7882807703125 0.7790181640625
5 0.436148359375 0.3664371203125 0.437066565625 0.3615400171875 0.43752566875000004 0.354194359375 0.432934634375 0.34929725624999997 0.42788449531249995 0.34990939375 0.42558897656249994 0.36582498281250003 0.429720909375 0.3694978109375 0.436148359375 0.3664371203125
5 0.48205871250000004 0.43316016875 0.48527243750000004 0.430099478125 0.4848133328125 0.42214168281250003 0.47884498750000004 0.4209174078125 0.47425395156250005 0.4258145125 0.47379484843749997 0.43071161562500004 0.47654946875000004 0.43377230625 0.48205871250000004 0.43316016875
5 0.5703125 0.02734375 0.5771484375 0.0364583328125 0.5869140625 0.0390625 0.599609375 0.02734375 0.6015625 0.006510417187500001 0.5986328125 0 0.572265625 0.0013020828125 0.5703125 0.02734375
5 0.57421875 0.09765625 0.5810546875 0.1015625 0.583984375 0.09244791718749999 0.5771484375 0.09114583281250001 0.57421875 0.09765625
5 0.3648821375 0.08841976093750001 0.3568450859375 0.05698595937499999 0.3477364265625 0.046269890625 0.339699375 0.046269890625 0.3300549140625 0.050556318749999996 0.3252326828125 0.0634156015625 0.3300549140625 0.07770369218749999 0.3375561625 0.0962782109375 0.348808034375 0.1027078515625 0.359524103125 0.1027078515625 0.3648821375 0.08841976093750001
2 0.3078636140625 0.140944140625 0.30019347343749997 0.1434126921875 0.2956971828125 0.1427073921875 0.29014294218750003 0.14411799375 0.2787699734375 0.14376534218749998 0.2718932953125 0.13882824062500002 0.261578278125 0.13741763906249999 0.2565530125 0.1381229390625 0.2496763328125 0.1416494421875 0.2422706796875 0.14552859375 0.2359229765625 0.14658654375 0.2303687359375 0.1501130453125 0.22613693281249997 0.1483497953125 0.2195247421875 0.14693919375 0.21026767500000001 0.14976039531250002 0.19968816875 0.150465696875 0.20206855781250002 0.153639546875 0.1906955890625 0.1554027984375 0.1914890515625 0.1494077453125 0.180380571875 0.1501130453125 0.17323940468750001 0.150818346875 0.1658337515625 0.15399219687500001 0.158692584375 0.15399219687500001 0.15340283125 0.15716605 0.15102244375 0.1554027984375 0.145997178125 0.152581596875 0.1446747390625 0.1494077453125 0.1404429375 0.152228946875 0.13515318437499999 0.1613978515625 0.12854099375 0.165629653125 0.1269540671875 0.1589293 0.12139982812500001 0.15787135000000002 0.11320071093749999 0.1546974984375 0.1076464703125 0.15187629687499998 0.0962735015625 0.152581596875 0.0849005328125 0.1554027984375 0.08172668125 0.15187629687499998 0.074321028125 0.1568134 0.0708826875 0.1532868984375 0.0666508859375 0.1557554484375 0.039673145312500005 0.1589293 0.00212178125 0.1591458140625 0.004286428125 0.17629152343750001 0.075023196875 0.169147478125 0.109314615625 0.1684330734375 0.1286035390625 0.1698618828125 0.146285053125 0.1727195015625 0.1778974546875 0.1727195015625 0.1966505765625 0.1698618828125 0.20843825 0.1684330734375 0.40016980156250004 0.150465696875 0.392764146875 0.14588124375 0.392235171875 0.139533540625 0.38482951718749997 0.139180890625 0.3758369375 0.1370649890625 0.367637821875 0.139533540625 0.3578517796875 0.139180890625 0.3541489515625 0.14411799375 0.34780124843750004 0.14376534218749998 0.3417180328125 0.139533540625 0.3308740390625 0.140944140625 0.3192365828125 0.139180890625 0.3078636140625 0.140944140625
2 0.8193359375 0.109375 0.80859375 0.1184895828125 0.8134765625 0.125 0.8212890625 0.125 0.8349609375 0.1197916671875 0.8359375 0.1158854171875 0.8291015625 0.109375 0.8193359375 0.109375
2 0.8056640625 0.125 0.814453125 0.1158854171875 0.7724609375 0.1171875 0.767578125 0.12109375 0.767578125 0.1263020828125 0.7958984375 0.1276041671875 0.8056640625 0.125