5 0.92578125 0.40546875 0.01875 0.01875
5 0.27734375 0.427734375 0.23046875 0.419921875 0.19921875 0.423828125 0.16015625 0.443359375 0.1510416671875 0.4501953125 0.1328125 0.4794921875 0.1328125 0.4951171875 0.1692708328125 0.5263671875 0.20442708281250002 0.55078125 0.23307291718749998 0.55859375 0.2747395828125 0.548828125 0.2903645828125 0.541015625 0.3151041671875 0.5048828125 0.3229166671875 0.4853515625 0.3229166671875 0.4619140625 0.3177083328125 0.4521484375 0.27734375 0.427734375
5 0.3268229171875 0.1796875 0.3111979171875 0.18359375 0.2786458328125 0.2060546875 0.2786458328125 0.2294921875 0.296875 0.2900390625 0.3046875 0.3017578125 0.3268229171875 0.31640625 0.34765625 0.322265625 0.3971354171875 0.322265625 0.4296875 0.2939453125 0.4401041671875 0.2744140625 0.4427083328125 0.2236328125 0.4283854171875 0.208984375 0.3971354171875 0.19140625 0.3528645828125 0.1796875 0.3268229171875 0.1796875
5 0.2552083328125 0.1884765625 0.24348958281250002 0.181640625 0.22005208281250002 0.181640625 0.1979166671875 0.1943359375 0.1927083328125 0.2158203125 0.22005208281250002 0.232421875 0.24088541718749998 0.232421875 0.2578125 0.2119140625 0.2604166671875 0.2041015625 0.2552083328125 0.1884765625
5 0.38671875 0.61328125 0.4205729171875 0.60546875 0.4296875 0.5986328125 0.4348958328125 0.5869140625 0.4322916671875 0.5732421875 0.4153645828125 0.556640625 0.4075520828125 0.552734375 0.39453125 0.552734375 0.37890625 0.556640625 0.3645833328125 0.5654296875 0.3723958328125 0.5986328125 0.38671875 0.61328125
5 0.6145833328125 0.6611328125 0.6119791671875 0.6728515625 0.6184895828125 0.681640625 0.6393229171875 0.68359375 0.6458333328125 0.6787109375 0.6484375 0.6650390625 0.6419270828125 0.66015625 0.6236979171875 0.658203125 0.6145833328125 0.6611328125
5 0.5208333328125 0.6748046875 0.5208333328125 0.6865234375 0.53515625 0.6953125 0.5481770828125 0.6953125 0.5520833328125 0.6904296875 0.5546875 0.6806640625 0.55078125 0.673828125 0.5325520828125 0.66796875 0.5208333328125 0.6748046875
5 0.4518229171875 0.712890625 0.46484375 0.7109375 0.4713541671875 0.7060546875 0.4713541671875 0.6943359375 0.46484375 0.689453125 0.44921875 0.689453125 0.4453125 0.7080078125 0.4518229171875 0.712890625
5 0.7877604171875 0.62109375 0.77734375 0.619140625 0.765625 0.6259765625 0.7630208328125 0.6318359375 0.765625 0.6572265625 0.7721354171875 0.6640625 0.7825520828125 0.666015625 0.796875 0.6533203125 0.7994791671875 0.6337890625 0.7877604171875 0.62109375
5 0.7083333328125 0.5615234375 0.7083333328125 0.5732421875 0.7174479171875 0.583984375 0.7278645828125 0.583984375 0.7369791671875 0.5771484375 0.7395833328125 0.5673828125 0.7330729171875 0.560546875 0.71484375 0.55859375 0.7083333328125 0.5615234375
5 0.7513020828125 0.560546875 0.7669270828125 0.560546875 0.7708333328125 0.5478515625 0.76171875 0.5390625 0.7565104171875 0.5390625 0.7447916671875 0.5458984375 0.7421875 0.5537109375 0.7513020828125 0.560546875
5 0.6432291671875 0.4677734375 0.6432291671875 0.4873046875 0.66015625 0.498046875 0.67578125 0.498046875 0.6927083328125 0.4833984375 0.6927083328125 0.4677734375 0.6809895828125 0.458984375 0.6653645828125 0.455078125 0.6432291671875 0.4677734375
5 0.58203125 0.41796875 0.5755208328125 0.4267578125 0.5755208328125 0.4384765625 0.5924479171875 0.447265625 0.6080729171875 0.4453125 0.6119791671875 0.4423828125 0.6119791671875 0.4287109375 0.59765625 0.41796875 0.58203125 0.41796875
5 0.78125 0.7880859375 0.78125 0.7978515625 0.7877604171875 0.806640625 0.8033854171874999 0.80859375 0.81640625 0.8046875 0.8177083328125001 0.7958984375 0.80859375 0.783203125 0.7877604171875 0.783203125 0.78125 0.7880859375
5 0.9309895828125001 0.7890625 0.9401041671874999 0.7783203125 0.9453125 0.7626953125 0.9361979171874999 0.75390625 0.9283854171874999 0.75390625 0.9166666671874999 0.7646484375 0.9166666671874999 0.7919921875 0.9309895828125001 0.7890625
5 0.8606770828125001 0.900390625 0.8723958328125001 0.8955078125 0.875 0.8857421875 0.8606770828125001 0.876953125 0.8528645828125001 0.87890625 0.84375 0.8876953125 0.8528645828125001 0.8984375 0.8606770828125001 0.900390625
5 0.7994791671875 0.9091796875 0.7994791671875 0.9150390625 0.8059895828125001 0.919921875 0.8190104171874999 0.919921875 0.8255208328125001 0.9150390625 0.828125 0.9091796875 0.81640625 0.900390625 0.8059895828125001 0.90234375 0.7994791671875 0.9091796875
5 0.6393229171875 0.9375 0.6458333328125 0.9306640625 0.6484375 0.9111328125 0.64453125 0.908203125 0.6236979171875 0.91015625 0.6197916671875 0.9130859375 0.6223958328125 0.9326171875 0.6393229171875 0.9375
5 0.74609375 0.865234375 0.7578125 0.8623046875 0.7604166671875 0.8486328125 0.7486979171875 0.841796875 0.7408854171875 0.84375 0.7369791671875 0.8466796875 0.7369791671875 0.8583984375 0.74609375 0.865234375
5 0.9388020828125001 0.826171875 0.9544270828125001 0.82421875 0.9583333328125001 0.8212890625 0.9583333328125001 0.8095703125 0.9544270828125001 0.806640625 0.9322916671874999 0.8095703125 0.9322916671874999 0.8212890625 0.9388020828125001 0.826171875
5 0.83984375 0.84765625 0.8502604171874999 0.84765625 0.8567708328125001 0.8427734375 0.8567708328125001 0.8349609375 0.8450520828125001 0.830078125 0.8385416671874999 0.8330078125 0.8359375 0.8427734375 0.83984375 0.84765625
5 0.8333333328125001 0.7333984375 0.82421875 0.728515625 0.8098958328125001 0.7333984375 0.8125 0.7470703125 0.8216145828125001 0.751953125 0.8333333328125001 0.7431640625 0.8333333328125001 0.7333984375
5 0.6419270828125 0.291015625 0.6354166671875 0.2998046875 0.6471354171875 0.3125 0.66015625 0.3125 0.6744791671875 0.3037109375 0.6770833328125 0.2861328125 0.6731770828125 0.283203125 0.66015625 0.283203125 0.6419270828125 0.291015625
5 0.54296875 0.169921875 0.53125 0.1865234375 0.5338541671875 0.1943359375 0.54296875 0.19921875 0.5690104171875 0.197265625 0.5729166671875 0.1884765625 0.5651041671875 0.1787109375 0.5559895828125 0.171875 0.54296875 0.169921875
5 0.5546875 0.2392578125 0.5403645828125 0.234375 0.5286458328125 0.2509765625 0.5403645828125 0.255859375 0.55078125 0.25390625 0.5546875 0.2509765625 0.5546875 0.2392578125
5 0.9622395828125001 0.22265625 0.95703125 0.22265625 0.9127604171874999 0.228515625 0.9010416671874999 0.2353515625 0.8958333328125001 0.2451171875 0.9049479171874999 0.25390625 0.92578125 0.25390625 0.9661458328125001 0.2412109375 0.9661458328125001 0.2275390625 0.9622395828125001 0.22265625
5 0.6822916671875 0.6201171875 0.6653645828125 0.607421875 0.65625 0.6259765625 0.6614583328125 0.6337890625 0.6731770828125 0.638671875 0.6822916671875 0.6318359375 0.6822916671875 0.6201171875
5 0.56640625 0.583984375 0.5572916671875 0.5888671875 0.5572916671875 0.6083984375 0.5638020828125 0.611328125 0.578125 0.6083984375 0.5833333328125 0.6005859375 0.5833333328125 0.5888671875 0.5768229171875 0.583984375 0.56640625 0.583984375
5 0.51171875 0.52734375 0.4908854171875 0.53125 0.484375 0.5361328125 0.4739583328125 0.5498046875 0.4713541671875 0.5615234375 0.48046875 0.56640625 0.5091145828125 0.56640625 0.53125 0.5537109375 0.53125 0.5341796875 0.51171875 0.52734375
5 0.4635416671875 0.5693359375 0.4635416671875 0.5791015625 0.47265625 0.583984375 0.4986979171875 0.583984375 0.5052083328125 0.5810546875 0.5078125 0.5693359375 0.50390625 0.56640625 0.4674479171875 0.56640625 0.4635416671875 0.5693359375
5 0.1588541671875 0.0478515625 0.1536458328125 0.0654296875 0.1653645828125 0.068359375 0.1809895828125 0.064453125 0.20052083281250002 0.0517578125 0.203125 0.0419921875 0.1966145828125 0.03515625 0.17578125 0.0390625 0.1588541671875 0.0478515625
5 0.06380208281250001 0.275390625 0.04296875 0.275390625 0.0390625 0.2783203125 0.04296875 0.287109375 0.06640625 0.291015625 0.06770833281250001 0.2783203125 0.06380208281250001 0.275390625
5 0.0416666671875 0.2548828125 0.06380208281250001 0.259765625 0.06770833281250001 0.2568359375 0.06770833281250001 0.2255859375 0.06380208281250001 0.22265625 0.0481770828125 0.2265625 0.0390625 0.2412109375 0.0416666671875 0.2548828125
5 0.9309895828125001 0.6953125 0.9270833328125001 0.7021484375 0.9322916671874999 0.7099609375 0.9440104171874999 0.716796875 0.9518229171874999 0.716796875 0.9609375 0.7099609375 0.9583333328125001 0.6982421875 0.9466145828125001 0.693359375 0.9309895828125001 0.6953125
5 0.88671875 0.6171875 0.90234375 0.619140625 0.9140625 0.6103515625 0.9140625 0.5947265625 0.9075520828125001 0.591796875 0.8893229171874999 0.595703125 0.8802083328125001 0.6044921875 0.88671875 0.6171875
5 0.8450520828125001 0.451171875 0.8515625 0.4443359375 0.8619791671874999 0.4208984375 0.8502604171874999 0.412109375 0.8372395828125001 0.412109375 0.8255208328125001 0.4208984375 0.8411458328125001 0.4501953125 0.8450520828125001 0.451171875