4 0.8359375 0.4501953125 0.8359375 0.4599609375 0.8450520828125001 0.4609375 0.8515625 0.4541015625 0.84765625 0.44140625 0.8359375 0.4501953125
4 0.8697916671874999 0.1767578125 0.8697916671874999 0.1572265625 0.8658854171874999 0.154296875 0.8541666671874999 0.1591796875 0.8541666671874999 0.1767578125 0.8580729171874999 0.1796875 0.8697916671874999 0.1767578125
4 0.9479166671874999 0.1298828125 0.9479166671874999 0.1357421875 0.95703125 0.138671875 0.96875 0.1259765625 0.95703125 0.123046875 0.9479166671874999 0.1298828125
5 0.7890625 0.0791015625 0.7903645828125 0.083984375 0.8138020828125001 0.09375 0.8294270828125001 0.09375 0.8385416671874999 0.0869140625 0.8385416671874999 0.0751953125 0.82421875 0.064453125 0.80078125 0.068359375 0.7890625 0.0791015625
5 0.88671875 0.375 0.8997395828125001 0.376953125 0.9088541671874999 0.3701171875 0.90625 0.3623046875 0.8893229171874999 0.353515625 0.8802083328125001 0.3603515625 0.8802083328125001 0.3720703125 0.88671875 0.375
5 0.84375 0.5205078125 0.8333333328125001 0.5341796875 0.8372395828125001 0.544921875 0.8502604171874999 0.546875 0.8619791671874999 0.5419921875 0.8671875 0.5341796875 0.86328125 0.521484375 0.8528645828125001 0.517578125 0.84375 0.5205078125
5 0.9166666671874999 0.5908203125 0.9192708328125001 0.5712890625 0.9127604171874999 0.56640625 0.8984375 0.5712890625 0.8984375 0.5869140625 0.9049479171874999 0.591796875 0.9166666671874999 0.5908203125
4 0.8642956406250001 0.46704523125 0.863193925 0.47282923749999994 0.8653973546874999 0.4843972484375 0.87090593125 0.48976810937500004 0.8780670796875001 0.48852867968749997 0.884126515625 0.47985267187499997 0.8813722265624999 0.4715898078125 0.8775162234374999 0.46704523125 0.8676007859375 0.46250065625000003 0.8642956406250001 0.46704523125
4 0.849973340625 0.4339937734375 0.863193925 0.4335806296875 0.8703550734375 0.42655719531249997 0.8687025015625001 0.4191206171875 0.862092209375 0.41622861406249995 0.849973340625 0.4339937734375
4 0.8334476125 0.4170549015625 0.8290407515625 0.41788118750000003 0.82132874375 0.42407833593750005 0.8185744546875 0.43234120000000004 0.8273881781249999 0.43482005937499996 0.8367527578124999 0.42738348125 0.8334476125 0.4170549015625
4 0.8031504421875001 0.47324237968749994 0.8152693093750001 0.47985267187499997 0.8279390359375001 0.4720029515625 0.8262864625 0.4682846609375 0.814718453125 0.45506407812500005 0.8031504421875001 0.47324237968749994
4 0.9359071328124999 0.495138971875 0.918830546875 0.4938995421875 0.916627115625 0.495138971875 0.9259916953125 0.5058806953125 0.9359071328124999 0.5067069828124999 0.9452717140625 0.5083595546875 0.9540854359375001 0.5071201249999999 0.9557380078125 0.4972046875 0.953534578125 0.4955521140625 0.9441699984374999 0.4967915453125 0.9359071328124999 0.495138971875
4 0.8676007859375 0.39557145312499997 0.8560327750000001 0.390200590625 0.85107505625 0.39557145312499997 0.8494224828125001 0.4063131765625 0.8576853484375 0.4087920359375 0.8664990703125 0.4021817453125 0.8676007859375 0.39557145312499997
4 0.8020487265625 0.201394134375 0.8119641640624999 0.20345985 0.8229813171875 0.198915275 0.8317950390625001 0.1873472640625 0.8262864625 0.17949754375 0.8152693093750001 0.1803238296875 0.805353871875 0.18404211875 0.7992944375000001 0.18817355 0.8020487265625 0.201394134375
4 0.8086590171875001 0.14438036875 0.8009470109375 0.146446084375 0.7948875765625 0.14892494375 0.788277284375 0.1522300890625 0.7866247125 0.16007981093749998 0.7959892921875 0.1625586703125 0.80700644375 0.16007981093749998 0.81416759375 0.151816946875 0.8152693093750001 0.1493380875 0.81416759375 0.14561979687499998 0.8086590171875001 0.14438036875
4 0.780565278125 0.1803238296875 0.776709275 0.16338495625 0.7662429796875 0.155535234375 0.7563275421875 0.160906096875 0.755776684375 0.1749529671875 0.7612852609375 0.191065553125 0.8031504421875001 0.21337528749999998 0.780565278125 0.1803238296875
4 0.94747514375 0.220811865625 0.9392122781250001 0.215854146875 0.9309494140625001 0.2179198625 0.921584834375 0.21337528749999998 0.9138728281249999 0.21750672031249998 0.8967962406250001 0.21957243593750003 0.8846773718750001 0.21998557968750002 0.874211078125 0.21874615 0.8692533578124999 0.22535644062500002 0.8791687953125 0.22783530000000002 0.899550528125 0.226182728125 0.9144236859375001 0.22535644062500002 0.9281951265625 0.22535644062500002 0.9458225703125 0.2241170125 0.94747514375 0.220811865625
4 0.98713689375 0.22370386875 0.9915437546874999 0.2249432984375 0.9970523312499999 0.2249432984375 0.998704903125 0.22287758124999998 0.998154046875 0.216680434375 0.9887894656249999 0.21833300625000002 0.98713689375 0.22370386875
4 0.9651025890625 0.206351853125 0.9568397234375 0.20883071250000002 0.9562888656249999 0.21337528749999998 0.9590431531249999 0.2146147171875 0.9617974421875 0.216680434375 0.9645517296874999 0.21957243593750003 0.973365453125 0.22453015468749998 0.9755688828125001 0.22453015468749998 0.978874028125 0.2224644390625 0.978874028125 0.2170935765625 0.976119740625 0.21213585781250002 0.9706111640625 0.2071781390625 0.9651025890625 0.206351853125
4 0.9144236859375001 0.5104252703125 0.9171779734375001 0.5083595546875 0.9160762578125 0.5071201249999999 0.9078133921875 0.5029886921875 0.9012031015625 0.5042281234375 0.8989996703124999 0.509598984375 0.9023048171875001 0.5108384140625 0.9072625359375 0.5112515578125 0.9144236859375001 0.5104252703125