5 0.1064453125 0.9192708328125001 0.11328125 0.9075520828125001 0.11328125 0.8971354171874999 0.1025390625 0.8854166671874999 0.0888671875 0.8854166671874999 0.076171875 0.8997395828125001 0.076171875 0.91015625 0.0849609375 0.9244791671874999 0.0947265625 0.9296875 0.1064453125 0.9192708328125001
5 0.0810546875 0.7864583328125 0.083984375 0.7721354171875 0.0712890625 0.7682291671875 0.06640625 0.7747395828125 0.06640625 0.78515625 0.0693359375 0.7890625 0.0810546875 0.7864583328125
5 0.361328125 0.83203125 0.3564453125 0.8229166671874999 0.3466796875 0.8203125 0.33984375 0.8268229171874999 0.337890625 0.8424479171874999 0.3427734375 0.8489583328125001 0.3525390625 0.8489583328125001 0.361328125 0.83984375 0.361328125 0.83203125
5 0.52734375 0.86328125 0.5244140625 0.8489583328125001 0.5146484375 0.8489583328125001 0.509765625 0.85546875 0.5126953125 0.8697916671874999 0.5185546875 0.8723958328125001 0.52734375 0.86328125
2 0.3720703125 0.7369791671875 0.376953125 0.7252604171875 0.3564453125 0.6979166671875 0.2666015625 0.6953125 0.2587890625 0.6979166671875 0.251953125 0.7096354171875 0.25390625 0.72265625 0.2666015625 0.734375 0.3662109375 0.7395833328125 0.3720703125 0.7369791671875
2 0.51171875 0.4075520828125 0.5029296875 0.3958333328125 0.4873046875 0.3958333328125 0.466796875 0.4205729171875 0.4697265625 0.4296875 0.4853515625 0.4322916671875 0.5048828125 0.4270833328125 0.509765625 0.4205729171875 0.51171875 0.4075520828125
2 0.419921875 0.44140625 0.41796875 0.42578125 0.4130859375 0.4166666671875 0.3701171875 0.3828125 0.3642578125 0.3802083328125 0.3486328125 0.3854166671875 0.34375 0.40234375 0.3798828125 0.4479166671875 0.4111328125 0.4505208328125 0.419921875 0.44140625
2 0.3310546875 0.3671875 0.3193359375 0.3671875 0.31640625 0.37109375 0.3125 0.4049479171875 0.314453125 0.4127604171875 0.3271484375 0.4114583328125 0.34375 0.3971354171875 0.34375 0.3893229171875 0.3310546875 0.3671875
2 0.138671875 0.4049479171875 0.14453125 0.3841145828125 0.14453125 0.3763020828125 0.1396484375 0.3697916671875 0.1279296875 0.3671875 0.11328125 0.3841145828125 0.111328125 0.4075520828125 0.1142578125 0.4114583328125 0.1318359375 0.4140625 0.138671875 0.4049479171875
2 0.0322265625 0.734375 0.0654296875 0.7447916671875 0.0888671875 0.7447916671875 0.1044921875 0.734375 0.1298828125 0.7369791671875 0.1435546875 0.7291666671875 0.1435546875 0.7239583328125 0.1142578125 0.7213541671875 0.0927734375 0.7109375 0.0458984375 0.7161458328125 0.0302734375 0.7135416671875 0.0234375 0.7174479171875 0.0234375 0.72265625 0.0322265625 0.734375
2 0.0517578125 0.4140625 0.0673828125 0.3958333328125 0.0771484375 0.390625 0.08203125 0.3841145828125 0.0810546875 0.375 0.0654296875 0.3645833328125 0.0537109375 0.3645833328125 0.0439453125 0.375 0.0341796875 0.375 0.025390625 0.38671875 0.025390625 0.4049479171875 0.0380859375 0.4140625 0.0517578125 0.4140625
2 0.1826171875 0.24739583281250002 0.2041015625 0.2552083328125 0.2080078125 0.2526041671875 0.2607421875 0.2552083328125 0.2724609375 0.24479166718749998 0.2978515625 0.23697916718749998 0.2998046875 0.23177083281250002 0.2939453125 0.22395833281250002 0.2841796875 0.21875 0.2412109375 0.2109375 0.2001953125 0.2109375 0.177734375 0.22265625 0.1796875 0.24348958281250002 0.1826171875 0.24739583281250002
2 0.3271484375 0.2864583328125 0.3466796875 0.2838541671875 0.3583984375 0.2864583328125 0.365234375 0.2825520828125 0.361328125 0.27734375 0.36328125 0.26953125 0.361328125 0.2591145828125 0.3671875 0.2513020828125 0.3662109375 0.234375 0.3486328125 0.22916666718749998 0.3291015625 0.234375 0.3115234375 0.23177083281250002 0.30859375 0.24348958281250002 0.3125 0.2591145828125 0.3271484375 0.2864583328125
2 0.4560546875 0.23958333281250002 0.4697265625 0.2265625 0.4951171875 0.21354166718749998 0.501953125 0.20442708281250002 0.5029296875 0.1953125 0.4970703125 0.1901041671875 0.4716796875 0.203125 0.4619140625 0.20572916718749998 0.4560546875 0.203125 0.43359375 0.22786458281250002 0.43359375 0.23828125 0.4384765625 0.24479166718749998 0.4560546875 0.23958333281250002
2 0 0.2669270828125 0.0283203125 0.2708333328125 0.0458984375 0.2578125 0.0498046875 0.2578125 0.0517578125 0.2630208328125 0.0595703125 0.2630208328125 0.060546875 0.2513020828125 0.056640625 0.2513020828125 0.056640625 0.24348958281250002 0.060546875 0.24088541718749998 0.0615234375 0.23177083281250002 0.060546875 0.22526041718749998 0.0537109375 0.22135416718749998 0.0146484375 0.22395833281250002 0.0009765625 0.22135416718749998 0 0.2669270828125
2 0.203125 0.009114582812499999 0.2021484375 0.0026041671875 0.1552734375 0.0026041671875 0.1533203125 0 0.12109375 0.00390625 0.125 0.01171875 0.125 0.0247395828125 0.1279296875 0.0286458328125 0.1298828125 0.0234375 0.1328125 0.0247395828125 0.130859375 0.02734375 0.1337890625 0.0390625 0.1533203125 0.0416666671875 0.1572265625 0.0364583328125 0.1611328125 0.0390625 0.1708984375 0.0364583328125 0.1806640625 0.0390625 0.1826171875 0.0338541671875 0.1923828125 0.0364583328125 0.19921875 0.0221354171875 0.197265625 0.01171875 0.203125 0.009114582812499999
2 0 0.05338541718749999 0.0068359375 0.05989583281250001 0.0087890625 0.0546875 0.0205078125 0.0494791671875 0.0361328125 0.0494791671875 0.044921875 0.0403645828125 0.0458984375 0.0260416671875 0.044921875 0.01953125 0.0400390625 0.015625 0.0283203125 0.013020832812499999 0.0126953125 0.015625 0.0107421875 0.0260416671875 0.0048828125 0.0234375 0 0.02734375 0 0.05338541718749999
2 0.05859375 0.24088541718749998 0.060546875 0.25390625 0.0712890625 0.2682291671875 0.0771484375 0.2682291671875 0.0810546875 0.2630208328125 0.0927734375 0.2682291671875 0.1181640625 0.265625 0.126953125 0.25390625 0.12890625 0.24348958281250002 0.138671875 0.23828125 0.1396484375 0.21875 0.1357421875 0.21354166718749998 0.1240234375 0.2109375 0.0888671875 0.21354166718749998 0.060546875 0.23046875 0.05859375 0.24088541718749998
5 0.2893454125 0.8726752859375001 0.285048203125 0.8726752859375001 0.279796059375 0.8796781453125 0.2812284609375 0.8879542515625 0.2874355421875 0.8879542515625 0.293642621875 0.8809513921875001 0.2893454125 0.8726752859375001
2 0.5078125 0.7018229171875 0.5126953125 0.7109375 0.529296875 0.6861979171875 0.53125 0.6731770828125 0.55859375 0.6393229171875 0.5625 0.6315104171875 0.5615234375 0.6223958328125 0.5537109375 0.6119791671875 0.5419921875 0.6145833328125 0.53515625 0.62109375 0.529296875 0.6419270828125 0.51171875 0.6653645828125 0.505859375 0.6783854171875 0.5078125 0.7018229171875
2 0.35546875 0.26953125 0.353515625 0.27734375 0.3564453125 0.2838541671875 0.3681640625 0.2890625 0.4052734375 0.28125 0.431640625 0.24609375 0.4326171875 0.23177083281250002 0.4072265625 0.22916666718749998 0.3896484375 0.234375 0.3701171875 0.234375 0.3623046875 0.22916666718749998 0.3515625 0.23828125 0.3515625 0.2643229171875 0.35546875 0.26953125
2 0.9267578125 0.2604166671875 0.9111328125 0.2682291671875 0.90234375 0.2825520828125 0.904296875 0.2955729171875 0.9150390625 0.3072916671875 0.9267578125 0.3098958328125 0.9619140625 0.3072916671875 0.9619140625 0.3046875 0.9501953125 0.296875 0.9267578125 0.2604166671875
2 0.8994140625 0.6276041671875 0.8896484375 0.6171875 0.8828125 0.6184895828125 0.8857421875 0.6276041671875 0.8994140625 0.6354166671875 0.8994140625 0.6276041671875
2 0.9111328125 0.640625 0.9189453125 0.6328125 0.9365234375 0.625 0.9501953125 0.6119791671875 0.9521484375 0.6041666671875 0.9365234375 0.59375 0.9169921875 0.5963541671875 0.916015625 0.6028645828125 0.923828125 0.6158854171875 0.9169921875 0.6302083328125 0.908203125 0.6341145828125 0.908203125 0.6393229171875 0.9111328125 0.640625
2 0.9716796875 0.609375 0.9853515625 0.6067708328125 0.9892578125 0.6015625 1 0.60546875 0.9990234375 0.5520833328125 0.9912109375 0.5546875 0.9765625 0.5716145828125 0.96875 0.59765625 0.9716796875 0.609375
2 0.845703125 0.7877604171875 0.845703125 0.7981770828125 0.849609375 0.80859375 0.8564453125 0.8177083328125001 0.8662109375 0.8203125 0.8759765625 0.8125 0.8876953125 0.7942708328125 0.875 0.7799479171875 0.869140625 0.7643229171875 0.869140625 0.7408854171875 0.8662109375 0.7395833328125 0.859375 0.7565104171875 0.853515625 0.76171875 0.845703125 0.7877604171875
2 0.837890625 0.6731770828125 0.8359375 0.6888020828125 0.8447265625 0.7005208328125 0.8701171875 0.6927083328125 0.888671875 0.6705729171875 0.888671875 0.6627604171875 0.9111328125 0.6380208328125 0.9013671875 0.6354166671875 0.8896484375 0.6171875 0.8857421875 0.6145833328125 0.8818359375 0.6171875 0.873046875 0.6471354171875 0.8427734375 0.6640625 0.837890625 0.6731770828125
2 0.9990234375 0.9479166671874999 0.9990234375 0.9114583328125001 0.9833984375 0.9036458328125001 0.9736328125 0.90625 0.9599609375 0.8932291671874999 0.9521484375 0.8984375 0.9423828125 0.8984375 0.9384765625 0.9036458328125001 0.9248046875 0.8984375 0.9208984375 0.8932291671874999 0.9111328125 0.8932291671874999 0.9013671875 0.9114583328125001 0.8955078125 0.9114583328125001 0.8876953125 0.9036458328125001 0.8818359375 0.9036458328125001 0.876953125 0.91015625 0.876953125 0.9518229171874999 0.8818359375 0.9505208328125001 0.8837890625 0.9557291671874999 0.8876953125 0.9479166671874999 0.8935546875 0.9453125 0.9990234375 0.9479166671874999
2 0.8291015625 0.4479166671875 0.8408203125 0.4661458328125 0.8466796875 0.4661458328125 0.8515625 0.4544270828125 0.8515625 0.4440104171875 0.845703125 0.44140625 0.841796875 0.4049479171875 0.84375 0.39453125 0.8515625 0.38671875 0.857421875 0.37109375 0.8564453125 0.3567708328125 0.8525390625 0.3697916671875 0.8232421875 0.3854166671875 0.8125 0.4049479171875 0.814453125 0.43359375 0.8291015625 0.4479166671875
2 0.9248046875 0.5703125 0.9443359375 0.5677083328125 0.9541015625 0.5520833328125 0.9638671875 0.546875 0.9658203125 0.5416666671875 0.9599609375 0.5364583328125 0.9501953125 0.5390625 0.9443359375 0.5338541671875 0.9345703125 0.5364583328125 0.900390625 0.5325520828125 0.90625 0.5533854171875 0.9150390625 0.5651041671875 0.9248046875 0.5703125
5 0.837890625 0.1263020828125 0.8408203125 0.1354166671875 0.8486328125 0.140625 0.8623046875 0.1380208328125 0.8671875 0.12890625 0.8603515625 0.1197916671875 0.8466796875 0.1197916671875 0.837890625 0.1263020828125
5 0.705078125 0.3138020828125 0.7001953125 0.3072916671875 0.6943359375 0.3072916671875 0.69140625 0.3138020828125 0.693359375 0.3216145828125 0.7021484375 0.3255208328125 0.705078125 0.3138020828125
5 0.517578125 0.2747395828125 0.517578125 0.28515625 0.5205078125 0.2890625 0.5283203125 0.2864583328125 0.533203125 0.2799479171875 0.533203125 0.2721354171875 0.5224609375 0.2682291671875 0.517578125 0.2747395828125
5 0.45933927656250007 0.7193662046875 0.4600011484375 0.7264261750000001 0.46397238124999995 0.7264261750000001 0.46794361406249996 0.7246611828125 0.470591103125 0.722896190625 0.471914846875 0.7167187171875 0.4672817421875 0.714071228125 0.46397238124999995 0.7158362203124999 0.45933927656250007 0.7193662046875
5 0.4156557140625 0.747606084375 0.418965075 0.7467235890625 0.4229363078125 0.7414286109375 0.42161256406250003 0.7352511374999999 0.41764133125 0.7352511374999999 0.4143319703125 0.7378986265624999 0.4130082265625 0.7423111078125 0.4156557140625 0.747606084375
5 0.240921465625 0.7996733593750001 0.2395977203125 0.8076158265625001 0.243568953125 0.8120283078125 0.250187675 0.8102633156250001 0.250849546875 0.8040858406250001 0.250187675 0.8014383531249999 0.2442308265625 0.79790836875 0.240921465625 0.7996733593750001
5 0.20981347343749998 0.8711555531249999 0.2065041125 0.8729205453125 0.20518036875 0.8782155234375001 0.207165984375 0.8826280046875 0.21113721875000002 0.8835105000000001 0.214446578125 0.8782155234375001 0.214446578125 0.8720380499999999 0.21246096250000002 0.8711555531249999 0.20981347343749998 0.8711555531249999