5 0.7760416671875 0.4853515625 0.7981770828125 0.505859375 0.8098958328125001 0.5068359375 0.8151041671874999 0.5048828125 0.8229166671874999 0.4892578125 0.8229166671874999 0.4755859375 0.8203125 0.4697265625 0.80859375 0.4609375 0.7955729171875 0.458984375 0.7786458328125 0.4697265625 0.7760416671875 0.4853515625
5 0.6223958328125 0.4189453125 0.6263020828125 0.421875 0.6354166671875 0.4208984375 0.6380208328125 0.4130859375 0.6263020828125 0.412109375 0.6223958328125 0.4189453125
5 0.4557291671875 0.7509765625 0.46875 0.7333984375 0.46875 0.7275390625 0.4622395828125 0.72265625 0.43359375 0.720703125 0.42578125 0.716796875 0.4114583328125 0.7197265625 0.4140625 0.7412109375 0.42578125 0.75 0.4557291671875 0.7509765625
5 0.7864583328125 0.3251953125 0.7864583328125 0.3095703125 0.7825520828125 0.3046875 0.7747395828125 0.3046875 0.7682291671875 0.3173828125 0.7721354171875 0.322265625 0.7864583328125 0.3251953125
5 0.8697916671874999 0.5986328125 0.875 0.5927734375 0.8723958328125001 0.5771484375 0.8580729171874999 0.576171875 0.8515625 0.5869140625 0.86328125 0.599609375 0.8697916671874999 0.5986328125
4 0.09895833281250001 0.9169921875 0.08723958281250001 0.90625 0.07421875 0.90234375 0.06770833281250001 0.9052734375 0.06510416718749999 0.9189453125 0.07682291718749999 0.9296875 0.0859375 0.9287109375 0.09635416718749999 0.9228515625 0.09895833281250001 0.9169921875
4 0.4921875 0.8779296875 0.48828125 0.873046875 0.47265625 0.869140625 0.4609375 0.8759765625 0.4583333328125 0.8837890625 0.4622395828125 0.88671875 0.4765625 0.8857421875 0.4908854171875 0.8828125 0.4921875 0.8779296875
5 0.8359375 0.7998046875 0.8424479171874999 0.806640625 0.8463541671874999 0.8056640625 0.83984375 0.798828125 0.8359375 0.7998046875
5 0.7994791671875 0.8349609375 0.7994791671875 0.8447265625 0.80859375 0.849609375 0.8125 0.8486328125 0.8177083328125001 0.8447265625 0.8190104171874999 0.826171875 0.80859375 0.826171875 0.7994791671875 0.8349609375
5 0.0013020828125 0.72265625 0 0.7412109375 0.013020832812499999 0.7412109375 0.0182291671875 0.7294921875 0.01171875 0.72265625 0.0013020828125 0.72265625
5 0.3489583328125 0.8173828125 0.3606770828125 0.830078125 0.37109375 0.833984375 0.3854166671875 0.8330078125 0.3854166671875 0.8271484375 0.3763020828125 0.8203125 0.3606770828125 0.814453125 0.3489583328125 0.8173828125
5 0.421875 0.6884765625 0.4244791671875 0.6982421875 0.4283854171875 0.703125 0.4322916671875 0.7021484375 0.4427083328125 0.6865234375 0.4361979171875 0.681640625 0.42578125 0.681640625 0.421875 0.6884765625
4 0.5234375 0.9091796875 0.51171875 0.900390625 0.48828125 0.8984375 0.4713541671875 0.9052734375 0.4713541671875 0.9150390625 0.4830729171875 0.923828125 0.5130208328125 0.9248046875 0.5208333328125 0.9208984375 0.5234375 0.9091796875
5 0.4739583328125 0.6669921875 0.4661458328125 0.6826171875 0.47265625 0.689453125 0.4869791671875 0.6904296875 0.4973958328125 0.6826171875 0.4869791671875 0.6650390625 0.48046875 0.662109375 0.4739583328125 0.6669921875
5 0.8997395828125001 0.740234375 0.8958333328125001 0.7490234375 0.9036458328125001 0.7509765625 0.90625 0.7431640625 0.8997395828125001 0.740234375
5 0.9427083328125001 0.7099609375 0.9427083328125001 0.7138671875 0.94921875 0.720703125 0.9609375 0.7197265625 0.9661458328125001 0.7080078125 0.9596354171874999 0.703125 0.9544270828125001 0.703125 0.9427083328125001 0.7099609375
5 0.7369791671875 0.6533203125 0.7369791671875 0.6611328125 0.75 0.6689453125 0.7526041671875 0.6572265625 0.7434895828125 0.650390625 0.7369791671875 0.6533203125
4 0.1119791671875 0.9384765625 0.1080729171875 0.92578125 0.09765625 0.923828125 0.08072916718749999 0.9287109375 0.08072916718749999 0.9326171875 0.10546875 0.951171875 0.1171875 0.9501953125 0.1197916671875 0.9443359375 0.1119791671875 0.9384765625
4 0 0.9072265625 0.0260416671875 0.9072265625 0.0364583328125 0.9033203125 0.0364583328125 0.8916015625 0.0169270828125 0.884765625 0.00390625 0.88671875 0 0.8896484375 0 0.9072265625
4 0.9609375 0.8486328125 0.9609375 0.8525390625 0.96875 0.8544921875 0.9791666671874999 0.8505859375 0.9752604171874999 0.84375 0.9609375 0.8486328125
4 0.9309895828125001 0.84375 0.9192708328125001 0.8525390625 0.9231770828125001 0.859375 0.9296875 0.8583984375 0.9479166671874999 0.8505859375 0.9479166671874999 0.8466796875 0.94140625 0.841796875 0.9309895828125001 0.84375
4 0.8893229171874999 0.849609375 0.8723958328125001 0.8603515625 0.875 0.8720703125 0.8854166671874999 0.8720703125 0.9114583328125001 0.8603515625 0.9114583328125001 0.8525390625 0.9075520828125001 0.849609375 0.8893229171874999 0.849609375
4 0.859375 0.8916015625 0.8697916671874999 0.8876953125 0.8684895828125001 0.8828125 0.8580729171874999 0.8828125 0.8489583328125001 0.8896484375 0.8502604171874999 0.892578125 0.859375 0.8916015625
4 0.84375 0.8857421875 0.8528645828125001 0.8828125 0.8671875 0.8720703125 0.8671875 0.8681640625 0.8606770828125001 0.86328125 0.8515625 0.8681640625 0.8515625 0.8740234375 0.83984375 0.876953125 0.8333333328125001 0.8837890625 0.84375 0.8857421875
4 0.828125 0.9208984375 0.8411458328125001 0.9091796875 0.8372395828125001 0.90234375 0.828125 0.9072265625 0.8229166671874999 0.9150390625 0.8229166671874999 0.9208984375 0.828125 0.9208984375
5 0.20572916718749998 0.5263671875 0.23307291718749998 0.54296875 0.24088541718749998 0.54296875 0.24609375 0.546875 0.2526041671875 0.5458984375 0.2526041671875 0.5400390625 0.234375 0.5244140625 0.234375 0.5205078125 0.21484375 0.513671875 0.19921875 0.501953125 0.1979166671875 0.5087890625 0.20572916718749998 0.5263671875
5 0.4270833328125 0.2197265625 0.4270833328125 0.2275390625 0.43359375 0.234375 0.4375 0.2333984375 0.4427083328125 0.2275390625 0.4427083328125 0.2197265625 0.4309895828125 0.216796875 0.4270833328125 0.2197265625
5 0.3671875 0.1220703125 0.3697916671875 0.1103515625 0.3580729171875 0.107421875 0.3515625 0.1123046875 0.3515625 0.1181640625 0.3580729171875 0.123046875 0.3671875 0.1220703125
5 0.890625 0.2216796875 0.8971354171874999 0.228515625 0.9088541671874999 0.2275390625 0.9114583328125001 0.2158203125 0.8997395828125001 0.2109375 0.890625 0.2216796875
2 0.7083333328125 0.1513671875 0.6940104171875 0.134765625 0.68359375 0.134765625 0.6796875 0.1396484375 0.6796875 0.1513671875 0.6653645828125 0.15625 0.6354166671875 0.1767578125 0.6484375 0.1962890625 0.6458333328125 0.2275390625 0.6666666671875 0.2548828125 0.7096354171875 0.28125 0.7513020828125 0.291015625 0.7890625 0.2939453125 0.8111979171874999 0.29296875 0.8216145828125001 0.287109375 0.8372395828125001 0.28515625 0.8580729171874999 0.27734375 0.90625 0.2373046875 0.9296875 0.1943359375 0.9296875 0.1572265625 0.9192708328125001 0.1240234375 0.9153645828125001 0.12109375 0.8997395828125001 0.119140625 0.8932291671874999 0.1318359375 0.875 0.1455078125 0.8723958328125001 0.1533203125 0.8502604171874999 0.16796875 0.80078125 0.18359375 0.7643229171875 0.181640625 0.7434895828125 0.173828125 0.7083333328125 0.1513671875
2 0.2799479171875 0.216796875 0.2513020828125 0.205078125 0.21744791718749998 0.18359375 0.19921875 0.1953125 0.1875 0.1982421875 0.1848958328125 0.2021484375 0.1875 0.2373046875 0.21614583281250002 0.2705078125 0.24609375 0.291015625 0.26953125 0.298828125 0.2981770828125 0.296875 0.3216145828125 0.302734375 0.3541666671875 0.3017578125 0.3736979171875 0.298828125 0.39453125 0.2890625 0.4322916671875 0.2607421875 0.4427083328125 0.2470703125 0.4557291671875 0.2255859375 0.4583333328125 0.2099609375 0.4557291671875 0.1962890625 0.4609375 0.1845703125 0.4544270828125 0.1640625 0.44921875 0.169921875 0.4466145828125 0.1640625 0.4361979171875 0.169921875 0.4309895828125 0.16796875 0.3971354171875 0.197265625 0.3606770828125 0.216796875 0.3424479171875 0.220703125 0.2825520828125 0.21484375 0.2799479171875 0.216796875