5 0.6796875 0.8125 0.021875 0.0203125
5 0.97734375 0.45703125 0.0203125 0.028125
5 0.98515625 0.92890625 0.0296875 0.06875
5 0.9359375 0.8296875 0.034375 0.0203125
5 0.2109375 0.1083984375 0.1940104171875 0.1015625 0.15625 0.1181640625 0.1536458328125 0.1337890625 0.1627604171875 0.142578125 0.19140625 0.142578125 0.20833333281250002 0.1337890625 0.2109375 0.1083984375
5 0.19921875 0.171875 0.20572916718749998 0.1669921875 0.20572916718749998 0.1591796875 0.1966145828125 0.15234375 0.1809895828125 0.15234375 0.1744791671875 0.1572265625 0.1744791671875 0.1689453125 0.18359375 0.173828125 0.19921875 0.171875
5 0.4361979171875 0.13671875 0.4427083328125 0.1220703125 0.4401041671875 0.1142578125 0.4309895828125 0.109375 0.40625 0.1103515625 0.4036458328125 0.1259765625 0.4088541671875 0.1318359375 0.41796875 0.138671875 0.4361979171875 0.13671875
5 0.4049479171875 0 0.4036458328125 0.0087890625 0.4088541671875 0.0146484375 0.4388020828125 0.03125 0.48046875 0.0234375 0.4921875 0.0068359375 0.4908854171875 0 0.4049479171875 0
5 0.3671875 0.0185546875 0.3671875 0.0009765625 0.3424479171875 0 0.3333333328125 0.0068359375 0.3333333328125 0.0126953125 0.3502604171875 0.0234375 0.36328125 0.021484375 0.3671875 0.0185546875
5 0.3815104171875 0.02734375 0.390625 0.0166015625 0.37890625 0.005859375 0.37109375 0.005859375 0.3723958328125 0.0244140625 0.3815104171875 0.02734375
5 0.2604166671875 0.2216796875 0.2565104171875 0.21484375 0.24088541718749998 0.21484375 0.23177083281250002 0.2216796875 0.23177083281250002 0.2275390625 0.23828125 0.232421875 0.24869791718749998 0.23046875 0.2604166671875 0.2216796875
5 0.09765625 0.2265625 0.06640625 0.22265625 0.0481770828125 0.2265625 0.013020832812499999 0.2548828125 0.010416667187500001 0.2919921875 0.015625 0.3134765625 0.0481770828125 0.337890625 0.06380208281250001 0.34375 0.09244791718749999 0.34375 0.1341145828125 0.328125 0.1484375 0.3173828125 0.1588541671875 0.2998046875 0.1614583328125 0.2763671875 0.1510416671875 0.2548828125 0.1341145828125 0.240234375 0.09765625 0.2265625
5 0.08463541718749999 0.36328125 0.09375 0.3544921875 0.09375 0.3447265625 0.08463541718749999 0.341796875 0.06640625 0.34375 0.05989583281250001 0.3486328125 0.06510416718749999 0.3623046875 0.07161458281250001 0.365234375 0.08463541718749999 0.36328125
5 0.16015625 0.365234375 0.1510416671875 0.3759765625 0.16796875 0.390625 0.1848958328125 0.3818359375 0.1901041671875 0.3662109375 0.18359375 0.361328125 0.16015625 0.365234375
5 0.3411458328125 0.3291015625 0.33203125 0.326171875 0.3229166671875 0.3291015625 0.3203125 0.3388671875 0.3268229171875 0.34375 0.3346354171875 0.34375 0.3411458328125 0.3388671875 0.3411458328125 0.3291015625
5 0.4427083328125 0.4013671875 0.4361979171875 0.3984375 0.4192708328125 0.4013671875 0.4166666671875 0.4072265625 0.42578125 0.416015625 0.4361979171875 0.416015625 0.4453125 0.4091796875 0.4427083328125 0.4013671875
5 0.7526041671875 0.3642578125 0.7473958328125 0.3779296875 0.7565104171875 0.384765625 0.7643229171875 0.384765625 0.7708333328125 0.3603515625 0.7643229171875 0.357421875 0.7526041671875 0.3642578125
5 0.81640625 0.447265625 0.828125 0.4384765625 0.828125 0.4267578125 0.8216145828125001 0.421875 0.80859375 0.423828125 0.8020833328125001 0.4287109375 0.8020833328125001 0.4423828125 0.80859375 0.447265625 0.81640625 0.447265625
5 0.8958333328125001 0.4365234375 0.8932291671874999 0.4267578125 0.87890625 0.41796875 0.87109375 0.41796875 0.8619791671874999 0.4267578125 0.859375 0.4345703125 0.87109375 0.4453125 0.8841145828125001 0.4453125 0.8958333328125001 0.4365234375
5 0.8658854171874999 0.466796875 0.8567708328125001 0.4736328125 0.8606770828125001 0.48828125 0.87109375 0.48828125 0.8802083328125001 0.4814453125 0.8802083328125001 0.4697265625 0.8658854171874999 0.466796875
5 0.7291666671875 0.4521484375 0.7265625 0.4443359375 0.71484375 0.4375 0.7083333328125 0.4423828125 0.7083333328125 0.4501953125 0.7122395828125 0.455078125 0.7252604171875 0.455078125 0.7291666671875 0.4521484375
5 0.6848958328125 0.5107421875 0.67578125 0.501953125 0.65234375 0.50390625 0.6458333328125 0.5087890625 0.6458333328125 0.5185546875 0.66015625 0.53125 0.6875 0.5244140625 0.6848958328125 0.5107421875
5 0.23567708281250002 0.615234375 0.25 0.6123046875 0.2526041671875 0.6005859375 0.24348958281250002 0.5859375 0.21484375 0.587890625 0.20833333281250002 0.5927734375 0.20833333281250002 0.6005859375 0.22265625 0.611328125 0.23567708281250002 0.615234375
5 0.2669270828125 0.599609375 0.2630208328125 0.6123046875 0.26953125 0.6171875 0.2825520828125 0.6171875 0.2916666671875 0.6103515625 0.2877604171875 0.6015625 0.2669270828125 0.599609375
5 0.2552083328125 0.7236328125 0.2526041671875 0.7373046875 0.2565104171875 0.740234375 0.26953125 0.7421875 0.28125 0.7353515625 0.27734375 0.724609375 0.2552083328125 0.7236328125
5 0.22005208281250002 0.77734375 0.20963541718749998 0.77734375 0.20052083281250002 0.7822265625 0.1979166671875 0.7861328125 0.21223958281250002 0.796875 0.23046875 0.79296875 0.234375 0.7880859375 0.22005208281250002 0.77734375
5 0.04296875 0.947265625 0.03515625 0.947265625 0.015625 0.9560546875 0.013020832812499999 0.9658203125 0.0247395828125 0.974609375 0.046875 0.9638671875 0.046875 0.9501953125 0.04296875 0.947265625
5 0.09765625 0.962890625 0.1067708328125 0.9501953125 0.1041666671875 0.9423828125 0.09765625 0.939453125 0.08203125 0.94140625 0.07291666718749999 0.9482421875 0.07291666718749999 0.9599609375 0.07682291718749999 0.962890625 0.09765625 0.962890625
5 0.1354166671875 0.9716796875 0.1315104171875 0.962890625 0.12109375 0.96484375 0.1119791671875 0.9716796875 0.1119791671875 0.9794921875 0.1184895828125 0.986328125 0.1328125 0.9775390625 0.1354166671875 0.9716796875
5 0.8450520828125001 0.984375 0.8515625 0.9814453125 0.8541666671874999 0.9716796875 0.8502604171874999 0.966796875 0.8372395828125001 0.96484375 0.8307291671874999 0.9697265625 0.8307291671874999 0.9755859375 0.8346354171874999 0.982421875 0.8450520828125001 0.984375
5 0.8463541671874999 0.9482421875 0.8268229171874999 0.92578125 0.8020833328125001 0.9384765625 0.796875 0.9462890625 0.8033854171874999 0.953125 0.82421875 0.962890625 0.84375 0.9619140625 0.8463541671874999 0.9482421875
5 0.8645833328125001 0.6435546875 0.8671875 0.6279296875 0.8606770828125001 0.623046875 0.8502604171874999 0.62109375 0.83203125 0.626953125 0.828125 0.6396484375 0.8372395828125001 0.646484375 0.8580729171874999 0.6484375 0.8645833328125001 0.6435546875
5 0.9127604171874999 0.587890625 0.921875 0.5732421875 0.9192708328125001 0.5673828125 0.8997395828125001 0.55859375 0.8919270828125001 0.560546875 0.8880208328125001 0.5634765625 0.8880208328125001 0.5771484375 0.9049479171874999 0.587890625 0.9127604171874999 0.587890625
5 0.8606770828125001 0.556640625 0.8541666671874999 0.5654296875 0.8606770828125001 0.5703125 0.8684895828125001 0.5703125 0.875 0.5615234375 0.8684895828125001 0.556640625 0.8606770828125001 0.556640625
5 0.859375 0.5712890625 0.8450520828125001 0.572265625 0.8307291671874999 0.5869140625 0.828125 0.5947265625 0.8346354171874999 0.599609375 0.8502604171874999 0.6015625 0.8619791671874999 0.5869140625 0.859375 0.5712890625
5 0.8059895828125001 0.279296875 0.8098958328125001 0.2705078125 0.7994791671875 0.2568359375 0.79296875 0.25390625 0.7799479171875 0.255859375 0.7734375 0.2607421875 0.7734375 0.2763671875 0.79296875 0.283203125 0.8059895828125001 0.279296875
5 0.8645833328125001 0.2314453125 0.8580729171874999 0.2265625 0.8502604171874999 0.2265625 0.8385416671874999 0.2353515625 0.8385416671874999 0.2412109375 0.84765625 0.248046875 0.8580729171874999 0.248046875 0.8645833328125001 0.2314453125
5 0.8971354171874999 0.244140625 0.9010416671874999 0.2373046875 0.8984375 0.2236328125 0.8828125 0.2216796875 0.8802083328125001 0.2412109375 0.8971354171874999 0.244140625
5 0.8229166671874999 0.0927734375 0.8138020828125001 0.08984375 0.7981770828125 0.099609375 0.7942708328125 0.1025390625 0.796875 0.1201171875 0.8346354171874999 0.146484375 0.84375 0.1376953125 0.8229166671874999 0.0927734375
5 0.8619791671874999 0.0263671875 0.8515625 0.0126953125 0.83984375 0.005859375 0.8333333328125001 0.0107421875 0.8333333328125001 0.0244140625 0.83984375 0.03125 0.8528645828125001 0.03515625 0.8619791671874999 0.0263671875
5 0.76953125 0.107421875 0.7760416671875 0.1005859375 0.7760416671875 0.0927734375 0.7669270828125 0.087890625 0.7486979171875 0.08984375 0.7447916671875 0.0927734375 0.7473958328125 0.1044921875 0.7565104171875 0.109375 0.76953125 0.107421875
5 0.5520833328125 0.1787109375 0.5455729171875 0.173828125 0.52734375 0.17578125 0.5208333328125 0.1806640625 0.5247395828125 0.19140625 0.5377604171875 0.193359375 0.5494791671875 0.1865234375 0.5520833328125 0.1787109375
5 0.078125 0.1376953125 0.06640625 0.12890625 0.05338541718749999 0.130859375 0.0494791671875 0.1337890625 0.05208333281250001 0.1474609375 0.07161458281250001 0.15234375 0.078125 0.1455078125 0.078125 0.1376953125
5 0.0325520828125 0.1015625 0.0455729171875 0.1015625 0.06770833281250001 0.0810546875 0.06119791718749999 0.072265625 0.0377604171875 0.060546875 0.0247395828125 0.060546875 0.009114582812499999 0.068359375 0.0026041671875 0.0732421875 0.0026041671875 0.0791015625 0.0325520828125 0.1015625
5 0.0286458328125 0.1669921875 0.0260416671875 0.1748046875 0.0299479171875 0.1796875 0.046875 0.1767578125 0.0494791671875 0.1708984375 0.04296875 0.1640625 0.0286458328125 0.1669921875
5 0.63671875 0.513671875 0.6432291671875 0.5087890625 0.6432291671875 0.4970703125 0.6263020828125 0.48828125 0.6197916671875 0.4912109375 0.609375 0.5029296875 0.6119791671875 0.5107421875 0.62109375 0.515625 0.63671875 0.513671875
5 0.62109375 0.4375 0.59375 0.4580078125 0.5885416671875 0.4912109375 0.59765625 0.51171875 0.66015625 0.529296875 0.6705729171875 0.529296875 0.6848958328125 0.5224609375 0.7083333328125 0.4775390625 0.7083333328125 0.4580078125 0.6979166671875 0.4404296875 0.6888020828125 0.43359375 0.66796875 0.42578125 0.64453125 0.427734375 0.62109375 0.4375
5 0.7786458328125 0.7353515625 0.7721354171875 0.71875 0.7434895828125 0.72265625 0.7291666671875 0.7333984375 0.7291666671875 0.7392578125 0.73828125 0.74609375 0.7513020828125 0.74609375 0.7786458328125 0.7353515625
5 0.5481770828125 0.587890625 0.5416666671875 0.5927734375 0.5416666671875 0.6005859375 0.5559895828125 0.607421875 0.5677083328125 0.5947265625 0.55859375 0.5859375 0.5481770828125 0.587890625
5 0.4934895828125 0.609375 0.4895833328125 0.6201171875 0.5065104171875 0.625 0.5130208328125 0.6201171875 0.5130208328125 0.6123046875 0.5065104171875 0.607421875 0.4934895828125 0.609375
5 0.8828125 0.7958984375 0.8763020828125001 0.791015625 0.8606770828125001 0.79296875 0.8567708328125001 0.7978515625 0.86328125 0.806640625 0.8684895828125001 0.80859375 0.8802083328125001 0.8037109375 0.8828125 0.7958984375
5 0.8541666671874999 0.8173828125 0.8515625 0.8271484375 0.8580729171874999 0.83203125 0.8658854171874999 0.83203125 0.8697916671874999 0.8291015625 0.8697916671874999 0.8173828125 0.8541666671874999 0.8173828125
5 0.95703125 0.4140625 0.96875 0.4013671875 0.96875 0.3916015625 0.95703125 0.388671875 0.9440104171874999 0.390625 0.9322916671874999 0.3994140625 0.9322916671874999 0.4072265625 0.9440104171874999 0.4140625 0.95703125 0.4140625
5 0.9505208328125001 0.4775390625 0.9309895828125001 0.470703125 0.9244791671874999 0.4736328125 0.9244791671874999 0.4853515625 0.94140625 0.498046875 0.9518229171874999 0.49609375 0.9557291671874999 0.4873046875 0.9505208328125001 0.4775390625
5 0.90625 0.0595703125 0.8997395828125001 0.0546875 0.88671875 0.0546875 0.8854166671874999 0.0673828125 0.8919270828125001 0.072265625 0.8997395828125001 0.072265625 0.90625 0.0673828125 0.90625 0.0595703125
5 1 0.6123046875 0.99609375 0.609375 0.97265625 0.611328125 0.953125 0.6259765625 0.9401041671874999 0.6572265625 0.9401041671874999 0.6708984375 0.9622395828125001 0.701171875 0.99609375 0.705078125 1 0.6982421875 1 0.6123046875
5 0.99609375 0.6953125 0.9518229171874999 0.6875 0.9322916671874999 0.7001953125 0.9296875 0.7236328125 0.94140625 0.732421875 0.9856770828125001 0.736328125 0.9947916671874999 0.7314453125 0.99609375 0.6953125