5 0.9773654953124999 0.8669458125 0.9822594421874999 0.8540992015625 0.9798124687499999 0.8417113984375 0.9700245750000001 0.834829284375 0.95840145 0.8320764390625 0.9437196078125 0.8352880921875 0.9339317140625001 0.84492305 0.9333199703125 0.8586872781249999 0.941884378125 0.870157465625 0.9669658578125 0.8719926953125 0.9773654953124999 0.8669458125
5 0.9645188843750001 0.783442840625 0.9694128296875 0.7903249531250001 0.9767537515625 0.7898661453125 0.9816476984375001 0.783442840625 0.9749185203125 0.779313571875 0.9675776 0.7797723796875 0.9645188843750001 0.783442840625
5 0.95840145 0.7444442 0.963295396875 0.7513263125 0.974306778125 0.7540791578125 0.9810359546875 0.7499498906250001 0.9761420078124999 0.7439853921874999 0.9675776 0.7407737390625 0.95840145 0.7444442
5 0.9339317140625001 0.7641729234375 0.9223085890625 0.7660081546875 0.9174146421874999 0.7733490749999999 0.9186381296875 0.7806899953124999 0.931484740625 0.7829840328125 0.941884378125 0.77793715 0.940660890625 0.770137421875 0.9339317140625001 0.7641729234375
5 0.9718598046875 0.6352480046875 0.9792007249999999 0.6402948875 0.9914355921875 0.6402948875 0.9932708218749999 0.6306599296875001 0.9865416453125 0.62928350625 0.9792007249999999 0.6288246984375 0.9718598046875 0.6352480046875
5 0.7149275796875 0.7270095125 0.7167628109375 0.7182921703125 0.7118688640624999 0.71370409375 0.7026927140625 0.716915746875 0.7026927140625 0.7228802453125 0.7149275796875 0.7270095125
5 0.630872028125 0.8160763062499999 0.624469115625 0.8187175078125 0.62510940625 0.8242400203125 0.626710134375 0.8297625328124999 0.636954796875 0.8273614406249999 0.6404763984375 0.8225592562499999 0.6366346515625 0.8191977265625001 0.630872028125 0.8160763062499999
5 0.8645151703125 0.644584315625 0.8768882140625 0.6343765546875 0.8768882140625 0.618600925 0.8744136046875 0.608857153125 0.8626592140625 0.601897315625 0.8440996484375001 0.600041359375 0.8280146921875 0.60978513125 0.8280146921875 0.62602475 0.8379131265625 0.6376244796874999 0.8459556046875001 0.6473682515625 0.8645151703125 0.644584315625
5 0.360822003125 0.112807625 0.35971231875 0.10947857187500001 0.35721552968750003 0.107814046875 0.3544413203125 0.1096866375 0.3544413203125 0.11405601875 0.3552735828125 0.1173850703125 0.3583252140625 0.11655280781249999 0.36109942500000003 0.115096346875 0.360822003125 0.112807625
5 0.5217261859375 0.1021962703125 0.5217261859375 0.10448499375 0.52255845 0.10677371718749999 0.5239455546875 0.10843824375 0.52727460625 0.10906244062499999 0.5278294484375 0.1061495203125 0.524222975 0.10302853281249999 0.5217261859375 0.1021962703125
5 0.4371127796875 0.0911687859375 0.43628051718750005 0.0930413765625 0.43628051718750005 0.0961623640625 0.437667621875 0.097826890625 0.440719253125 0.0980349546875 0.44210635781249996 0.095122034375 0.44044183124999997 0.0913768515625 0.4371127796875 0.0911687859375
5 0.42768046562500006 0.07015414375 0.42407399218749997 0.0707783421875 0.4226868875 0.07306706406249999 0.42213204531250004 0.07514772187499999 0.42629335937499996 0.0768122484375 0.4296224125 0.0768122484375 0.4279578875 0.073483196875 0.42768046562500006 0.07015414375
5 0.18555388281250002 0.2657521421875 0.18539096093750002 0.261108871875 0.18294713437500001 0.26062010625 0.1814808390625 0.25854285312499997 0.1782224015625 0.25878723593749997 0.1774077921875 0.262330784375 0.1774077921875 0.26746282187500003 0.1814808390625 0.26892911875 0.18571680468750001 0.269662265625 0.18555388281250002 0.2657521421875
5 0.16274482968749998 0.277971278125 0.160952690625 0.275405259375 0.1573684109375 0.2756496421875 0.15573919218750001 0.2774825140625 0.1575313328125 0.279926340625 0.1583459421875 0.283714271875 0.16241898593749998 0.2840808453125 0.1642111265625 0.2801707234375 0.16274482968749998 0.277971278125
5 0.19027861562499998 0.3231820796875 0.1871831015625 0.3226933140625 0.184250509375 0.3225711234375 0.181969603125 0.32477056718749997 0.182132525 0.32733658593750004 0.184250509375 0.3288028828125 0.1878347890625 0.32978041406249997 0.19093030312499998 0.3262368640625 0.19027861562499998 0.3231820796875
5 0.1567167234375 0.320127296875 0.153947053125 0.3209826359375 0.1528065984375 0.322937696875 0.154598740625 0.3246483765625 0.158997628125 0.326481246875 0.16144145468749999 0.3252593328125 0.15916055 0.3222045484375 0.1567167234375 0.320127296875
5 0.151503225 0.3266034375 0.1487335546875 0.3262368640625 0.1464526484375 0.3262368640625 0.1471043359375 0.328680690625 0.1488964765625 0.33002479687499997 0.14987400625 0.3319798578125 0.15329536562499999 0.331735475 0.1541099734375 0.3294138390625 0.151503225 0.3266034375
5 0.2439409859375 0.28747165625000004 0.24207417343749998 0.28810807031249996 0.24139533281249997 0.29090828750000003 0.242753015625 0.2931993765625 0.2447895359375 0.29383578906249996 0.246316928125 0.2912901359375 0.246316928125 0.28823535312500004 0.2439409859375 0.28747165625000004
5 0.1419451453125 0.3826790875 0.13973891249999998 0.3819153921875 0.137702390625 0.380642565625 0.1348173171875 0.38216995625 0.13634470781250002 0.3859884375 0.14007833281249998 0.3870066984375 0.1417754359375 0.386370284375 0.143302828125 0.384715609375 0.1419451453125 0.3826790875
5 0.11105788750000001 0.40686279374999995 0.110039625 0.4044444234375 0.10630599999999998 0.4055899671875 0.1040997671875 0.40749920624999997 0.1039300578125 0.40991757812499996 0.1052877390625 0.4113176875 0.10868194375 0.41080855625 0.1117367265625 0.408899315625 0.11105788750000001 0.40686279374999995
5 0.10664542031249999 0.3970620296875 0.1090213640625 0.3938799625 0.10834252343749999 0.39184343906249997 0.1073242625 0.38878865625 0.1047786078125 0.387515828125 0.101893534375 0.387388546875 0.10138440312500001 0.3900614828125 0.099517590625 0.39235257031250004 0.10002672187499999 0.395916484375 0.10291179531250001 0.3970620296875 0.10664542031249999 0.3970620296875
5 0.02043263125 0.37987886875 0.0197537890625 0.37758778125000003 0.016699006250000002 0.37746049843749996 0.0158504546875 0.3786060421875 0.015001903124999999 0.3805152828125 0.016020165625 0.3811516953125 0.020772051562499998 0.381788109375 0.022808575 0.37987886875 0.02043263125 0.37987886875
5 0.0645572859375 0.36422310156250004 0.0604842421875 0.3630775578125 0.057429457812499994 0.3639685359375 0.0608236625 0.366259625 0.061163082812500005 0.3698235390625 0.062011634375 0.3703326703125 0.064726996875 0.3703326703125 0.0642178671875 0.3667687546875 0.0645572859375 0.36422310156250004
5 0.07983120625 0.3630775578125 0.0766067125 0.36345940625 0.0766067125 0.36180473125 0.07321250781250001 0.36180473125 0.07168511562499999 0.3639685359375 0.0720245359375 0.3653686453125 0.07541874062500001 0.3652413625 0.0794917859375 0.36485951562499996 0.07983120625 0.3630775578125
5 0.099517590625 0.3616774484375 0.0976507796875 0.3623138609375 0.097820490625 0.3647322328125 0.09883875156250001 0.3658777765625 0.10291179531250001 0.366259625 0.10325121562499999 0.3635866875 0.10002672187499999 0.36384125312500004 0.099517590625 0.3616774484375
5 0.07898265625 0.3702053875 0.0794917859375 0.3731328890625 0.084752803125 0.372751040625 0.0845830921875 0.3703326703125 0.08220714999999999 0.3698235390625 0.08051004687499999 0.3685507125 0.07898265625 0.3702053875
5 0.0750793203125 0.38153354375 0.07304279687500001 0.3816608265625 0.07304279687500001 0.3834427828125 0.073551928125 0.384588328125 0.07898265625 0.38407919687500003 0.08084946875 0.3825518046875 0.079152365625 0.3814062609375 0.0750793203125 0.38153354375
5 0.36805142343749997 0.46173224218750003 0.369639234375 0.4589535734375 0.3691099640625 0.45696881093749997 0.36752215312500003 0.456770334375 0.36540507187500004 0.45518252343750004 0.3622294515625 0.45557947656250003 0.36037700625 0.456571859375 0.36064164062500004 0.4583581453125 0.3635526265625 0.45875509687499993 0.3638172625 0.4609383375 0.36805142343749997 0.46173224218750003
5 0.162010990625 0.4422206359375 0.15974819375 0.445426265625 0.15673113125 0.444860565625 0.157988240625 0.44750049531249997 0.1642737859375 0.44825476093749994 0.1687993796875 0.44693479687500004 0.1667880046875 0.4429749015625 0.162010990625 0.4422206359375
5 0.133097478125 0.43298088437500004 0.131588946875 0.43166091875 0.130080415625 0.4307180875 0.12756619687499998 0.43052952031249997 0.12681193125 0.43354658281249997 0.12756619687499998 0.43769504374999996 0.131337525 0.4373179109375 0.133097478125 0.4352436796875 0.133097478125 0.43298088437500004
5 0.3025558015625 0.42920955625 0.3000415828125 0.43147235312500004 0.3012986921875 0.43411228125 0.3043157546875 0.43599794531249997 0.30783566093750003 0.43618651249999996 0.3080870828125 0.43298088437500004 0.30657855 0.42996382187500004 0.3025558015625 0.42920955625
5 0.160628009375 0.657693609375 0.15759080781249998 0.6554157093749999 0.1545536078125 0.6552086265625 0.1520686234375 0.6531378078125 0.15041196875 0.6492032515624999 0.144613675 0.6489961703125 0.1429570203125 0.6518953171875 0.145994221875 0.6570723640625 0.150688078125 0.6618352484375001 0.1531730609375 0.6649414765625 0.1531730609375 0.6680477046875 0.1495836421875 0.671153934375 0.15041196875 0.6777805546875 0.157038590625 0.68192219375 0.1639413203125 0.6846142578125 0.1686351765625 0.6839930125 0.17139626875 0.682957603125 0.17581401562500001 0.6825434390625 0.17581401562500001 0.679230128125 0.17084405 0.67819471875 0.1697396140625 0.6755026546875 0.1694635046875 0.671153934375 0.167530740625 0.6676335421874999 0.165321865625 0.6649414765625 0.161732446875 0.6614210843749999 0.160628009375 0.657693609375
5 0.11810719218750002 0.6489961703125 0.11589831875 0.6529307265625001 0.11838330156250002 0.6568652828125 0.12335326718749999 0.6566582015625 0.12362937656249999 0.65645111875 0.12362937656249999 0.6525165625 0.12280104843749999 0.6487890890625 0.11810719218750002 0.6489961703125
5 0.2415280078125 0.72540939375 0.2442890984375 0.72168191875 0.2368341515625 0.71754028125 0.22937920312500001 0.7181615265625 0.223580909375 0.7191969359375 0.22164814531250002 0.72354565625 0.222476471875 0.7276872953125 0.22882698437500001 0.7281014578125 0.2362819328125 0.728722703125 0.2415280078125 0.72540939375
5 0.20121606406249998 0.7289297859375 0.197350534375 0.728722703125 0.19320889531250002 0.7297581125 0.19458944218750002 0.73327850625 0.19403722343750002 0.73555640625 0.197902753125 0.736177653125 0.2009399546875 0.7345209968749999 0.20204439062500001 0.7330714234375 0.20121606406249998 0.7289297859375
5 0.1702918328125 0.7202323453125 0.166426303125 0.7206465093750001 0.1636652109375 0.7231314921875 0.1644935390625 0.7276872953125 0.1689112859375 0.730172278125 0.171672378125 0.7266518843750001 0.171120159375 0.72354565625 0.1702918328125 0.7202323453125
5 0.4810180203125 0.7058040796875 0.48006283906249997 0.7000729906250001 0.4806996265625 0.69338671875 0.47783408125 0.6902823796875001 0.46891905312500004 0.687894425 0.4647799328125 0.691953946875 0.467008690625 0.6926703328125 0.46637190312500004 0.6976850375 0.467963871875 0.701744559375 0.4730581734375 0.7041325125 0.4810180203125 0.7058040796875
5 0.46324954687500003 0.4568015703125 0.46743201718750005 0.45941561562500005 0.47196302812499996 0.4599384234375 0.47161448906250003 0.4554945484375 0.46743201718750005 0.4528805046875 0.461855390625 0.4531419078125 0.46324954687500003 0.4568015703125
5 0.6653645828125 0.77734375 0.6614583328125 0.7822265625 0.6705729171875 0.7890625 0.68359375 0.794921875 0.7083333328125 0.7939453125 0.7109375 0.7802734375 0.70703125 0.77734375 0.69140625 0.7734375 0.6770833328125 0.7744140625 0.6653645828125 0.77734375