5 0.0208333328125 0.3740234375 0.0234375 0.3720703125 0.0208333328125 0.3505859375 0.009114582812499999 0.34765625 0.0052083328125 0.3525390625 0.0078125 0.3740234375 0.0208333328125 0.3740234375
5 0.7552083328125 0.5185546875 0.74609375 0.5078125 0.7356770828125 0.505859375 0.7239583328125 0.5146484375 0.7239583328125 0.5185546875 0.73046875 0.52734375 0.7447916671875 0.5283203125 0.7526041671875 0.5244140625 0.7552083328125 0.5185546875
5 0.3880208328125 0.9736328125 0.3919270828125 0.98046875 0.4010416671875 0.9794921875 0.40234375 0.970703125 0.3971354171875 0.96875 0.3880208328125 0.9736328125
5 0.5651041671875 0.9990234375 0.55859375 0.9921875 0.5455729171875 0.986328125 0.52734375 0.986328125 0.515625 0.9970703125 0.5169270828125 1 0.5651041671875 0.9990234375
5 0.5546875 0.9345703125 0.5598958328125 0.9267578125 0.5455729171875 0.921875 0.5416666671875 0.9248046875 0.5416666671875 0.9326171875 0.5455729171875 0.935546875 0.5546875 0.9345703125
5 0.3059895828125 0.642578125 0.28125 0.6611328125 0.2981770828125 0.671875 0.3125 0.6708984375 0.3203125 0.6669921875 0.3229166671875 0.6513671875 0.31640625 0.64453125 0.3059895828125 0.642578125
5 0.26171875 0.615234375 0.23958333281250002 0.6298828125 0.24609375 0.640625 0.2630208328125 0.6416015625 0.2760416671875 0.6396484375 0.2760416671875 0.6220703125 0.2669270828125 0.615234375 0.26171875 0.615234375
5 0.4947916671875 0.5322265625 0.4947916671875 0.5380859375 0.50390625 0.544921875 0.5208333328125 0.5439453125 0.53125 0.5380859375 0.5299479171875 0.529296875 0.5013020828125 0.52734375 0.4947916671875 0.5322265625
5 0.5338541671875 0.4677734375 0.52734375 0.462890625 0.51953125 0.462890625 0.5104166671875 0.4697265625 0.5104166671875 0.4755859375 0.5169270828125 0.48046875 0.5286458328125 0.4794921875 0.5338541671875 0.4755859375 0.5338541671875 0.4677734375
5 0.7421875 0.9833984375 0.7708333328125 0.9599609375 0.7734375 0.9404296875 0.7643229171875 0.927734375 0.7591145828125 0.9296875 0.73828125 0.927734375 0.6979166671875 0.9580078125 0.6979166671875 0.9716796875 0.7122395828125 0.982421875 0.7421875 0.9833984375
5 0.24739583281250002 0.9189453125 0.2565104171875 0.919921875 0.2591145828125 0.923828125 0.265625 0.9228515625 0.2682291671875 0.9111328125 0.2565104171875 0.904296875 0.24739583281250002 0.9111328125 0.24739583281250002 0.9189453125
5 0.21614583281250002 0.8583984375 0.20963541718749998 0.8515625 0.1940104171875 0.845703125 0.1744791671875 0.8583984375 0.171875 0.8662109375 0.18359375 0.873046875 0.20572916718749998 0.8720703125 0.21354166718749998 0.8662109375 0.21614583281250002 0.8583984375
5 0.1419270828125 0.80859375 0.1315104171875 0.8046875 0.1145833328125 0.8056640625 0.1145833328125 0.8095703125 0.1263020828125 0.814453125 0.1341145828125 0.822265625 0.1536458328125 0.8232421875 0.1536458328125 0.8173828125 0.1419270828125 0.80859375
5 0.23567708281250002 0.421875 0.22005208281250002 0.421875 0.20572916718749998 0.4267578125 0.20572916718749998 0.4384765625 0.21223958281250002 0.443359375 0.22526041718749998 0.439453125 0.23567708281250002 0.439453125 0.24088541718749998 0.443359375 0.2552083328125 0.4423828125 0.2630208328125 0.4384765625 0.2630208328125 0.4306640625 0.2591145828125 0.427734375 0.24088541718749998 0.42578125 0.23567708281250002 0.421875
5 0.1901041671875 0.3056640625 0.1770833328125 0.3310546875 0.1822916671875 0.3427734375 0.1888020828125 0.34765625 0.20572916718749998 0.3466796875 0.21614583281250002 0.3349609375 0.21614583281250002 0.3232421875 0.2109375 0.3193359375 0.21354166718749998 0.3115234375 0.20833333281250002 0.3037109375 0.19921875 0.30078125 0.1901041671875 0.3056640625
5 0.2994791671875 0.3232421875 0.2955729171875 0.3125 0.2799479171875 0.3125 0.26171875 0.322265625 0.2526041671875 0.3310546875 0.2552083328125 0.3330078125 0.2526041671875 0.3466796875 0.2578125 0.3505859375 0.2552083328125 0.3759765625 0.2643229171875 0.380859375 0.2838541671875 0.3798828125 0.296875 0.3662109375 0.2942708328125 0.3408203125 0.2994791671875 0.3330078125 0.2994791671875 0.3232421875
5 0.265625 0.0595703125 0.2591145828125 0.0546875 0.24609375 0.052734375 0.24348958281250002 0.0546875 0.22786458281250002 0.044921875 0.20442708281250002 0.044921875 0.1927083328125 0.0498046875 0.1901041671875 0.0673828125 0.20182291718749998 0.078125 0.21744791718749998 0.080078125 0.23828125 0.076171875 0.24869791718749998 0.080078125 0.2552083328125 0.0791015625 0.265625 0.0732421875 0.2682291671875 0.0673828125 0.265625 0.0595703125
5 0.1822916671875 0.1689453125 0.1796875 0.1611328125 0.16796875 0.15625 0.1588541671875 0.1630859375 0.15625 0.1708984375 0.16015625 0.177734375 0.1744791671875 0.1767578125 0.1796875 0.1748046875 0.1822916671875 0.1689453125
5 0.1145833328125 0.2177734375 0.1236979171875 0.21484375 0.1276041671875 0.2099609375 0.1276041671875 0.1962890625 0.12109375 0.193359375 0.10546875 0.193359375 0.09895833281250001 0.1962890625 0.09895833281250001 0.2119140625 0.1028645828125 0.216796875 0.1145833328125 0.2177734375
5 0.1484375 0.4443359375 0.15625 0.4365234375 0.15625 0.4287109375 0.1341145828125 0.423828125 0.1276041671875 0.4287109375 0.1276041671875 0.4423828125 0.1484375 0.4443359375
5 0.1979166671875 0.3876953125 0.1940104171875 0.384765625 0.1809895828125 0.384765625 0.1744791671875 0.3896484375 0.1744791671875 0.3974609375 0.1783854171875 0.40234375 0.1901041671875 0.4013671875 0.1979166671875 0.3974609375 0.1979166671875 0.3876953125
5 0.2265625 0.5009765625 0.2265625 0.5126953125 0.23307291718749998 0.515625 0.23958333281250002 0.5146484375 0.25 0.5107421875 0.25 0.5029296875 0.23307291718749998 0.49609375 0.2265625 0.5009765625
5 0.1705729171875 0.57421875 0.1666666671875 0.5771484375 0.1705729171875 0.5859375 0.1901041671875 0.5908203125 0.1953125 0.5869140625 0.1888020828125 0.578125 0.1809895828125 0.57421875 0.1705729171875 0.57421875