5 0.4427083328125 0.3349609375 0.4427083328125 0.3232421875 0.4388020828125 0.3203125 0.4205729171875 0.310546875 0.3997395828125 0.310546875 0.3776041671875 0.3232421875 0.3776041671875 0.3349609375 0.3893229171875 0.349609375 0.4270833328125 0.3505859375 0.4375 0.3447265625 0.4427083328125 0.3349609375
5 0.7526041671875 0.1884765625 0.7578125 0.1826171875 0.75390625 0.17578125 0.73828125 0.173828125 0.7317708328125 0.1787109375 0.7356770828125 0.189453125 0.7526041671875 0.1884765625
5 0.2877604171875 0.259765625 0.2734375 0.2705078125 0.2734375 0.2763671875 0.2799479171875 0.283203125 0.2942708328125 0.2841796875 0.30078125 0.283203125 0.3098958328125 0.2744140625 0.30078125 0.26171875 0.2877604171875 0.259765625
5 0.90625 0.3076171875 0.9036458328125001 0.3115234375 0.91015625 0.31640625 0.9192708328125001 0.3154296875 0.91796875 0.306640625 0.90625 0.3076171875
5 0.8125 0.3408203125 0.8190104171874999 0.34375 0.8307291671874999 0.3427734375 0.8385416671874999 0.3349609375 0.8385416671874999 0.3291015625 0.8294270828125001 0.32421875 0.8111979171874999 0.326171875 0.8125 0.3408203125
5 0.3984375 0.3037109375 0.4010416671875 0.2939453125 0.3919270828125 0.287109375 0.3854166671875 0.2900390625 0.3828125 0.2978515625 0.3893229171875 0.3046875 0.3984375 0.3037109375
5 0.1158854171875 0.025390625 0.109375 0.0322265625 0.1158854171875 0.0390625 0.1223958328125 0.0380859375 0.125 0.0302734375 0.1158854171875 0.025390625
5 0.5182291671875 0.1982421875 0.5208333328125 0.1943359375 0.5182291671875 0.1865234375 0.5091145828125 0.185546875 0.5052083328125 0.1943359375 0.51171875 0.19921875 0.5182291671875 0.1982421875
5 0.140625 0.1220703125 0.1471354171875 0.12890625 0.15625 0.1279296875 0.1588541671875 0.1181640625 0.15234375 0.11328125 0.1471354171875 0.11328125 0.140625 0.1181640625 0.140625 0.1220703125
5 0.1484375 0.2216796875 0.1484375 0.2294921875 0.15234375 0.232421875 0.1744791671875 0.2314453125 0.1731770828125 0.2265625 0.1484375 0.2216796875
5 0.5963541671875 0.3134765625 0.5989583328125 0.3056640625 0.5846354171875 0.298828125 0.5807291671875 0.3017578125 0.5807291671875 0.3095703125 0.5872395828125 0.314453125 0.5963541671875 0.3134765625
5 0.8151041671874999 0.3642578125 0.8203125 0.3603515625 0.8177083328125001 0.3466796875 0.8294270828125001 0.345703125 0.8411458328125001 0.3330078125 0.8294270828125001 0.32421875 0.8111979171874999 0.326171875 0.8033854171874999 0.3359375 0.7955729171875 0.3359375 0.7864583328125 0.3427734375 0.7890625 0.3623046875 0.79296875 0.365234375 0.8151041671874999 0.3642578125
5 0.3684895828125 0.146484375 0.3645833328125 0.1494140625 0.3671875 0.1572265625 0.3776041671875 0.1572265625 0.3802083328125 0.1494140625 0.3684895828125 0.146484375
5 0.3385416671875 0.8056640625 0.3411458328125 0.7880859375 0.3359375 0.7783203125 0.3268229171875 0.771484375 0.3111979171875 0.763671875 0.3033854171875 0.763671875 0.2786458328125 0.7802734375 0.2760416671875 0.8017578125 0.28125 0.8095703125 0.29296875 0.81640625 0.3151041671875 0.8154296875 0.3385416671875 0.8056640625
5 0.14453125 0.072265625 0.140625 0.0751953125 0.140625 0.0830078125 0.1510416671875 0.0849609375 0.1536458328125 0.0771484375 0.14453125 0.072265625
5 0.5182291671875 0.1982421875 0.5208333328125 0.1962890625 0.5182291671875 0.1865234375 0.5091145828125 0.185546875 0.5052083328125 0.1943359375 0.51171875 0.19921875 0.5182291671875 0.1982421875
5 0.5481770828125 0.220703125 0.5442708328125 0.2275390625 0.55078125 0.232421875 0.5546875 0.2314453125 0.5598958328125 0.2236328125 0.5481770828125 0.220703125
2 0.5325520828125 0.615234375 0.5104166671875 0.6142578125 0.5104166671875 0.6259765625 0.5143229171875 0.630859375 0.5221354171875 0.634765625 0.546875 0.6376953125 0.5611979171875 0.63671875 0.5794270828125 0.62890625 0.6028645828125 0.626953125 0.6041666671875 0.6240234375 0.5950520828125 0.625 0.5846354171875 0.619140625 0.5716145828125 0.62109375 0.5598958328125 0.6142578125 0.5625 0.6123046875 0.55859375 0.609375 0.5481770828125 0.609375 0.5325520828125 0.615234375
2 0.90234375 0.56640625 0.89453125 0.56640625 0.86328125 0.580078125 0.77734375 0.60546875 0.7669270828125 0.60546875 0.7578125 0.6103515625 0.7578125 0.6142578125 0.76953125 0.619140625 0.8203125 0.6201171875 0.93359375 0.60546875 0.9986979171874999 0.61328125 1 0.5869140625 0.9856770828125001 0.580078125 0.9544270828125001 0.580078125 0.9440104171874999 0.58203125 0.9309895828125001 0.58984375 0.91796875 0.58203125 0.9075520828125001 0.58203125 0.91015625 0.578125 0.9192708328125001 0.5771484375 0.90234375 0.56640625