5 0.4049479171875 0.525390625 0.47265625 0.525390625 0.5013020828125 0.509765625 0.5130208328125 0.4990234375 0.5234375 0.4794921875 0.5234375 0.4541015625 0.515625 0.4345703125 0.5065104171875 0.42578125 0.46484375 0.40625 0.41015625 0.41015625 0.3528645828125 0.42578125 0.3463541671875 0.4306640625 0.3463541671875 0.4462890625 0.3541666671875 0.4873046875 0.3697916671875 0.5029296875 0.4049479171875 0.525390625
5 0.5885416671875 0.3701171875 0.5859375 0.3466796875 0.5768229171875 0.337890625 0.55078125 0.337890625 0.5390625 0.3447265625 0.5364583328125 0.3583984375 0.5611979171875 0.380859375 0.5690104171875 0.380859375 0.5885416671875 0.3701171875
5 0.2877604171875 0.392578125 0.2786458328125 0.3974609375 0.2760416671875 0.4091796875 0.2877604171875 0.421875 0.3151041671875 0.4111328125 0.3177083328125 0.4033203125 0.3059895828125 0.39453125 0.2877604171875 0.392578125
5 0.20963541718749998 0.501953125 0.234375 0.4951171875 0.23697916718749998 0.4853515625 0.22265625 0.474609375 0.20572916718749998 0.4775390625 0.203125 0.4951171875 0.20963541718749998 0.501953125
5 0.010416667187500001 0.5869140625 0.01953125 0.591796875 0.0377604171875 0.58984375 0.0442708328125 0.5849609375 0.0442708328125 0.5771484375 0.0338541671875 0.5615234375 0.01953125 0.556640625 0.0052083328125 0.5595703125 0.0026041671875 0.5751953125 0.010416667187500001 0.5869140625
5 0.8932291671874999 0.6240234375 0.8736979171874999 0.61328125 0.8424479171874999 0.60546875 0.8203125 0.6083984375 0.7994791671875 0.6494140625 0.796875 0.6611328125 0.8046875 0.6826171875 0.83203125 0.693359375 0.85546875 0.693359375 0.8736979171874999 0.6875 0.9088541671874999 0.6611328125 0.9088541671874999 0.6416015625 0.8932291671874999 0.6240234375
5 0.5013020828125 0.765625 0.4869791671875 0.7666015625 0.4869791671875 0.7822265625 0.5013020828125 0.79296875 0.5091145828125 0.79296875 0.5234375 0.7841796875 0.51953125 0.771484375 0.5013020828125 0.765625
5 0.4609375 0.7900390625 0.4609375 0.7841796875 0.4544270828125 0.779296875 0.4361979171875 0.779296875 0.4270833328125 0.7841796875 0.4244791671875 0.7978515625 0.43359375 0.8046875 0.4466145828125 0.8046875 0.4609375 0.7900390625
5 0.4205729171875 0.83203125 0.4075520828125 0.83203125 0.4010416671875 0.8369140625 0.4036458328125 0.8505859375 0.4231770828125 0.8515625 0.4322916671875 0.8427734375 0.4296875 0.8369140625 0.4205729171875 0.83203125
5 0.62890625 0.94140625 0.6067708328125 0.9462890625 0.6041666671875 0.9541015625 0.61328125 0.9609375 0.62890625 0.9609375 0.6380208328125 0.9521484375 0.6380208328125 0.9462890625 0.62890625 0.94140625
5 0.72265625 0.99609375 0.7395833328125 0.9853515625 0.7395833328125 0.9697265625 0.7330729171875 0.96484375 0.7018229171875 0.958984375 0.6875 0.9697265625 0.6901041671875 0.9833984375 0.7018229171875 0.994140625 0.72265625 0.99609375
5 0.6315104171875 0.8203125 0.6223958328125 0.8251953125 0.62109375 0.837890625 0.63671875 0.83984375 0.6432291671875 0.8369140625 0.6432291671875 0.8251953125 0.6393229171875 0.822265625 0.6315104171875 0.8203125
5 0.96875 0.9990234375 0.9765625 0.9697265625 0.96875 0.9404296875 0.9309895828125001 0.912109375 0.9127604171874999 0.91015625 0.87890625 0.919921875 0.8463541671874999 0.9384765625 0.8411458328125001 0.9501953125 0.83984375 1 0.96875 0.9990234375
5 0.4205729171875 0.380859375 0.4270833328125 0.3720703125 0.4244791671875 0.3564453125 0.4153645828125 0.353515625 0.4088541671875 0.3583984375 0.40625 0.3759765625 0.4205729171875 0.380859375
5 0.2942708328125 0.0732421875 0.31640625 0.087890625 0.3424479171875 0.08984375 0.3567708328125 0.0771484375 0.3645833328125 0.0556640625 0.3346354171875 0.041015625 0.3268229171875 0.041015625 0.3098958328125 0.0498046875 0.2942708328125 0.0673828125 0.2942708328125 0.0732421875
5 0.34765625 0.12890625 0.3541666671875 0.1240234375 0.3515625 0.1162109375 0.3359375 0.0966796875 0.3307291671875 0.0966796875 0.3307291671875 0.1162109375 0.34765625 0.12890625
5 0.0013020828125 0.177734375 0.0286458328125 0.1689453125 0.0338541671875 0.1435546875 0.02734375 0.126953125 0.00390625 0.126953125 0 0.1298828125 0.0013020828125 0.177734375
5 0 0.2978515625 0.006510417187500001 0.30078125 0.0325520828125 0.30078125 0.06640625 0.291015625 0.0859375 0.2685546875 0.078125 0.2509765625 0.05859375 0.2421875 0.0455729171875 0.2421875 0.0052083328125 0.2529296875 0 0.2587890625 0 0.2978515625
5 0.006510417187500001 0.384765625 0.0403645828125 0.39453125 0.07421875 0.39453125 0.1119791671875 0.3583984375 0.1119791671875 0.3115234375 0.08984375 0.296875 0.07421875 0.294921875 0.0013020828125 0.30078125 0 0.3779296875 0.006510417187500001 0.384765625