5 0.93359375 0.052734375 0.9244791671874999 0.0595703125 0.9244791671874999 0.0732421875 0.9388020828125001 0.08203125 0.953125 0.0810546875 0.9609375 0.0732421875 0.9583333328125001 0.0615234375 0.9466145828125001 0.052734375 0.93359375 0.052734375
5 0.24609375 0.20703125 0.23177083281250002 0.2158203125 0.23177083281250002 0.2314453125 0.24088541718749998 0.2421875 0.24739583281250002 0.2412109375 0.2630208328125 0.2294921875 0.265625 0.2177734375 0.2591145828125 0.20703125 0.24609375 0.20703125
5 0.6575520828125 0.64453125 0.6484375 0.6494140625 0.6432291671875 0.6611328125 0.65234375 0.669921875 0.6692708328125 0.6708984375 0.6770833328125 0.6650390625 0.6796875 0.6572265625 0.6705729171875 0.646484375 0.6575520828125 0.64453125
5 0.1341145828125 0.119140625 0.1223958328125 0.1279296875 0.1223958328125 0.1455078125 0.12890625 0.1484375 0.1484375 0.1474609375 0.1536458328125 0.1396484375 0.1536458328125 0.1279296875 0.1471354171875 0.12109375 0.1341145828125 0.119140625
5 0.3567708328125 0.8427734375 0.3619791671875 0.8388671875 0.3619791671875 0.8271484375 0.3450520828125 0.82421875 0.3411458328125 0.8349609375 0.3502604171875 0.84375 0.3567708328125 0.8427734375
5 0.2630208328125 0.7412109375 0.2513020828125 0.728515625 0.24088541718749998 0.724609375 0.23046875 0.724609375 0.21614583281250002 0.7373046875 0.2109375 0.7529296875 0.21484375 0.7578125 0.23046875 0.763671875 0.24739583281250002 0.7626953125 0.2604166671875 0.7548828125 0.2630208328125 0.7412109375
5 0.328125 0.1025390625 0.3333333328125 0.0947265625 0.3333333328125 0.0810546875 0.32421875 0.068359375 0.3033854171875 0.06640625 0.2838541671875 0.0810546875 0.2838541671875 0.0966796875 0.2955729171875 0.107421875 0.3125 0.1083984375 0.3216145828125 0.107421875 0.328125 0.1025390625
5 0.22135416718749998 0.2900390625 0.23046875 0.302734375 0.2421875 0.3037109375 0.2552083328125 0.2978515625 0.2578125 0.2880859375 0.24609375 0.28125 0.23307291718749998 0.279296875 0.22135416718749998 0.2900390625
5 0.7734375 0.4345703125 0.7747395828125 0.4140625 0.7513020828125 0.416015625 0.7317708328125 0.4345703125 0.7317708328125 0.4541015625 0.73828125 0.4609375 0.7447916671875 0.4619140625 0.7565104171875 0.4609375 0.7630208328125 0.4560546875 0.7734375 0.4345703125
4 0.578125 0.2529296875 0.5911458328125 0.2451171875 0.5872395828125 0.236328125 0.5716145828125 0.236328125 0.5677083328125 0.2392578125 0.5703125 0.2509765625 0.578125 0.2529296875
5 0.9114583328125001 0.2119140625 0.9088541671874999 0.2041015625 0.8971354171874999 0.1953125 0.8919270828125001 0.1953125 0.8828125 0.2021484375 0.8802083328125001 0.2099609375 0.8802083328125001 0.2275390625 0.8841145828125001 0.23046875 0.8932291671874999 0.2294921875 0.9036458328125001 0.2255859375 0.9114583328125001 0.2119140625
5 0.6666666671875 0.7255859375 0.6497395828125 0.7109375 0.64453125 0.7109375 0.6328125 0.7255859375 0.6328125 0.7431640625 0.63671875 0.74609375 0.6510416671875 0.7451171875 0.6614583328125 0.7412109375 0.6666666671875 0.7333984375 0.6666666671875 0.7255859375
5 0.24739583281250002 0.1240234375 0.24739583281250002 0.1376953125 0.2552083328125 0.1396484375 0.2682291671875 0.1279296875 0.2682291671875 0.1220703125 0.2591145828125 0.1171875 0.2513020828125 0.119140625 0.24739583281250002 0.1240234375
4 0.5377604171875 0.71484375 0.5260416671875 0.7216796875 0.5260416671875 0.7314453125 0.5325520828125 0.734375 0.5416666671875 0.7333984375 0.5494791671875 0.7294921875 0.5520833328125 0.7236328125 0.5455729171875 0.716796875 0.5377604171875 0.71484375
5 0.2552083328125 0.5029296875 0.2552083328125 0.5107421875 0.2708333328125 0.5146484375 0.2838541671875 0.5029296875 0.2838541671875 0.4990234375 0.27734375 0.49609375 0.2643229171875 0.49609375 0.2552083328125 0.5029296875
5 0.1197916671875 0.8876953125 0.1236979171875 0.892578125 0.1354166671875 0.8916015625 0.1458333328125 0.8837890625 0.1458333328125 0.8720703125 0.1419270828125 0.8671875 0.1302083328125 0.8701171875 0.1197916671875 0.8876953125
5 0.234375 0.1689453125 0.24739583281250002 0.1552734375 0.24348958281250002 0.146484375 0.23697916718749998 0.1494140625 0.23177083281250002 0.1572265625 0.22916666718749998 0.1669921875 0.234375 0.1689453125
5 0.5807291671875 0.4541015625 0.5872395828125 0.458984375 0.59375 0.4580078125 0.5989583328125 0.4521484375 0.5989583328125 0.4443359375 0.58984375 0.439453125 0.5807291671875 0.4462890625 0.5807291671875 0.4541015625
4 0.5638020828125 0.1796875 0.5520833328125 0.1982421875 0.5559895828125 0.203125 0.5677083328125 0.2021484375 0.578125 0.1865234375 0.5638020828125 0.1796875
4 0.5455729171875 0.916015625 0.5416666671875 0.9189453125 0.5416666671875 0.9287109375 0.5481770828125 0.93359375 0.5546875 0.9326171875 0.5625 0.9267578125 0.5625 0.9208984375 0.5533854171875 0.916015625 0.5455729171875 0.916015625
5 0.1588541671875 0.7119140625 0.1614583328125 0.7021484375 0.1575520828125 0.69921875 0.1471354171875 0.69921875 0.140625 0.7041015625 0.14453125 0.7109375 0.1588541671875 0.7119140625
5 0.0455729171875 0.71484375 0.0338541671875 0.7216796875 0.0338541671875 0.7314453125 0.0403645828125 0.736328125 0.05208333281250001 0.7353515625 0.05989583281250001 0.7314453125 0.0625 0.7197265625 0.05598958281250001 0.71484375 0.0455729171875 0.71484375
5 0.1770833328125 0.6005859375 0.171875 0.6103515625 0.171875 0.6201171875 0.1809895828125 0.626953125 0.1979166671875 0.6279296875 0.20572916718749998 0.6220703125 0.20572916718749998 0.6064453125 0.1888020828125 0.595703125 0.1770833328125 0.6005859375
5 0.7513020828125 0.626953125 0.7473958328125 0.6298828125 0.7473958328125 0.6396484375 0.7578125 0.6396484375 0.7604166671875 0.6298828125 0.7513020828125 0.626953125
5 0.078125 0.7763671875 0.08463541718749999 0.78125 0.09375 0.7802734375 0.09895833281250001 0.7724609375 0.08723958281250001 0.76171875 0.07942708281250001 0.759765625 0.07291666718749999 0.7666015625 0.078125 0.7763671875
5 0.1458333328125 0.4736328125 0.15625 0.4501953125 0.1536458328125 0.4365234375 0.1419270828125 0.4296875 0.1276041671875 0.4306640625 0.1223958328125 0.4443359375 0.1067708328125 0.4521484375 0.1015625 0.4619140625 0.1015625 0.4814453125 0.10546875 0.484375 0.1276041671875 0.4833984375 0.1458333328125 0.4736328125
4 0.515625 0.4833984375 0.515625 0.4912109375 0.5286458328125 0.4951171875 0.5390625 0.4912109375 0.5390625 0.4853515625 0.5325520828125 0.48046875 0.51953125 0.48046875 0.515625 0.4833984375
4 0.5885416671875 0.3701171875 0.5989583328125 0.3642578125 0.6002604171875 0.34765625 0.58984375 0.34765625 0.5755208328125 0.3642578125 0.5768229171875 0.369140625 0.5885416671875 0.3701171875
5 0.4140625 0.7373046875 0.4205729171875 0.7421875 0.4296875 0.7412109375 0.4322916671875 0.7294921875 0.42578125 0.724609375 0.4205729171875 0.724609375 0.4140625 0.7294921875 0.4140625 0.7373046875
4 0.59375 0.2236328125 0.5963541671875 0.2138671875 0.5872395828125 0.208984375 0.5807291671875 0.2138671875 0.5807291671875 0.2197265625 0.5872395828125 0.224609375 0.59375 0.2236328125
4 0.5859375 0.2744140625 0.5911458328125 0.2705078125 0.5911458328125 0.2607421875 0.5768229171875 0.2578125 0.5677083328125 0.2666015625 0.57421875 0.2734375 0.5859375 0.2744140625
5 0.07552083281250001 0.3662109375 0.06640625 0.365234375 0.0625 0.3720703125 0.06770833281250001 0.3759765625 0.06770833281250001 0.3837890625 0.07421875 0.388671875 0.08072916718749999 0.3876953125 0.0859375 0.3837890625 0.07552083281250001 0.3720703125 0.07552083281250001 0.3662109375
5 0.0403645828125 0.84375 0.0338541671875 0.8544921875 0.0377604171875 0.857421875 0.0442708328125 0.8564453125 0.046875 0.8486328125 0.0403645828125 0.84375
4 0.5182291671875 0.8232421875 0.5247395828125 0.828125 0.5390625 0.8271484375 0.5442708328125 0.8232421875 0.5403645828125 0.814453125 0.5325520828125 0.8125 0.5208333328125 0.8173828125 0.5182291671875 0.8232421875
2 0.6067708328125 0.0400390625 0.6041666671875 0.0751953125 0.6119791671875 0.0751953125 0.6145833328125 0.0380859375 0.6119791671875 0.0205078125 0.6080729171875 0.017578125 0.6041666671875 0.0224609375 0.6067708328125 0.0400390625
5 0.421875 0.1083984375 0.4153645828125 0.103515625 0.40234375 0.103515625 0.3984375 0.1083984375 0.3984375 0.1181640625 0.40234375 0.12109375 0.4088541671875 0.1201171875 0.4153645828125 0.119140625 0.421875 0.1123046875 0.421875 0.1083984375
5 0.09244791718749999 0.15234375 0.0859375 0.1611328125 0.09505208281250001 0.166015625 0.09895833281250001 0.1650390625 0.1015625 0.1552734375 0.09244791718749999 0.15234375
5 0.69921875 0.955078125 0.6953125 0.9638671875 0.69921875 0.966796875 0.7057291671875 0.9658203125 0.7057291671875 0.9560546875 0.69921875 0.955078125
4 0.4934895828125 0 0.4869791671875 0.0048828125 0.4895833328125 0.0126953125 0.49609375 0.017578125 0.5 0.0166015625 0.515625 0.0087890625 0.51953125 0 0.4934895828125 0
5 0.390625 0.4404296875 0.4010416671875 0.4326171875 0.39453125 0.416015625 0.3854166671875 0.4228515625 0.3802083328125 0.4345703125 0.3841145828125 0.439453125 0.390625 0.4404296875
5 0.6041666671875 0.2705078125 0.6080729171875 0.2734375 0.6197916671875 0.2724609375 0.6276041671875 0.2568359375 0.6184895828125 0.248046875 0.6106770828125 0.24609375 0.6015625 0.2529296875 0.6041666671875 0.2705078125
5 0.3958333328125 0.5732421875 0.4010416671875 0.5693359375 0.4010416671875 0.5615234375 0.39453125 0.556640625 0.390625 0.5595703125 0.390625 0.5732421875 0.3958333328125 0.5732421875
5 0.1510416671875 0.7666015625 0.15625 0.7587890625 0.14453125 0.755859375 0.1432291671875 0.7626953125 0.1510416671875 0.7666015625
4 0.5651041671875 0.0986328125 0.57421875 0.1015625 0.5833333328125 0.1005859375 0.5859375 0.0888671875 0.5833333328125 0.0810546875 0.56640625 0.080078125 0.5625 0.0869140625 0.5651041671875 0.0986328125
5 0.14453125 0.27734375 0.1354166671875 0.2822265625 0.1354166671875 0.2900390625 0.1432291671875 0.2900390625 0.1484375 0.2861328125 0.14453125 0.27734375
5 0.6692708328125 0.9794921875 0.6627604171875 0.978515625 0.6510416671875 0.9990234375 0.6692708328125 0.9990234375 0.671875 0.9951171875 0.6692708328125 0.9794921875
4 0.6067708328125 0.7099609375 0.6067708328125 0.7021484375 0.6028645828125 0.69921875 0.5846354171875 0.69921875 0.5755208328125 0.7041015625 0.5729166671875 0.7099609375 0.5755208328125 0.7197265625 0.5846354171875 0.7265625 0.5911458328125 0.7255859375 0.5989583328125 0.7216796875 0.6067708328125 0.7099609375
4 0.5598958328125 0.4091796875 0.5716145828125 0.41796875 0.578125 0.4169921875 0.5833333328125 0.4111328125 0.5807291671875 0.3994140625 0.57421875 0.396484375 0.55859375 0.400390625 0.5598958328125 0.4091796875
4 0.5807291671875 0.0947265625 0.5885416671875 0.0888671875 0.5872395828125 0.0625 0.5716145828125 0.064453125 0.5625 0.0751953125 0.5651041671875 0.0947265625 0.5807291671875 0.0947265625
5 0.22916666718749998 0.5869140625 0.2421875 0.5771484375 0.2421875 0.5654296875 0.23567708281250002 0.560546875 0.22135416718749998 0.5693359375 0.21875 0.5830078125 0.203125 0.6025390625 0.20572916718749998 0.6201171875 0.20833333281250002 0.6201171875 0.2109375 0.6103515625 0.22916666718749998 0.5869140625
5 0.109375 0.7216796875 0.1171875 0.7119140625 0.11328125 0.708984375 0.1028645828125 0.708984375 0.09895833281250001 0.7197265625 0.1028645828125 0.72265625 0.109375 0.7216796875
5 0.05338541718749999 0.5703125 0.046875 0.5771484375 0.046875 0.5947265625 0.05078125 0.59765625 0.05989583281250001 0.5966796875 0.0703125 0.5888671875 0.0703125 0.5771484375 0.06640625 0.572265625 0.05338541718749999 0.5703125
5 0.4544270828125 0.234375 0.4635416671875 0.2275390625 0.4661458328125 0.2236328125 0.4635416671875 0.2099609375 0.4388020828125 0.1953125 0.4075520828125 0.1953125 0.4036458328125 0.2041015625 0.4114583328125 0.2158203125 0.4114583328125 0.2294921875 0.42578125 0.236328125 0.4427083328125 0.2373046875 0.4544270828125 0.234375
5 0.4375 0.1533203125 0.4401041671875 0.1455078125 0.4309895828125 0.142578125 0.4270833328125 0.1513671875 0.4375 0.1533203125
4 0.4921875 0.8251953125 0.50390625 0.83203125 0.515625 0.8310546875 0.5182291671875 0.8251953125 0.5091145828125 0.818359375 0.49609375 0.818359375 0.4921875 0.8212890625 0.4921875 0.8251953125
4 0.5208333328125 0.9013671875 0.5065104171875 0.89453125 0.4934895828125 0.896484375 0.4817708328125 0.9072265625 0.484375 0.9130859375 0.5013020828125 0.923828125 0.5182291671875 0.9248046875 0.5260416671875 0.9189453125 0.5260416671875 0.9091796875 0.5208333328125 0.9013671875
4 0.5794270828125 0.8671875 0.5716145828125 0.865234375 0.5546875 0.8740234375 0.5520833328125 0.8818359375 0.5559895828125 0.888671875 0.5690104171875 0.892578125 0.5755208328125 0.8916015625 0.5885416671875 0.8837890625 0.5885416671875 0.8759765625 0.5794270828125 0.8671875
4 0.578125 0.9052734375 0.5755208328125 0.8994140625 0.5690104171875 0.892578125 0.5533854171875 0.892578125 0.546875 0.8974609375 0.5442708328125 0.9052734375 0.55078125 0.9140625 0.55859375 0.91796875 0.5677083328125 0.9169921875 0.5755208328125 0.9111328125 0.578125 0.9052734375
4 0.5989583328125 0.9189453125 0.6067708328125 0.8994140625 0.6028645828125 0.89453125 0.58984375 0.892578125 0.5755208328125 0.9111328125 0.5872395828125 0.919921875 0.5989583328125 0.9189453125
4 0.59375 0.9990234375 0.5989583328125 0.9931640625 0.5872395828125 0.98828125 0.55859375 0.98828125 0.5416666671875 0.9951171875 0.5455729171875 1 0.59375 0.9990234375
4 0.5416666671875 0.9990234375 0.5390625 0.9912109375 0.5325520828125 0.986328125 0.5143229171875 0.98828125 0.5026041671875 0.9970703125 0.50390625 1 0.5416666671875 0.9990234375
4 0.58984375 0.6328125 0.5859375 0.6357421875 0.5859375 0.6474609375 0.59375 0.6474609375 0.5989583328125 0.6357421875 0.58984375 0.6328125
5 0.6223958328125 0.3330078125 0.625 0.3291015625 0.6184895828125 0.322265625 0.61328125 0.322265625 0.6067708328125 0.3271484375 0.6106770828125 0.333984375 0.6223958328125 0.3330078125
4 0.5546875 0.1455078125 0.5677083328125 0.1279296875 0.5638020828125 0.119140625 0.5533854171875 0.12109375 0.5364583328125 0.1396484375 0.5455729171875 0.146484375 0.5546875 0.1455078125
4 0.5885416671875 0.1708984375 0.5963541671875 0.1669921875 0.5963541671875 0.1572265625 0.5924479171875 0.154296875 0.5807291671875 0.1572265625 0.5807291671875 0.1708984375 0.5885416671875 0.1708984375
5 0.16796875 0.580078125 0.1510416671875 0.5888671875 0.1171875 0.6220703125 0.1171875 0.6279296875 0.1223958328125 0.6279296875 0.1510416671875 0.6044921875 0.15625 0.5966796875 0.1666666671875 0.5908203125 0.16796875 0.580078125
5 0.08723958281250001 0.59765625 0.10546875 0.595703125 0.14453125 0.56640625 0.1536458328125 0.5634765625 0.1510416671875 0.5576171875 0.1419270828125 0.5546875 0.1002604171875 0.591796875 0.08984375 0.591796875 0.07421875 0.59765625 0.0625 0.6064453125 0.06510416718749999 0.6103515625 0.08723958281250001 0.59765625
5 0.1080729171875 0.564453125 0.1145833328125 0.5634765625 0.1432291671875 0.5283203125 0.1536458328125 0.4990234375 0.1666666671875 0.4951171875 0.1627604171875 0.4921875 0.1536458328125 0.4931640625 0.1536458328125 0.4833984375 0.1497395828125 0.48046875 0.1380208328125 0.4833984375 0.1276041671875 0.5126953125 0.1067708328125 0.5224609375 0.1041666671875 0.5615234375 0.1080729171875 0.564453125
5 0.1432291671875 0.6806640625 0.1471354171875 0.68359375 0.15625 0.6826171875 0.19921875 0.6796875 0.20572916718749998 0.6728515625 0.1861979171875 0.671875 0.1497395828125 0.67578125 0.1432291671875 0.6806640625
5 0.1809895828125 0.73828125 0.1875 0.7373046875 0.203125 0.7294921875 0.20833333281250002 0.7158203125 0.23697916718749998 0.6943359375 0.23697916718749998 0.6865234375 0.23307291718749998 0.68359375 0.22265625 0.685546875 0.21875 0.6943359375 0.21223958281250002 0.69921875 0.20182291718749998 0.701171875 0.1848958328125 0.7158203125 0.1770833328125 0.7353515625 0.1809895828125 0.73828125
5 0.1744791671875 0.8173828125 0.1809895828125 0.8203125 0.1875 0.8193359375 0.19921875 0.814453125 0.20833333281250002 0.8037109375 0.23177083281250002 0.7880859375 0.23177083281250002 0.7841796875 0.22526041718749998 0.779296875 0.21744791718749998 0.779296875 0.2109375 0.7900390625 0.1940104171875 0.802734375 0.1809895828125 0.796875 0.1744791671875 0.8017578125 0.171875 0.8056640625 0.1744791671875 0.8173828125
5 0.1458333328125 0.8486328125 0.1588541671875 0.8388671875 0.1614583328125 0.8251953125 0.171875 0.8173828125 0.1731770828125 0.798828125 0.1614583328125 0.8037109375 0.15625 0.8154296875 0.140625 0.8330078125 0.1354166671875 0.8466796875 0.1354166671875 0.8603515625 0.140625 0.8603515625 0.1458333328125 0.8486328125
5 0.1484375 0.9287109375 0.1575520828125 0.919921875 0.171875 0.9130859375 0.1848958328125 0.8955078125 0.20572916718749998 0.8798828125 0.20572916718749998 0.8662109375 0.20182291718749998 0.86328125 0.1901041671875 0.8662109375 0.1848958328125 0.8798828125 0.1536458328125 0.9091796875 0.1432291671875 0.9267578125 0.14453125 0.9296875 0.1484375 0.9287109375
5 0.05598958281250001 0.92578125 0.05989583281250001 0.9248046875 0.0703125 0.9150390625 0.0703125 0.8955078125 0.07552083281250001 0.8916015625 0.07291666718749999 0.8818359375 0.06640625 0.876953125 0.05598958281250001 0.876953125 0.046875 0.8837890625 0.0442708328125 0.8916015625 0.046875 0.9013671875 0.0442708328125 0.9130859375 0.0494791671875 0.9208984375 0.05598958281250001 0.92578125
5 0.09114583281250001 0.8896484375 0.09895833281250001 0.8857421875 0.09895833281250001 0.8818359375 0.09244791718749999 0.87890625 0.08333333281250001 0.8837890625 0.08333333281250001 0.8876953125 0.09114583281250001 0.8896484375
5 0.0455729171875 0.9375 0.0416666671875 0.9423828125 0.0416666671875 0.9541015625 0.05078125 0.962890625 0.05989583281250001 0.9638671875 0.06510416718749999 0.9619140625 0.06510416718749999 0.9501953125 0.05338541718749999 0.9375 0.0455729171875 0.9375
5 0.15234375 0.33203125 0.1197916671875 0.3427734375 0.12109375 0.345703125 0.1380208328125 0.3447265625 0.1536458328125 0.3388671875 0.15234375 0.33203125
5 0.1510416671875 0.3564453125 0.1510416671875 0.3466796875 0.14453125 0.34375 0.1380208328125 0.3486328125 0.1380208328125 0.3544921875 0.1419270828125 0.357421875 0.1510416671875 0.3564453125
5 0.15625 0.3623046875 0.1380208328125 0.3798828125 0.1588541671875 0.3798828125 0.1614583328125 0.3720703125 0.1796875 0.3623046875 0.17578125 0.34375 0.1588541671875 0.3525390625 0.15625 0.3623046875
5 0.09505208281250001 0.380859375 0.08854166718749999 0.3837890625 0.08854166718749999 0.3916015625 0.09895833281250001 0.3916015625 0.1015625 0.3837890625 0.09505208281250001 0.380859375
5 0.08333333281250001 0.4033203125 0.09114583281250001 0.3994140625 0.08984375 0.392578125 0.08203125 0.392578125 0.078125 0.3974609375 0.078125 0.4033203125 0.08333333281250001 0.4033203125
5 0.09375 0.3251953125 0.09635416718749999 0.3193359375 0.08723958281250001 0.318359375 0.0859375 0.3232421875 0.09375 0.3251953125
5 0.09765625 0.330078125 0.09375 0.3330078125 0.09375 0.3408203125 0.1041666671875 0.3408203125 0.1067708328125 0.3369140625 0.09765625 0.330078125
2 0.0703125 0.3037109375 0.08072916718749999 0.3017578125 0.1041666671875 0.2763671875 0.1328125 0.2548828125 0.1328125 0.2470703125 0.1106770828125 0.23046875 0.07682291718749999 0.234375 0.0377604171875 0.234375 0.0286458328125 0.2392578125 0.03125 0.2822265625 0.0390625 0.2939453125 0.05078125 0.302734375 0.0703125 0.3037109375
5 0.125 0.2353515625 0.1276041671875 0.2470703125 0.1380208328125 0.2490234375 0.1536458328125 0.2412109375 0.1640625 0.2255859375 0.16015625 0.21875 0.13671875 0.224609375 0.125 0.2353515625
5 0.09244791718749999 0.048828125 0.08203125 0.048828125 0.0703125 0.0556640625 0.0703125 0.0615234375 0.078125 0.0654296875 0.07942708281250001 0.0703125 0.08854166718749999 0.0712890625 0.09635416718749999 0.0634765625 0.09635416718749999 0.0517578125 0.09244791718749999 0.048828125
5 0.1315104171875 0 0.125 0.0146484375 0.109375 0.0263671875 0.11328125 0.0390625 0.1315104171875 0.037109375 0.1380208328125 0.0400390625 0.1614583328125 0.0126953125 0.1627604171875 0 0.1315104171875 0
5 0.06770833281250001 0.0830078125 0.07421875 0.087890625 0.08333333281250001 0.0869140625 0.08854166718749999 0.0830078125 0.08854166718749999 0.0751953125 0.07942708281250001 0.0703125 0.06770833281250001 0.0771484375 0.06770833281250001 0.0830078125
5 0.1067708328125 0.0224609375 0.109375 0.0126953125 0.10546875 0.009765625 0.09244791718749999 0.009765625 0.08333333281250001 0.0146484375 0.09244791718749999 0.0234375 0.1067708328125 0.0224609375
5 0.125 0.0869140625 0.1328125 0.0810546875 0.1328125 0.0712890625 0.1184895828125 0.0625 0.1145833328125 0.0849609375 0.1184895828125 0.087890625 0.125 0.0869140625
5 0.0859375 0.1103515625 0.0859375 0.1025390625 0.08203125 0.099609375 0.06901041718749999 0.099609375 0.0625 0.1064453125 0.07161458281250001 0.111328125 0.0859375 0.1103515625
5 0.3359375 0.1142578125 0.3515625 0.1005859375 0.34765625 0.09375 0.3372395828125 0.095703125 0.3203125 0.1083984375 0.3216145828125 0.115234375 0.3359375 0.1142578125
5 0.8333333328125001 0.7861328125 0.8385416671874999 0.7783203125 0.8268229171874999 0.775390625 0.8255208328125001 0.7841796875 0.8333333328125001 0.7861328125
5 0.6783854171875 0.90234375 0.671875 0.9052734375 0.671875 0.9091796875 0.6770833328125 0.9091796875 0.6822916671875 0.9052734375 0.6783854171875 0.90234375