5 0.7018229171875 0.046875 0.7135416671875 0.0458984375 0.7213541671875 0.0380859375 0.71875 0.0263671875 0.7213541671875 0.0166015625 0.71484375 0.01171875 0.7018229171875 0.009765625 0.6901041671875 0.0185546875 0.6927083328125 0.0419921875 0.7018229171875 0.046875
5 0.6432291671875 0.1650390625 0.6575520828125 0.1796875 0.6822916671875 0.1806640625 0.6927083328125 0.1728515625 0.7005208328125 0.1611328125 0.703125 0.1455078125 0.69921875 0.142578125 0.6731770828125 0.142578125 0.65234375 0.1484375 0.6432291671875 0.1552734375 0.6432291671875 0.1650390625
5 0 0.2177734375 0.015625 0.2177734375 0.0234375 0.2119140625 0.0260416671875 0.1982421875 0.0169270828125 0.193359375 0.009114582812499999 0.193359375 0 0.1962890625 0 0.2177734375
5 0.5182291671875 0.3408203125 0.5013020828125 0.328125 0.4778645828125 0.3203125 0.4544270828125 0.3203125 0.4388020828125 0.32421875 0.4114583328125 0.3427734375 0.4036458328125 0.3662109375 0.4036458328125 0.4013671875 0.3984375 0.4169921875 0.3984375 0.4326171875 0.43359375 0.458984375 0.4479166671875 0.4599609375 0.4986979171875 0.443359375 0.5052083328125 0.4384765625 0.5 0.4248046875 0.5026041671875 0.4033203125 0.5234375 0.3818359375 0.5260416671875 0.3720703125 0.5260416671875 0.3603515625 0.5182291671875 0.3408203125
5 0 0.7958984375 0.00390625 0.798828125 0.015625 0.7978515625 0.0208333328125 0.7958984375 0.0260416671875 0.7861328125 0.0169270828125 0.779296875 0.00390625 0.779296875 0 0.7822265625 0 0.7958984375
5 0.7994791671875 0.8623046875 0.7825520828125 0.857421875 0.7708333328125 0.8642578125 0.7708333328125 0.8798828125 0.7890625 0.8837890625 0.7994791671875 0.8779296875 0.7994791671875 0.8623046875
5 0.421875 0.7490234375 0.4153645828125 0.74609375 0.4010416671875 0.7568359375 0.4075520828125 0.76171875 0.4140625 0.7607421875 0.4244791671875 0.7568359375 0.421875 0.7490234375
5 0.3463541671875 0.4619140625 0.3346354171875 0.453125 0.3190104171875 0.455078125 0.3125 0.4697265625 0.3216145828125 0.470703125 0.3268229171875 0.474609375 0.3411458328125 0.4736328125 0.3463541671875 0.4619140625
5 0.203125 0.2509765625 0.20833333281250002 0.2470703125 0.20833333281250002 0.2392578125 0.19921875 0.234375 0.1888020828125 0.234375 0.1822916671875 0.2392578125 0.1822916671875 0.2470703125 0.1888020828125 0.251953125 0.203125 0.2509765625
5 0.8463541671874999 0.4501953125 0.8541666671874999 0.4443359375 0.8567708328125001 0.4365234375 0.8502604171874999 0.431640625 0.83984375 0.4296875 0.8255208328125001 0.4365234375 0.8255208328125001 0.4462890625 0.8372395828125001 0.451171875 0.8463541671874999 0.4501953125
5 0.7513020828125 0.744140625 0.7682291671875 0.7431640625 0.7786458328125 0.7314453125 0.7760416671875 0.7177734375 0.7721354171875 0.71484375 0.7591145828125 0.716796875 0.7473958328125 0.7255859375 0.7447916671875 0.7314453125 0.7447916671875 0.7392578125 0.7513020828125 0.744140625
5 0.5677083328125 0.6826171875 0.578125 0.6767578125 0.5807291671875 0.6689453125 0.5768229171875 0.6640625 0.5611979171875 0.66015625 0.5494791671875 0.6689453125 0.546875 0.6787109375 0.5533854171875 0.68359375 0.5677083328125 0.6826171875
5 0.7369791671875 0.2392578125 0.7252604171875 0.236328125 0.7135416671875 0.2431640625 0.7135416671875 0.2529296875 0.7317708328125 0.2529296875 0.7369791671875 0.2490234375 0.7369791671875 0.2392578125
5 0.22135416718749998 0.4404296875 0.22526041718749998 0.443359375 0.23697916718749998 0.4423828125 0.24869791718749998 0.439453125 0.2630208328125 0.4306640625 0.2565104171875 0.419921875 0.2513020828125 0.41796875 0.23046875 0.419921875 0.22135416718749998 0.4267578125 0.21875 0.4306640625 0.22135416718749998 0.4404296875
5 0.67578125 0.53125 0.6653645828125 0.53125 0.6588541671875 0.5361328125 0.6588541671875 0.5439453125 0.6692708328125 0.5458984375 0.6796875 0.5361328125 0.67578125 0.53125
5 0.7109375 0.2041015625 0.7174479171875 0.203125 0.7239583328125 0.1962890625 0.7239583328125 0.1884765625 0.7174479171875 0.18359375 0.7096354171875 0.18359375 0.7057291671875 0.1884765625 0.7057291671875 0.2021484375 0.7109375 0.2041015625
5 0.8333333328125001 0.5361328125 0.83984375 0.5390625 0.8541666671874999 0.5380859375 0.8736979171874999 0.53515625 0.8854166671874999 0.5263671875 0.8854166671874999 0.5205078125 0.8684895828125001 0.515625 0.8528645828125001 0.515625 0.8424479171874999 0.51953125 0.8333333328125001 0.5263671875 0.8333333328125001 0.5361328125
5 0.08333333281250001 0.2099609375 0.09375 0.2021484375 0.09114583281250001 0.1904296875 0.08463541718749999 0.185546875 0.06380208281250001 0.185546875 0.05729166718749999 0.1923828125 0.05989583281250001 0.2001953125 0.07161458281250001 0.208984375 0.08333333281250001 0.2099609375
5 0.9231770828125001 0.580078125 0.9453125 0.5810546875 0.9635416671874999 0.5712890625 0.9635416671874999 0.5654296875 0.9505208328125001 0.5517578125 0.9505208328125001 0.5478515625 0.9388020828125001 0.544921875 0.9140625 0.5595703125 0.9114583328125001 0.5712890625 0.9231770828125001 0.580078125
5 0.80078125 0.767578125 0.7916666671875 0.7783203125 0.7916666671875 0.7841796875 0.7955729171875 0.787109375 0.8151041671874999 0.7861328125 0.8177083328125001 0.7763671875 0.80078125 0.767578125
5 0.828125 0.5458984375 0.82421875 0.537109375 0.8111979171874999 0.537109375 0.8046875 0.5419921875 0.8046875 0.5498046875 0.8111979171874999 0.552734375 0.8177083328125001 0.5517578125 0.828125 0.5458984375
5 0.0442708328125 0.2412109375 0.0442708328125 0.2353515625 0.0377604171875 0.23046875 0.0247395828125 0.232421875 0.0208333328125 0.2412109375 0.0299479171875 0.248046875 0.0364583328125 0.2470703125 0.0442708328125 0.2412109375
5 0.21354166718749998 0.3583984375 0.20703125 0.3515625 0.1888020828125 0.3515625 0.1692708328125 0.3603515625 0.1692708328125 0.3642578125 0.1809895828125 0.37109375 0.1979166671875 0.3701171875 0.21354166718749998 0.3583984375
5 0.90234375 0.28125 0.9296875 0.2822265625 0.9348958328125001 0.2705078125 0.9192708328125001 0.2548828125 0.921875 0.2431640625 0.9192708328125001 0.2373046875 0.9075520828125001 0.23046875 0.8763020828125001 0.232421875 0.8802083328125001 0.2685546875 0.90234375 0.28125
5 0.1536458328125 0.4501953125 0.1536458328125 0.4404296875 0.1419270828125 0.43359375 0.1341145828125 0.43359375 0.1276041671875 0.4482421875 0.1341145828125 0.455078125 0.1432291671875 0.4541015625 0.1536458328125 0.4501953125
5 0.4609375 0.9599609375 0.4544270828125 0.955078125 0.4466145828125 0.95703125 0.4427083328125 0.9599609375 0.4427083328125 0.9677734375 0.44921875 0.97265625 0.4583333328125 0.9716796875 0.4609375 0.9599609375
5 0.25 0.2001953125 0.265625 0.2041015625 0.2708333328125 0.2021484375 0.2708333328125 0.1982421875 0.2838541671875 0.1865234375 0.2838541671875 0.1767578125 0.27734375 0.169921875 0.2643229171875 0.171875 0.2526041671875 0.1806640625 0.25 0.2001953125
5 0.05729166718749999 0.5283203125 0.06770833281250001 0.5244140625 0.0703125 0.5126953125 0.05338541718749999 0.50390625 0.0299479171875 0.5078125 0.0234375 0.5126953125 0.0247395828125 0.5234375 0.0377604171875 0.529296875 0.05729166718749999 0.5283203125
5 0.0703125 0.5966796875 0.06510416718749999 0.5771484375 0.0377604171875 0.5703125 0.0286458328125 0.5771484375 0.0338541671875 0.5986328125 0.0455729171875 0.611328125 0.0546875 0.6123046875 0.0703125 0.5966796875
5 0.0481770828125 0.658203125 0.05729166718749999 0.6591796875 0.07421875 0.658203125 0.0859375 0.6513671875 0.0859375 0.6357421875 0.07942708281250001 0.630859375 0.05598958281250001 0.630859375 0.0416666671875 0.6357421875 0.0364583328125 0.6455078125 0.0481770828125 0.658203125
5 0.4049479171875 0.859375 0.390625 0.8681640625 0.3697916671875 0.8994140625 0.3671875 0.9150390625 0.3697916671875 0.9248046875 0.3841145828125 0.94140625 0.4075520828125 0.951171875 0.4192708328125 0.9501953125 0.4453125 0.9404296875 0.4583333328125 0.9189453125 0.4557291671875 0.9033203125 0.4635416671875 0.8955078125 0.4609375 0.8720703125 0.44140625 0.859375 0.4231770828125 0.857421875 0.4049479171875 0.859375
5 0.58984375 0.830078125 0.5846354171875 0.830078125 0.5677083328125 0.8427734375 0.5716145828125 0.849609375 0.5859375 0.8486328125 0.59375 0.8408203125 0.58984375 0.830078125
5 0.6666666671875 0.9013671875 0.6744791671875 0.8955078125 0.6796875 0.8857421875 0.6731770828125 0.876953125 0.66796875 0.876953125 0.6588541671875 0.8837890625 0.6536458328125 0.8955078125 0.6575520828125 0.90234375 0.6666666671875 0.9013671875
5 0.6536458328125 0.9404296875 0.6458333328125 0.9462890625 0.6458333328125 0.9521484375 0.6223958328125 0.9697265625 0.6184895828125 1 0.7421875 0.9990234375 0.7200520828125 0.9765625 0.70703125 0.970703125 0.6731770828125 0.96875 0.6692708328125 0.9658203125 0.671875 0.9423828125 0.6653645828125 0.93359375 0.6536458328125 0.9365234375 0.6536458328125 0.9404296875
5 0.6041666671875 0.4111328125 0.5924479171875 0.400390625 0.5794270828125 0.3984375 0.5677083328125 0.4072265625 0.5625 0.4208984375 0.5690104171875 0.423828125 0.5859375 0.4228515625 0.6041666671875 0.4111328125
5 0.6380208328125 0.3662109375 0.640625 0.3798828125 0.6510416671875 0.3798828125 0.6588541671875 0.3740234375 0.66015625 0.35546875 0.6380208328125 0.3662109375
5 0.7630208328125 0.3642578125 0.765625 0.3544921875 0.7838541671875 0.3388671875 0.7825520828125 0.333984375 0.734375 0.3447265625 0.734375 0.3525390625 0.7434895828125 0.361328125 0.7513020828125 0.365234375 0.7630208328125 0.3642578125
5 0.4127604171875 0.26953125 0.4166666671875 0.2685546875 0.4270833328125 0.2626953125 0.4296875 0.2568359375 0.4231770828125 0.244140625 0.41796875 0.244140625 0.4114583328125 0.2490234375 0.40625 0.2607421875 0.40625 0.2646484375 0.4127604171875 0.26953125
5 0.4635416671875 0.3056640625 0.46875 0.3037109375 0.4713541671875 0.2978515625 0.4622395828125 0.2890625 0.44921875 0.287109375 0.4427083328125 0.2939453125 0.4453125 0.2998046875 0.4544270828125 0.306640625 0.4635416671875 0.3056640625
5 0.3463541671875 0.1474609375 0.359375 0.1435546875 0.3671875 0.1181640625 0.3606770828125 0.111328125 0.3372395828125 0.109375 0.3203125 0.1201171875 0.3203125 0.1318359375 0.33203125 0.146484375 0.3463541671875 0.1474609375
5 0.3919270828125 0.021484375 0.3802083328125 0.0263671875 0.3671875 0.0419921875 0.3671875 0.0517578125 0.3541666671875 0.0810546875 0.3541666671875 0.0947265625 0.3763020828125 0.107421875 0.4010416671875 0.1064453125 0.4361979171875 0.099609375 0.4609375 0.0751953125 0.4661458328125 0.0654296875 0.4557291671875 0.0498046875 0.4440104171875 0.044921875 0.4309895828125 0.033203125 0.4075520828125 0.021484375 0.3919270828125 0.021484375
5 0.23697916718749998 0.3857421875 0.2565104171875 0.400390625 0.2669270828125 0.404296875 0.2916666671875 0.4033203125 0.3020833328125 0.3974609375 0.3046875 0.3916015625 0.3046875 0.3701171875 0.30078125 0.3671875 0.2669270828125 0.365234375 0.25390625 0.373046875 0.23697916718749998 0.3779296875 0.23697916718749998 0.3857421875
5 0.5872395828125 0.01953125 0.5807291671875 0.0224609375 0.5833333328125 0.0458984375 0.5755208328125 0.0654296875 0.58984375 0.07421875 0.59375 0.0732421875 0.64453125 0.0625 0.6510416671875 0.0576171875 0.6536458328125 0.0537109375 0.6510416671875 0.0263671875 0.64453125 0.01953125 0.63671875 0.017578125 0.62109375 0.021484375 0.5872395828125 0.01953125
5 0.8828125 0.8759765625 0.890625 0.8564453125 0.8763020828125001 0.845703125 0.8606770828125001 0.845703125 0.8463541671874999 0.8583984375 0.8463541671874999 0.8642578125 0.8580729171874999 0.873046875 0.8736979171874999 0.876953125 0.8828125 0.8759765625
5 0.8203125 0.8291015625 0.8203125 0.8251953125 0.8111979171874999 0.818359375 0.8033854171874999 0.8203125 0.7916666671875 0.8310546875 0.7981770828125 0.83984375 0.8098958328125001 0.8388671875 0.8203125 0.8291015625
5 0.9401041671874999 0.1357421875 0.9361979171874999 0.1328125 0.89453125 0.1328125 0.8893229171874999 0.13671875 0.8815104171874999 0.13671875 0.8723958328125001 0.1435546875 0.8619791671874999 0.1669921875 0.8567708328125001 0.1943359375 0.8723958328125001 0.2021484375 0.8841145828125001 0.228515625 0.8919270828125001 0.23046875 0.91015625 0.228515625 0.9231770828125001 0.236328125 0.9322916671874999 0.2353515625 0.9479166671874999 0.2236328125 0.9479166671874999 0.2138671875 0.9661458328125001 0.1943359375 0.9635416671874999 0.1748046875 0.9583333328125001 0.1689453125 0.9635416671874999 0.1591796875 0.9427083328125001 0.1533203125 0.9401041671874999 0.1357421875