5 0.59453125 0.92578125 0.01875 0.0203125
5 0.451171875 0.2747395828125 0.458984375 0.2903645828125 0.4951171875 0.3151041671875 0.5146484375 0.3229166671875 0.5380859375 0.3229166671875 0.5478515625 0.3177083328125 0.572265625 0.27734375 0.580078125 0.23046875 0.576171875 0.19921875 0.556640625 0.16015625 0.5498046875 0.1510416671875 0.5205078125 0.1328125 0.5048828125 0.1328125 0.4736328125 0.1692708328125 0.44921875 0.20442708281250002 0.44140625 0.23307291718749998 0.451171875 0.2747395828125
5 0.7060546875 0.4296875 0.7255859375 0.4401041671875 0.7763671875 0.4427083328125 0.791015625 0.4283854171875 0.80859375 0.3971354171875 0.8203125 0.3528645828125 0.8203125 0.3268229171875 0.81640625 0.3111979171875 0.7939453125 0.2786458328125 0.7705078125 0.2786458328125 0.7099609375 0.296875 0.6982421875 0.3046875 0.68359375 0.3268229171875 0.677734375 0.34765625 0.677734375 0.3971354171875 0.7060546875 0.4296875
5 0.8056640625 0.1979166671875 0.7841796875 0.1927083328125 0.767578125 0.22005208281250002 0.767578125 0.24088541718749998 0.7880859375 0.2578125 0.7958984375 0.2604166671875 0.8115234375 0.2552083328125 0.818359375 0.24348958281250002 0.818359375 0.22005208281250002 0.8056640625 0.1979166671875
5 0.443359375 0.4153645828125 0.447265625 0.4075520828125 0.447265625 0.39453125 0.443359375 0.37890625 0.4345703125 0.3645833328125 0.4013671875 0.3723958328125 0.38671875 0.38671875 0.39453125 0.4205729171875 0.4013671875 0.4296875 0.4130859375 0.4348958328125 0.4267578125 0.4322916671875 0.443359375 0.4153645828125
5 0.318359375 0.6184895828125 0.31640625 0.6393229171875 0.3212890625 0.6458333328125 0.3349609375 0.6484375 0.33984375 0.6419270828125 0.341796875 0.6236979171875 0.3388671875 0.6145833328125 0.3271484375 0.6119791671875 0.318359375 0.6184895828125
5 0.3046875 0.53515625 0.3046875 0.5481770828125 0.3095703125 0.5520833328125 0.3193359375 0.5546875 0.326171875 0.55078125 0.33203125 0.5325520828125 0.3251953125 0.5208333328125 0.3134765625 0.5208333328125 0.3046875 0.53515625
5 0.2890625 0.46484375 0.2939453125 0.4713541671875 0.3056640625 0.4713541671875 0.310546875 0.46484375 0.310546875 0.44921875 0.2919921875 0.4453125 0.287109375 0.4518229171875 0.2890625 0.46484375
5 0.3681640625 0.7630208328125 0.3427734375 0.765625 0.3359375 0.7721354171875 0.333984375 0.7825520828125 0.3466796875 0.796875 0.3662109375 0.7994791671875 0.37890625 0.7877604171875 0.380859375 0.77734375 0.3740234375 0.765625 0.3681640625 0.7630208328125
5 0.416015625 0.7174479171875 0.416015625 0.7278645828125 0.4228515625 0.7369791671875 0.4326171875 0.7395833328125 0.439453125 0.7330729171875 0.44140625 0.71484375 0.4384765625 0.7083333328125 0.4267578125 0.7083333328125 0.416015625 0.7174479171875
5 0.439453125 0.7669270828125 0.4521484375 0.7708333328125 0.4609375 0.76171875 0.4609375 0.7565104171875 0.4541015625 0.7447916671875 0.4462890625 0.7421875 0.439453125 0.7513020828125 0.439453125 0.7669270828125
5 0.501953125 0.66015625 0.501953125 0.67578125 0.5166015625 0.6927083328125 0.5322265625 0.6927083328125 0.541015625 0.6809895828125 0.544921875 0.6653645828125 0.5322265625 0.6432291671875 0.5126953125 0.6432291671875 0.501953125 0.66015625
5 0.5615234375 0.5755208328125 0.552734375 0.5924479171875 0.5546875 0.6080729171875 0.5576171875 0.6119791671875 0.5712890625 0.6119791671875 0.58203125 0.59765625 0.58203125 0.58203125 0.5732421875 0.5755208328125 0.5615234375 0.5755208328125
5 0.193359375 0.7877604171875 0.19140625 0.8033854171874999 0.1953125 0.81640625 0.2041015625 0.8177083328125001 0.216796875 0.80859375 0.216796875 0.7877604171875 0.2119140625 0.78125 0.2021484375 0.78125 0.193359375 0.7877604171875
5 0.2216796875 0.9401041671874999 0.2373046875 0.9453125 0.24609375 0.9361979171874999 0.24609375 0.9283854171874999 0.2353515625 0.9166666671874999 0.2080078125 0.9166666671874999 0.2109375 0.9309895828125001 0.2216796875 0.9401041671874999
5 0.1044921875 0.8723958328125001 0.1142578125 0.875 0.123046875 0.8606770828125001 0.12109375 0.8528645828125001 0.1123046875 0.84375 0.1015625 0.8528645828125001 0.099609375 0.8606770828125001 0.1044921875 0.8723958328125001
5 0.080078125 0.8059895828125001 0.080078125 0.8190104171874999 0.0849609375 0.8255208328125001 0.0908203125 0.828125 0.099609375 0.81640625 0.09765625 0.8059895828125001 0.0908203125 0.7994791671875 0.0849609375 0.7994791671875 0.080078125 0.8059895828125001
5 0.0693359375 0.6458333328125 0.0888671875 0.6484375 0.091796875 0.64453125 0.08984375 0.6236979171875 0.0869140625 0.6197916671875 0.0673828125 0.6223958328125 0.0625 0.6393229171875 0.0693359375 0.6458333328125
5 0.1376953125 0.7578125 0.1513671875 0.7604166671875 0.158203125 0.7486979171875 0.15625 0.7408854171875 0.1533203125 0.7369791671875 0.1416015625 0.7369791671875 0.134765625 0.74609375 0.1376953125 0.7578125
5 0.17578125 0.9544270828125001 0.1787109375 0.9583333328125001 0.1904296875 0.9583333328125001 0.193359375 0.9544270828125001 0.1904296875 0.9322916671874999 0.1787109375 0.9322916671874999 0.173828125 0.9388020828125001 0.17578125 0.9544270828125001
5 0.15234375 0.8502604171874999 0.1572265625 0.8567708328125001 0.1650390625 0.8567708328125001 0.169921875 0.8450520828125001 0.1669921875 0.8385416671874999 0.1572265625 0.8359375 0.15234375 0.83984375 0.15234375 0.8502604171874999
5 0.2666015625 0.8333333328125001 0.271484375 0.82421875 0.2666015625 0.8098958328125001 0.2529296875 0.8125 0.248046875 0.8216145828125001 0.2568359375 0.8333333328125001 0.2666015625 0.8333333328125001
5 0.6875 0.6471354171875 0.6875 0.66015625 0.6962890625 0.6744791671875 0.7138671875 0.6770833328125 0.716796875 0.6731770828125 0.716796875 0.66015625 0.708984375 0.6419270828125 0.7001953125 0.6354166671875 0.6875 0.6471354171875
5 0.8056640625 0.5338541671875 0.80078125 0.54296875 0.802734375 0.5690104171875 0.8115234375 0.5729166671875 0.8212890625 0.5651041671875 0.828125 0.5559895828125 0.830078125 0.54296875 0.8134765625 0.53125 0.8056640625 0.5338541671875
5 0.7607421875 0.5546875 0.765625 0.5403645828125 0.7490234375 0.5286458328125 0.744140625 0.5403645828125 0.74609375 0.55078125 0.7490234375 0.5546875 0.7607421875 0.5546875
5 0.7646484375 0.9010416671874999 0.7548828125 0.8958333328125001 0.74609375 0.9049479171874999 0.74609375 0.92578125 0.7587890625 0.9661458328125001 0.7724609375 0.9661458328125001 0.77734375 0.9622395828125001 0.77734375 0.95703125 0.771484375 0.9127604171874999 0.7646484375 0.9010416671874999
5 0.3798828125 0.6822916671875 0.392578125 0.6653645828125 0.3740234375 0.65625 0.3662109375 0.6614583328125 0.361328125 0.6731770828125 0.3681640625 0.6822916671875 0.3798828125 0.6822916671875
5 0.3916015625 0.5572916671875 0.388671875 0.5638020828125 0.3916015625 0.578125 0.3994140625 0.5833333328125 0.4111328125 0.5833333328125 0.416015625 0.5768229171875 0.416015625 0.56640625 0.4111328125 0.5572916671875 0.3916015625 0.5572916671875
5 0.4501953125 0.4739583328125 0.4384765625 0.4713541671875 0.43359375 0.48046875 0.43359375 0.5091145828125 0.4462890625 0.53125 0.4658203125 0.53125 0.47265625 0.51171875 0.46875 0.4908854171875 0.4638671875 0.484375 0.4501953125 0.4739583328125
5 0.416015625 0.47265625 0.416015625 0.4986979171875 0.4189453125 0.5052083328125 0.4306640625 0.5078125 0.43359375 0.50390625 0.43359375 0.4674479171875 0.4306640625 0.4635416671875 0.4208984375 0.4635416671875 0.416015625 0.47265625
5 0.931640625 0.1653645828125 0.935546875 0.1809895828125 0.9482421875 0.20052083281250002 0.9580078125 0.203125 0.96484375 0.1966145828125 0.9609375 0.17578125 0.9521484375 0.1588541671875 0.9345703125 0.1536458328125 0.931640625 0.1653645828125
5 0.724609375 0.06380208281250001 0.724609375 0.04296875 0.7216796875 0.0390625 0.712890625 0.04296875 0.708984375 0.06640625 0.7216796875 0.06770833281250001 0.724609375 0.06380208281250001
5 0.740234375 0.06380208281250001 0.7431640625 0.06770833281250001 0.7744140625 0.06770833281250001 0.77734375 0.06380208281250001 0.7734375 0.0481770828125 0.7587890625 0.0390625 0.7451171875 0.0416666671875 0.740234375 0.06380208281250001
5 0.2900390625 0.9322916671874999 0.283203125 0.9440104171874999 0.283203125 0.9518229171874999 0.2900390625 0.9609375 0.3017578125 0.9583333328125001 0.306640625 0.9466145828125001 0.3046875 0.9309895828125001 0.2978515625 0.9270833328125001 0.2900390625 0.9322916671874999
5 0.380859375 0.90234375 0.3896484375 0.9140625 0.4052734375 0.9140625 0.408203125 0.9075520828125001 0.404296875 0.8893229171874999 0.3955078125 0.8802083328125001 0.3828125 0.88671875 0.380859375 0.90234375
5 0.5556640625 0.8515625 0.5791015625 0.8619791671874999 0.587890625 0.8502604171874999 0.587890625 0.8372395828125001 0.5791015625 0.8255208328125001 0.5498046875 0.8411458328125001 0.548828125 0.8450520828125001 0.5556640625 0.8515625