5 0.3609375 0.815625 0.025 0.0203125
5 0.28203125 0.834375 0.03125 0.0234375
5 0.9283854171874999 0.296875 0.9153645828125001 0.296875 0.8684895828125001 0.31640625 0.8567708328125001 0.3291015625 0.8541666671874999 0.3603515625 0.8645833328125001 0.3818359375 0.8971354171874999 0.404296875 0.9361979171874999 0.412109375 0.9466145828125001 0.41015625 0.9609375 0.3935546875 0.9739583328125001 0.3525390625 0.96875 0.3310546875 0.9505208328125001 0.3076171875 0.9283854171874999 0.296875
5 0.9322916671874999 0.2822265625 0.9231770828125001 0.275390625 0.90625 0.2783203125 0.9036458328125001 0.2900390625 0.91015625 0.294921875 0.9322916671874999 0.2919921875 0.9322916671874999 0.2822265625
5 0.4453125 0.2958984375 0.4544270828125 0.3046875 0.4622395828125 0.3046875 0.4713541671875 0.2958984375 0.4713541671875 0.2880859375 0.4674479171875 0.28515625 0.4518229171875 0.28515625 0.4453125 0.2900390625 0.4453125 0.2958984375
5 0.7890625 0.4365234375 0.7825520828125 0.427734375 0.7669270828125 0.4296875 0.765625 0.4345703125 0.7747395828125 0.44140625 0.7825520828125 0.44140625 0.7890625 0.4365234375
5 0.59375 0.5205078125 0.58203125 0.513671875 0.5729166671875 0.5166015625 0.5703125 0.5341796875 0.58203125 0.53515625 0.59375 0.5263671875 0.59375 0.5205078125
5 0.08984375 0.388671875 0.1002604171875 0.390625 0.109375 0.3876953125 0.1119791671875 0.3759765625 0.1080729171875 0.37109375 0.09765625 0.37109375 0.08854166718749999 0.3759765625 0.0859375 0.3857421875 0.08984375 0.388671875
5 0.1888020828125 0.58203125 0.1653645828125 0.583984375 0.1614583328125 0.5888671875 0.1588541671875 0.5947265625 0.1731770828125 0.599609375 0.1979166671875 0.5927734375 0.1888020828125 0.58203125
5 0.07291666718749999 0.6494140625 0.06901041718749999 0.646484375 0.05338541718749999 0.6484375 0.0494791671875 0.6611328125 0.05859375 0.66796875 0.06901041718749999 0.66796875 0.07291666718749999 0.6494140625
5 0 0.7275390625 0.0299479171875 0.7265625 0.03125 0.7158203125 0.01171875 0.705078125 0.006510417187500001 0.70703125 0 0.7119140625 0 0.7275390625
5 0.010416667187500001 0.8056640625 0.009114582812499999 0.82421875 0.0247395828125 0.82421875 0.0364583328125 0.8173828125 0.02734375 0.802734375 0.010416667187500001 0.8056640625
5 0.03515625 0.8984375 0.0390625 0.8955078125 0.0416666671875 0.8740234375 0.03515625 0.869140625 0.0169270828125 0.869140625 0.015625 0.8857421875 0.0299479171875 0.8984375 0.03515625 0.8984375
5 0.19140625 0.857421875 0.20052083281250002 0.8486328125 0.1979166671875 0.8388671875 0.1888020828125 0.833984375 0.1692708328125 0.8369140625 0.1692708328125 0.8505859375 0.1783854171875 0.857421875 0.19140625 0.857421875
5 0.1536458328125 0.8896484375 0.1497395828125 0.88671875 0.1354166671875 0.8896484375 0.1354166671875 0.9013671875 0.1471354171875 0.90625 0.15625 0.8955078125 0.1536458328125 0.8896484375
5 0.1002604171875 0.95703125 0.1067708328125 0.9482421875 0.1002604171875 0.9375 0.08723958281250001 0.9375 0.07552083281250001 0.9462890625 0.07291666718749999 0.9521484375 0.08463541718749999 0.958984375 0.1002604171875 0.95703125
5 0.0455729171875 0.9765625 0.06119791718749999 0.978515625 0.0703125 0.9736328125 0.07291666718749999 0.9638671875 0.06640625 0.958984375 0.05859375 0.95703125 0.046875 0.9619140625 0.0416666671875 0.9697265625 0.0455729171875 0.9765625
5 0.23177083281250002 0.9287109375 0.23828125 0.93359375 0.2513020828125 0.93359375 0.2578125 0.9287109375 0.2578125 0.9189453125 0.2513020828125 0.9140625 0.24088541718749998 0.9140625 0.23177083281250002 0.9208984375 0.23177083281250002 0.9287109375
5 0.3880208328125 0.9443359375 0.4153645828125 0.96484375 0.4440104171875 0.9609375 0.4557291671875 0.9482421875 0.4557291671875 0.9267578125 0.44921875 0.919921875 0.3919270828125 0.92578125 0.3880208328125 0.9287109375 0.3880208328125 0.9443359375
5 0.3736979171875 0.947265625 0.3828125 0.9423828125 0.3684895828125 0.93359375 0.3190104171875 0.935546875 0.3098958328125 0.9423828125 0.3072916671875 0.9501953125 0.3138020828125 0.953125 0.3736979171875 0.947265625
5 0.2890625 0.9873046875 0.2955729171875 0.990234375 0.3138020828125 0.990234375 0.328125 0.9853515625 0.328125 0.9794921875 0.31640625 0.97265625 0.29296875 0.97265625 0.2890625 0.9755859375 0.2890625 0.9873046875
5 0.7890625 0.9111328125 0.80078125 0.91796875 0.80859375 0.91796875 0.8151041671874999 0.9111328125 0.8125 0.9033203125 0.8059895828125001 0.8984375 0.7955729171875 0.8984375 0.7890625 0.9033203125 0.7890625 0.9111328125
5 0.9309895828125001 0.7109375 0.87890625 0.70703125 0.8658854171874999 0.7109375 0.8307291671874999 0.7333984375 0.8203125 0.7529296875 0.8177083328125001 0.7705078125 0.8385416671874999 0.8056640625 0.8919270828125001 0.84375 0.91796875 0.8515625 0.96484375 0.85546875 0.9830729171874999 0.853515625 0.9973958328125001 0.8427734375 1 0.7333984375 0.9934895828125001 0.7265625 0.9309895828125001 0.7109375
5 0 0.2255859375 0.01953125 0.232421875 0.0286458328125 0.2255859375 0.0286458328125 0.2177734375 0.00390625 0.2109375 0 0.2138671875 0 0.2255859375
5 0.0260416671875 0.0380859375 0.01953125 0.033203125 0.0013020828125 0.03125 0 0.0537109375 0.006510417187500001 0.05859375 0.0234375 0.0498046875 0.0260416671875 0.0380859375
5 0.5377604171875 0.4140625 0.546875 0.4052734375 0.546875 0.3935546875 0.5377604171875 0.380859375 0.53125 0.3837890625 0.5182291671875 0.4072265625 0.52734375 0.4140625 0.5377604171875 0.4140625
5 0.1184895828125 0.357421875 0.1171875 0.3681640625 0.12890625 0.37109375 0.1354166671875 0.3623046875 0.12890625 0.357421875 0.1184895828125 0.357421875
5 0.1666666671875 0.4873046875 0.1575520828125 0.478515625 0.1471354171875 0.482421875 0.1380208328125 0.4912109375 0.15234375 0.5 0.1640625 0.4931640625 0.1666666671875 0.4873046875
5 0.7721354171875 0.462890625 0.7682291671875 0.4658203125 0.7721354171875 0.4765625 0.796875 0.4736328125 0.7955729171875 0.46484375 0.7721354171875 0.462890625