4 0.9716796875 0.08333333281250001 0.9638671875 0.08333333281250001 0.9521484375 0.0703125 0.9384765625 0.06770833281250001 0.9306640625 0.07291666718749999 0.91796875 0.09505208281250001 0.9189453125 0.1197916671875 0.921875 0.16015625 0.935546875 0.1940104171875 0.9423828125 0.20052083281250002 0.9599609375 0.1979166671875 0.970703125 0.18359375 0.9765625 0.1653645828125 0.9765625 0.1393229171875 0.970703125 0.12109375 0.974609375 0.08723958281250001 0.9716796875 0.08333333281250001
5 0.822265625 0.43359375 0.822265625 0.42578125 0.8173828125 0.4192708328125 0.8115234375 0.4192708328125 0.8056640625 0.4322916671875 0.8076171875 0.4375 0.8173828125 0.4375 0.822265625 0.43359375
4 0.86328125 0.23307291718749998 0.86328125 0.22265625 0.8544921875 0.21614583281250002 0.8466796875 0.21614583281250002 0.8466796875 0.22916666718749998 0.8525390625 0.23697916718749998 0.8583984375 0.23697916718749998 0.86328125 0.23307291718749998
5 0.3291015625 0.8385416671874999 0.3369140625 0.8411458328125001 0.33984375 0.8294270828125001 0.3310546875 0.828125 0.328125 0.83203125 0.3291015625 0.8385416671874999
5 0.9072265625 0.4114583328125 0.90234375 0.41796875 0.9033203125 0.421875 0.9130859375 0.4244791671875 0.91796875 0.4153645828125 0.9150390625 0.4114583328125 0.9072265625 0.4114583328125
5 0.544921875 0.3580729171875 0.5400390625 0.3541666671875 0.5380859375 0.3619791671875 0.5419921875 0.3671875 0.544921875 0.3580729171875
4 0.841796875 0.22005208281250002 0.8310546875 0.21354166718749998 0.8232421875 0.21614583281250002 0.818359375 0.22265625 0.8193359375 0.23177083281250002 0.8369140625 0.23697916718749998 0.841796875 0.23046875 0.841796875 0.22005208281250002
4 0.9853515625 0.1979166671875 0.98046875 0.20442708281250002 0.9814453125 0.21875 0.9853515625 0.2265625 0.9990234375 0.2265625 1 0.20703125 0.9853515625 0.1979166671875
4 0.8583984375 0.23697916718749998 0.86328125 0.23307291718749998 0.86328125 0.22265625 0.8544921875 0.21614583281250002 0.8291015625 0.21354166718749998 0.818359375 0.22265625 0.8193359375 0.23177083281250002 0.8232421875 0.23697916718749998 0.8583984375 0.23697916718749998
5 0.025390625 0.55078125 0.0185546875 0.546875 0.0146484375 0.5546875 0.0205078125 0.5598958328125 0.025390625 0.55078125
5 0.3291015625 0.0625 0.32421875 0.06640625 0.3251953125 0.07291666718749999 0.33203125 0.07161458281250001 0.3291015625 0.0625
5 0.69921875 0.0169270828125 0.6923828125 0.015625 0.6923828125 0.0234375 0.69921875 0.0169270828125
2 0.6015625 0.17578125 0.603515625 0.1184895828125 0.59765625 0.1002604171875 0.6015625 0.0403645828125 0.60546875 0.0299479171875 0.6015625 0.009114582812499999 0.5927734375 0.0026041671875 0.5517578125 0 0.5439453125 0.0026041671875 0.5341796875 0 0.5166015625 0.0078125 0.509765625 0.0221354171875 0.5078125 0.03515625 0.5078125 0.05859375 0.51171875 0.08203125 0.5048828125 0.08072916718749999 0.4921875 0.09765625 0.4873046875 0.1510416671875 0.490234375 0.1861979171875 0.5 0.21223958281250002 0.5244140625 0.23958333281250002 0.5498046875 0.2552083328125 0.5771484375 0.2552083328125 0.5947265625 0.2526041671875 0.6025390625 0.24739583281250002 0.611328125 0.22265625 0.611328125 0.19921875 0.6015625 0.17578125
4 0.55859375 0.0169270828125 0.556640625 0.0013020828125 0.5283203125 0 0.521484375 0.01171875 0.5224609375 0.0390625 0.5302734375 0.0494791671875 0.5458984375 0.0494791671875 0.55859375 0.0169270828125
4 0.6787109375 0.24739583281250002 0.6904296875 0.2421875 0.69140625 0.23046875 0.6826171875 0.22135416718749998 0.6572265625 0.21875 0.654296875 0.22265625 0.6552734375 0.2421875 0.6591796875 0.24739583281250002 0.6787109375 0.24739583281250002
5 0.6318359375 0.1145833328125 0.642578125 0.1002604171875 0.64453125 0.09244791718749999 0.6396484375 0.0859375 0.6259765625 0.08854166718749999 0.6171875 0.1028645828125 0.6181640625 0.1145833328125 0.6220703125 0.1171875 0.6318359375 0.1145833328125
2 0.705078125 0.62109375 0.705078125 0.5716145828125 0.703125 0.5559895828125 0.697265625 0.54296875 0.697265625 0.5299479171875 0.6904296875 0.5208333328125 0.6826171875 0.5182291671875 0.6748046875 0.5234375 0.6591796875 0.5234375 0.6435546875 0.5286458328125 0.5888671875 0.53125 0.5634765625 0.5520833328125 0.5458984375 0.5729166671875 0.5224609375 0.5833333328125 0.5048828125 0.5963541671875 0.49609375 0.6080729171875 0.490234375 0.6497395828125 0.4912109375 0.6666666671875 0.494140625 0.6783854171875 0.5009765625 0.6848958328125 0.5400390625 0.6875 0.5693359375 0.6744791671875 0.5791015625 0.6614583328125 0.5986328125 0.6510416671875 0.6513671875 0.640625 0.6748046875 0.640625 0.6982421875 0.6328125 0.705078125 0.62109375
5 0.453125 0.8294270828125001 0.4619140625 0.8333333328125001 0.46484375 0.8294270828125001 0.466796875 0.8111979171874999 0.4599609375 0.7942708328125 0.451171875 0.7955729171875 0.4501953125 0.8125 0.453125 0.81640625 0.453125 0.8294270828125001
5 0.5439453125 0.3932291671875 0.5390625 0.3971354171875 0.5400390625 0.4036458328125 0.5439453125 0.4088541671875 0.552734375 0.3997395828125 0.5498046875 0.3932291671875 0.5439453125 0.3932291671875
5 0.3427734375 0.2786458328125 0.3603515625 0.28125 0.361328125 0.2643229171875 0.3447265625 0.2578125 0.341796875 0.26171875 0.3427734375 0.2786458328125
5 0.3662109375 0.20833333281250002 0.3544921875 0.2109375 0.3505859375 0.22395833281250002 0.3544921875 0.22916666718749998 0.3642578125 0.22395833281250002 0.369140625 0.21484375 0.3662109375 0.20833333281250002
5 0.2490234375 0.1458333328125 0.24609375 0.1497395828125 0.2470703125 0.1588541671875 0.2568359375 0.1588541671875 0.259765625 0.1471354171875 0.2568359375 0.1432291671875 0.2490234375 0.1458333328125
5 0.1669921875 0.1458333328125 0.17578125 0.1393229171875 0.17578125 0.1236979171875 0.1650390625 0.109375 0.1513671875 0.1145833328125 0.146484375 0.12109375 0.1455078125 0.1302083328125 0.1513671875 0.1458333328125 0.1669921875 0.1458333328125
5 0.185546875 0.16796875 0.1826171875 0.1640625 0.1728515625 0.1640625 0.16796875 0.1705729171875 0.1689453125 0.1822916671875 0.1787109375 0.1848958328125 0.1845703125 0.1822916671875 0.185546875 0.16796875
5 0.1728515625 0.23958333281250002 0.1826171875 0.2421875 0.189453125 0.23307291718749998 0.1806640625 0.2265625 0.171875 0.23567708281250002 0.1728515625 0.23958333281250002
5 0.1103515625 0.21875 0.1171875 0.20963541718749998 0.1171875 0.1966145828125 0.1103515625 0.1875 0.0927734375 0.1901041671875 0.087890625 0.1940104171875 0.0888671875 0.20052083281250002 0.0986328125 0.21875 0.1103515625 0.21875
5 0.1669921875 0.3776041671875 0.17578125 0.3736979171875 0.1767578125 0.359375 0.1689453125 0.359375 0.166015625 0.36328125 0.1669921875 0.3776041671875
5 0.2509765625 0.5703125 0.255859375 0.5638020828125 0.2578125 0.5533854171875 0.2548828125 0.5494791671875 0.2431640625 0.5494791671875 0.23828125 0.5559895828125 0.2373046875 0.5651041671875 0.2412109375 0.5729166671875 0.2509765625 0.5703125
5 0.3388671875 0.859375 0.333984375 0.8658854171874999 0.3349609375 0.8723958328125001 0.3369140625 0.875 0.3466796875 0.8723958328125001 0.349609375 0.8606770828125001 0.3388671875 0.859375
5 0.3779296875 0.8098958328125001 0.3701171875 0.8151041671874999 0.3701171875 0.828125 0.3798828125 0.828125 0.384765625 0.8216145828125001 0.384765625 0.8111979171874999 0.3779296875 0.8098958328125001