4 0.140625 0.1982421875 0.1432291671875 0.1923828125 0.1328125 0.1767578125 0.12890625 0.17578125 0.1223958328125 0.1787109375 0.1197916671875 0.1845703125 0.1223958328125 0.1923828125 0.1315104171875 0.19921875 0.140625 0.1982421875
4 0.1875 0.4267578125 0.18359375 0.421875 0.1783854171875 0.421875 0.1744791671875 0.4248046875 0.1744791671875 0.4326171875 0.1783854171875 0.435546875 0.1848958328125 0.4345703125 0.1875 0.4267578125
4 0.0234375 0.8857421875 0.0338541671875 0.8798828125 0.03125 0.8681640625 0.02734375 0.865234375 0.006510417187500001 0.8671875 0.0026041671875 0.8720703125 0.0026041671875 0.8818359375 0.014322917187500001 0.88671875 0.0234375 0.8857421875
5 0.8125 0.1943359375 0.8151041671874999 0.1865234375 0.80859375 0.185546875 0.8046875 0.1923828125 0.8125 0.1943359375
4 0.8541666671874999 0.8837890625 0.8541666671874999 0.8720703125 0.8424479171874999 0.87109375 0.8385416671874999 0.8740234375 0.8385416671874999 0.8837890625 0.8424479171874999 0.888671875 0.8489583328125001 0.8876953125 0.8541666671874999 0.8837890625
5 0.6263020828125 0.322265625 0.6276041671875 0.3388671875 0.6354166671875 0.3408203125 0.6380208328125 0.3271484375 0.6315104171875 0.322265625 0.6263020828125 0.322265625
5 0.8723958328125001 0.9853515625 0.875 0.9833984375 0.8658854171874999 0.978515625 0.8645833328125001 0.9833984375 0.8723958328125001 0.9853515625
4 0.1458333328125 0.2392578125 0.1354166671875 0.2216796875 0.1263020828125 0.21875 0.1145833328125 0.2294921875 0.1145833328125 0.2392578125 0.1263020828125 0.24609375 0.1354166671875 0.2451171875 0.1458333328125 0.2392578125
4 0.89453125 0.197265625 0.88671875 0.19921875 0.8776041671874999 0.2080078125 0.8815104171874999 0.212890625 0.8984375 0.2119140625 0.9010416671874999 0.2021484375 0.89453125 0.197265625
4 0.0286458328125 0.9033203125 0.0286458328125 0.8955078125 0.0221354171875 0.890625 0.00390625 0.892578125 0 0.9052734375 0.009114582812499999 0.912109375 0.0208333328125 0.9111328125 0.0286458328125 0.9033203125
4 0.1979166671875 0.9521484375 0.20833333281250002 0.9482421875 0.20833333281250002 0.9404296875 0.20052083281250002 0.9267578125 0.1888020828125 0.921875 0.1744791671875 0.9326171875 0.1744791671875 0.9443359375 0.1861979171875 0.953125 0.1979166671875 0.9521484375
4 0.009114582812499999 0.15625 0 0.1611328125 0.0026041671875 0.1845703125 0 0.2177734375 0.0052083328125 0.2177734375 0.0182291671875 0.2060546875 0.0182291671875 0.1943359375 0.010416667187500001 0.1884765625 0.02734375 0.185546875 0.0390625 0.1767578125 0.0390625 0.1650390625 0.0247395828125 0.15625 0.009114582812499999 0.15625
4 0 0.1806640625 0.01171875 0.185546875 0.0260416671875 0.1845703125 0.0390625 0.1767578125 0.0390625 0.1650390625 0.0221354171875 0.15625 0.00390625 0.158203125 0 0.1611328125 0 0.1806640625
5 0.8229166671874999 0.9931640625 0.81640625 0.982421875 0.8098958328125001 0.9873046875 0.8111979171874999 1 0.8333333328125001 0.9990234375 0.8294270828125001 0.994140625 0.8229166671874999 0.9931640625
5 0.8151041671874999 0.3369140625 0.8177083328125001 0.3330078125 0.80859375 0.330078125 0.8072916671874999 0.3369140625 0.8151041671874999 0.3369140625
5 0.8307291671874999 0.7998046875 0.82421875 0.798828125 0.8203125 0.8056640625 0.82421875 0.80859375 0.8307291671874999 0.8076171875 0.8333333328125001 0.8037109375 0.8307291671874999 0.7998046875
4 0 0.2197265625 0.0026041671875 0.2197265625 0.010416667187500001 0.2158203125 0.0182291671875 0.2060546875 0.0182291671875 0.1943359375 0.006510417187500001 0.1875 0 0.1884765625 0 0.2197265625
5 0.9609375 0.6591796875 0.9635416671874999 0.6669921875 0.9739583328125001 0.6669921875 0.9765625 0.6591796875 0.96484375 0.65625 0.9609375 0.6591796875
5 0.2838541671875 0.5224609375 0.2825520828125 0.515625 0.2734375 0.5185546875 0.27734375 0.5234375 0.2838541671875 0.5224609375
4 0.1380208328125 0.1142578125 0.1432291671875 0.1123046875 0.1458333328125 0.1064453125 0.1341145828125 0.091796875 0.1106770828125 0.087890625 0.1015625 0.0927734375 0.1041666671875 0.1064453125 0.11328125 0.11328125 0.1380208328125 0.1142578125
4 0.1614583328125 0.3779296875 0.1666666671875 0.3740234375 0.1640625 0.3603515625 0.15625 0.3486328125 0.14453125 0.341796875 0.1354166671875 0.3466796875 0.1380208328125 0.3662109375 0.1497395828125 0.375 0.1614583328125 0.3779296875
4 0.06901041718749999 0.57421875 0.05208333281250001 0.5771484375 0.05208333281250001 0.5830078125 0.05598958281250001 0.5859375 0.0625 0.5849609375 0.07291666718749999 0.5810546875 0.06901041718749999 0.57421875
4 0.1145833328125 0.4384765625 0.1236979171875 0.4453125 0.1393229171875 0.447265625 0.14453125 0.451171875 0.1536458328125 0.4501953125 0.1588541671875 0.4482421875 0.1614583328125 0.4423828125 0.1614583328125 0.4345703125 0.1536458328125 0.4189453125 0.13671875 0.41015625 0.1184895828125 0.41015625 0.1119791671875 0.4150390625 0.1145833328125 0.4384765625
4 0.1432291671875 0.6396484375 0.1497395828125 0.638671875 0.1536458328125 0.6318359375 0.14453125 0.625 0.1393229171875 0.625 0.1328125 0.6298828125 0.1328125 0.6357421875 0.1393229171875 0.640625 0.1432291671875 0.6396484375
2 0.6588541671875 0.5947265625 0.6484375 0.5537109375 0.6510416671875 0.5458984375 0.6419270828125 0.5390625 0.6458333328125 0.5458984375 0.6380208328125 0.5498046875 0.640625 0.5517578125 0.6380208328125 0.5576171875 0.6432291671875 0.5595703125 0.640625 0.5634765625 0.6432291671875 0.5732421875 0.6328125 0.5849609375 0.6354166671875 0.5986328125 0.6328125 0.6884765625 0.6354166671875 0.7099609375 0.640625 0.7197265625 0.6497395828125 0.732421875 0.6588541671875 0.7314453125 0.6640625 0.7021484375 0.6640625 0.6904296875 0.6588541671875 0.6845703125 0.6640625 0.6689453125 0.6588541671875 0.6611328125 0.6614583328125 0.6396484375 0.65625 0.6083984375 0.6588541671875 0.5947265625
5 0.7981770828125 0.541015625 0.7994791671875 0.5537109375 0.8098958328125001 0.5537109375 0.8125 0.5517578125 0.8098958328125001 0.5439453125 0.7981770828125 0.541015625
4 0 0.9267578125 0.0026041671875 0.9267578125 0.010416667187500001 0.9208984375 0.006510417187500001 0.9140625 0 0.9150390625 0 0.9267578125
4 0.1731770828125 0.44921875 0.1640625 0.4521484375 0.1640625 0.4560546875 0.1731770828125 0.462890625 0.1822916671875 0.4619140625 0.1822916671875 0.4560546875 0.1731770828125 0.44921875
4 0.01171875 0.978515625 0.0247395828125 0.984375 0.0338541671875 0.9833984375 0.0403645828125 0.982421875 0.05208333281250001 0.9716796875 0.0494791671875 0.9423828125 0.04296875 0.9375 0.03125 0.9404296875 0.0078125 0.9677734375 0.0078125 0.9755859375 0.01171875 0.978515625
4 0.1315104171875 0.31640625 0.1354166671875 0.3154296875 0.1536458328125 0.3076171875 0.1536458328125 0.2978515625 0.1419270828125 0.28515625 0.1236979171875 0.279296875 0.1171875 0.2880859375 0.1171875 0.3017578125 0.1197916671875 0.3076171875 0.1315104171875 0.31640625
4 0.1484375 0.8349609375 0.1575520828125 0.841796875 0.1744791671875 0.8408203125 0.1901041671875 0.8193359375 0.1875 0.8076171875 0.1809895828125 0.80078125 0.16015625 0.80078125 0.1432291671875 0.8115234375 0.140625 0.8154296875 0.1432291671875 0.8251953125 0.1484375 0.8349609375
4 0.203125 0.7880859375 0.20833333281250002 0.7861328125 0.20833333281250002 0.7724609375 0.20572916718749998 0.7646484375 0.1966145828125 0.76171875 0.1875 0.7685546875 0.1875 0.7802734375 0.19140625 0.787109375 0.203125 0.7880859375
4 0.16015625 0.984375 0.1848958328125 0.9853515625 0.203125 0.9775390625 0.203125 0.9677734375 0.16796875 0.953125 0.1549479171875 0.953125 0.1458333328125 0.9638671875 0.1458333328125 0.9716796875 0.1510416671875 0.9794921875 0.16015625 0.984375
4 0.1145833328125 0.6650390625 0.1119791671875 0.6748046875 0.1171875 0.6904296875 0.1419270828125 0.708984375 0.1510416671875 0.7099609375 0.1627604171875 0.708984375 0.1796875 0.7001953125 0.1822916671875 0.6767578125 0.1692708328125 0.6533203125 0.1549479171875 0.642578125 0.1393229171875 0.640625 0.125 0.6513671875 0.1145833328125 0.6650390625
4 0.1223958328125 0.3525390625 0.1276041671875 0.3486328125 0.1302083328125 0.3388671875 0.1197916671875 0.3232421875 0.1080729171875 0.3203125 0.1015625 0.3271484375 0.1015625 0.3388671875 0.1106770828125 0.3515625 0.1223958328125 0.3525390625
4 0.15234375 0.33984375 0.1614583328125 0.3388671875 0.1692708328125 0.3330078125 0.1666666671875 0.3232421875 0.16015625 0.31640625 0.1497395828125 0.314453125 0.1354166671875 0.3232421875 0.1354166671875 0.3291015625 0.1419270828125 0.3359375 0.15234375 0.33984375
4 0.03125 0.2158203125 0.0286458328125 0.2275390625 0.03515625 0.234375 0.0455729171875 0.23828125 0.07291666718749999 0.2373046875 0.08203125 0.236328125 0.08854166718749999 0.2314453125 0.08854166718749999 0.2177734375 0.08203125 0.212890625 0.06901041718749999 0.20703125 0.05338541718749999 0.205078125 0.0403645828125 0.208984375 0.03125 0.2158203125
4 0.4088541671875 0.8427734375 0.4010416671875 0.8623046875 0.4088541671875 0.8642578125 0.421875 0.8564453125 0.4296875 0.8447265625 0.4322916671875 0.8271484375 0.4205729171875 0.818359375 0.4153645828125 0.818359375 0.40625 0.8291015625 0.4140625 0.8388671875 0.4088541671875 0.8427734375
4 0.4921875 0.8720703125 0.4856770828125 0.8671875 0.4713541671875 0.8720703125 0.4752604171875 0.87890625 0.4869791671875 0.8779296875 0.4921875 0.8759765625 0.4921875 0.8720703125
5 0.6328125 0.2236328125 0.6302083328125 0.2216796875 0.6328125 0.2060546875 0.62890625 0.201171875 0.6236979171875 0.201171875 0.6119791671875 0.2080078125 0.6119791671875 0.2138671875 0.6236979171875 0.224609375 0.6328125 0.2236328125
5 0.71484375 0.8671875 0.7057291671875 0.8720703125 0.7057291671875 0.8798828125 0.7122395828125 0.8828125 0.7213541671875 0.8818359375 0.7239583328125 0.8720703125 0.71484375 0.8671875
5 0.7643229171875 0.845703125 0.7708333328125 0.8466796875 0.77734375 0.845703125 0.78125 0.8408203125 0.78125 0.8310546875 0.77734375 0.828125 0.7643229171875 0.828125 0.7604166671875 0.8310546875 0.7604166671875 0.8408203125 0.7643229171875 0.845703125
5 0.5221354171875 0.927734375 0.5091145828125 0.927734375 0.5052083328125 0.9384765625 0.5143229171875 0.943359375 0.5234375 0.9423828125 0.5260416671875 0.9306640625 0.5221354171875 0.927734375
5 0.4765625 0.9599609375 0.4622395828125 0.9609375 0.4583333328125 0.9638671875 0.4609375 0.9736328125 0.4739583328125 0.9736328125 0.4791666671875 0.9716796875 0.4765625 0.9599609375
5 0.6640625 0.1533203125 0.66796875 0.15625 0.6770833328125 0.1552734375 0.6796875 0.1474609375 0.66796875 0.14453125 0.6640625 0.1533203125
5 0.6458333328125 0.2041015625 0.65625 0.2177734375 0.66796875 0.224609375 0.6901041671875 0.2255859375 0.69921875 0.22265625 0.7109375 0.2099609375 0.7135416671875 0.1943359375 0.7096354171875 0.19140625 0.7018229171875 0.1953125 0.68359375 0.19140625 0.6627604171875 0.193359375 0.6458333328125 0.2041015625
5 0.68359375 0.193359375 0.6927083328125 0.1923828125 0.7109375 0.1904296875 0.7109375 0.1728515625 0.70703125 0.173828125 0.7018229171875 0.169921875 0.6731770828125 0.171875 0.6666666671875 0.1787109375 0.6666666671875 0.1845703125 0.68359375 0.193359375
5 0.7708333328125 0.0830078125 0.7669270828125 0.0859375 0.76171875 0.078125 0.73828125 0.080078125 0.71875 0.0986328125 0.7109375 0.1181640625 0.7083333328125 0.1669921875 0.7122395828125 0.171875 0.7317708328125 0.1728515625 0.7408854171875 0.171875 0.7486979171875 0.166015625 0.7669270828125 0.16015625 0.7786458328125 0.1513671875 0.78125 0.1083984375 0.7747395828125 0.078125 0.7682291671875 0.0810546875 0.7708333328125 0.0830078125