5 0.8515625 0.9892578125 0.8515625 0.9619140625 0.83984375 0.953125 0.8138020828125001 0.955078125 0.8046875 0.9658203125 0.8072916671874999 0.9814453125 0.8346354171874999 0.99609375 0.8515625 0.9892578125
5 0.58203125 0.810546875 0.5989583328125 0.7880859375 0.5989583328125 0.7333984375 0.5911458328125 0.7158203125 0.5768229171875 0.705078125 0.5481770828125 0.69140625 0.4934895828125 0.673828125 0.46484375 0.67578125 0.4505208328125 0.6826171875 0.4348958328125 0.7001953125 0.4375 0.7236328125 0.4609375 0.7939453125 0.47265625 0.8125 0.50390625 0.82421875 0.55078125 0.8203125 0.58203125 0.810546875
5 0.34375 0.9326171875 0.3151041671875 0.9560546875 0.296875 0.9814453125 0.2916666671875 0.9990234375 0.45703125 1 0.4557291671875 0.9775390625 0.4427083328125 0.9404296875 0.4283854171875 0.931640625 0.3815104171875 0.92578125 0.34375 0.9326171875
5 0.06119791718749999 0.89453125 0.1080729171875 0.896484375 0.1171875 0.8857421875 0.1197916671875 0.8623046875 0.1002604171875 0.84765625 0.06901041718749999 0.84765625 0.05729166718749999 0.8544921875 0.0546875 0.8837890625 0.06119791718749999 0.89453125
5 0.010416667187500001 0.8974609375 0.0221354171875 0.90625 0.03515625 0.90234375 0.0390625 0.8994140625 0.0390625 0.8857421875 0.0299479171875 0.87890625 0.01953125 0.87890625 0.013020832812499999 0.8837890625 0.010416667187500001 0.8974609375
5 0 0.7197265625 0.009114582812499999 0.724609375 0.0247395828125 0.724609375 0.046875 0.7080078125 0.0494791671875 0.7001953125 0.0390625 0.6806640625 0.02734375 0.671875 0.006510417187500001 0.666015625 0 0.6728515625 0 0.7197265625
5 0.22916666718749998 0.2880859375 0.21614583281250002 0.2685546875 0.19140625 0.25390625 0.1627604171875 0.248046875 0.1536458328125 0.2568359375 0.1432291671875 0.2978515625 0.1458333328125 0.3095703125 0.1575520828125 0.31640625 0.1617063484375 0.33779761875 0.1827876984375 0.3489583328125 0.20386904687500002 0.33407738125 0.21484375 0.31640625 0.2265625 0.3095703125 0.22916666718749998 0.2880859375
5 0.28515625 0.376953125 0.2942708328125 0.3701171875 0.2942708328125 0.3603515625 0.2877604171875 0.35546875 0.27734375 0.35546875 0.2682291671875 0.3642578125 0.2682291671875 0.3701171875 0.28515625 0.376953125
5 0.3515625 0.4853515625 0.3515625 0.4677734375 0.3450520828125 0.462890625 0.3346354171875 0.462890625 0.328125 0.4697265625 0.328125 0.4873046875 0.3424479171875 0.490234375 0.3515625 0.4853515625
5 0.48828125 0.482421875 0.5026041671875 0.4716796875 0.5 0.4599609375 0.4934895828125 0.453125 0.47265625 0.44921875 0.4635416671875 0.4755859375 0.4674479171875 0.48046875 0.48828125 0.482421875
5 0.1315104171875 0.5390625 0.14453125 0.5390625 0.1510416671875 0.5341796875 0.1536458328125 0.5302734375 0.14453125 0.517578125 0.12890625 0.517578125 0.125 0.5205078125 0.125 0.5322265625 0.1315104171875 0.5390625
5 0.015625 0.4755859375 0.03515625 0.490234375 0.05208333281250001 0.4794921875 0.05208333281250001 0.4599609375 0.03515625 0.447265625 0.014322917187500001 0.4453125 0.0078125 0.4501953125 0.0078125 0.4599609375 0.015625 0.4755859375
5 0.3372395828125 0.126953125 0.34765625 0.126953125 0.3567708328125 0.1220703125 0.359375 0.1142578125 0.3502604171875 0.107421875 0.33984375 0.10546875 0.3333333328125 0.1103515625 0.3333333328125 0.1240234375 0.3372395828125 0.126953125
5 0.3776041671875 0.0947265625 0.3802083328125 0.0712890625 0.3723958328125 0.0595703125 0.3502604171875 0.0546875 0.3359375 0.0673828125 0.3385416671875 0.0869140625 0.3658854171875 0.099609375 0.3776041671875 0.0947265625
5 0.2565104171875 0.123046875 0.2604166671875 0.1201171875 0.2604166671875 0.1064453125 0.2513020828125 0.1015625 0.234375 0.1103515625 0.234375 0.1162109375 0.24348958281250002 0.123046875 0.2565104171875 0.123046875
5 0.39453125 0.13671875 0.4036458328125 0.1298828125 0.39453125 0.12109375 0.3841145828125 0.119140625 0.375 0.1259765625 0.375 0.1337890625 0.3841145828125 0.138671875 0.39453125 0.13671875
5 0.52734375 0.19140625 0.5338541671875 0.1865234375 0.5338541671875 0.1787109375 0.5221354171875 0.171875 0.51171875 0.171875 0.5078125 0.1767578125 0.5104166671875 0.1884765625 0.52734375 0.19140625
5 0.89453125 0.060546875 0.8736979171874999 0.060546875 0.859375 0.0712890625 0.8684895828125001 0.08203125 0.8984375 0.0791015625 0.9010416671874999 0.0673828125 0.89453125 0.060546875
5 0.7526041671875 0.0419921875 0.7643229171875 0.052734375 0.7747395828125 0.05078125 0.78125 0.0458984375 0.78125 0.0341796875 0.7721354171875 0.02734375 0.7643229171875 0.02734375 0.7526041671875 0.0361328125 0.7526041671875 0.0419921875
5 0.20703125 0.208984375 0.1796875 0.2216796875 0.1744791671875 0.2392578125 0.19140625 0.244140625 0.21614583281250002 0.2275390625 0.21875 0.2138671875 0.20703125 0.208984375
5 0.0364583328125 0.3486328125 0.0416666671875 0.3642578125 0.0481770828125 0.369140625 0.05859375 0.369140625 0.06901041718749999 0.36328125 0.078125 0.3564453125 0.07552083281250001 0.3486328125 0.05598958281250001 0.337890625 0.0403645828125 0.33984375 0.0364583328125 0.3486328125
5 0.3111979171875 0.55859375 0.31640625 0.560546875 0.3372395828125 0.55078125 0.34375 0.5458984375 0.34375 0.5361328125 0.3346354171875 0.529296875 0.3125 0.5361328125 0.3072916671875 0.5478515625 0.3111979171875 0.55859375
5 0.34375 0.6923828125 0.3411458328125 0.7099609375 0.3580729171875 0.716796875 0.38671875 0.720703125 0.4010416671875 0.7099609375 0.4036458328125 0.7041015625 0.3984375 0.6884765625 0.38671875 0.6796875 0.3684895828125 0.6796875 0.34375 0.6923828125
5 0.1315104171875 0.916015625 0.1471354171875 0.919921875 0.15625 0.9130859375 0.1588541671875 0.8974609375 0.1497395828125 0.88671875 0.1341145828125 0.88671875 0.1223958328125 0.8935546875 0.1223958328125 0.9052734375 0.1315104171875 0.916015625
5 0.1848958328125 0.8876953125 0.1848958328125 0.8681640625 0.17578125 0.86328125 0.1653645828125 0.86328125 0.15625 0.8701171875 0.1536458328125 0.8857421875 0.1627604171875 0.890625 0.1848958328125 0.8876953125
5 0.203125 0.8642578125 0.21354166718749998 0.8486328125 0.21223958281250002 0.84375 0.1770833328125 0.8486328125 0.1744791671875 0.8623046875 0.1809895828125 0.8671875 0.1940104171875 0.87109375 0.203125 0.8642578125
5 0.2721354171875 0.84765625 0.2591145828125 0.84765625 0.2526041671875 0.8525390625 0.25390625 0.86328125 0.2747395828125 0.857421875 0.2760416671875 0.8505859375 0.2721354171875 0.84765625
5 0.03125 0.7958984375 0.05078125 0.810546875 0.05729166718749999 0.8056640625 0.06770833281250001 0.7958984375 0.06770833281250001 0.7880859375 0.05859375 0.779296875 0.0455729171875 0.77734375 0.03125 0.7900390625 0.03125 0.7958984375
5 0.1158854171875 0.802734375 0.1015625 0.8095703125 0.09895833281250001 0.8212890625 0.10546875 0.830078125 0.1197916671875 0.8271484375 0.125 0.8134765625 0.1158854171875 0.802734375
5 0.1080729171875 0.736328125 0.09505208281250001 0.736328125 0.08072916718749999 0.7431640625 0.1002604171875 0.763671875 0.1119791671875 0.7607421875 0.1145833328125 0.7431640625 0.1080729171875 0.736328125
5 0.20833333281250002 0.7978515625 0.2109375 0.7822265625 0.20703125 0.779296875 0.1966145828125 0.77734375 0.1822916671875 0.7841796875 0.1888020828125 0.794921875 0.19921875 0.798828125 0.20833333281250002 0.7978515625
5 0.1822916671875 0.7509765625 0.19140625 0.76171875 0.20182291718749998 0.76171875 0.20572916718749998 0.7587890625 0.20572916718749998 0.7158203125 0.20182291718749998 0.7109375 0.19140625 0.7109375 0.1822916671875 0.7177734375 0.1822916671875 0.7509765625
5 0.7447916671875 0.9443359375 0.7591145828125 0.947265625 0.765625 0.9423828125 0.7682291671875 0.9228515625 0.7565104171875 0.9140625 0.7434895828125 0.912109375 0.7369791671875 0.9169921875 0.7369791671875 0.9287109375 0.7447916671875 0.9443359375
5 0.8307291671874999 0.7958984375 0.8333333328125001 0.7783203125 0.8268229171874999 0.7734375 0.81640625 0.7734375 0.7942708328125 0.7841796875 0.7942708328125 0.7958984375 0.8059895828125001 0.802734375 0.8307291671874999 0.7958984375
5 0.890625 0.7744140625 0.8958333328125001 0.7529296875 0.88671875 0.75 0.8736979171874999 0.75390625 0.8645833328125001 0.7666015625 0.8763020828125001 0.779296875 0.8841145828125001 0.779296875 0.890625 0.7744140625
5 0.9453125 0.7607421875 0.9479166671874999 0.7451171875 0.9440104171874999 0.7421875 0.9231770828125001 0.748046875 0.9166666671874999 0.7548828125 0.9166666671874999 0.7587890625 0.9283854171874999 0.763671875 0.9453125 0.7607421875
5 0.7161458328125 0.6708984375 0.7044270828125 0.662109375 0.69140625 0.658203125 0.6848958328125 0.6904296875 0.7018229171875 0.693359375 0.7161458328125 0.6826171875 0.7161458328125 0.6708984375
5 0.6822916671875 0.7431640625 0.69140625 0.75 0.7018229171875 0.75 0.7083333328125 0.7451171875 0.7083333328125 0.7353515625 0.7018229171875 0.7265625 0.69140625 0.724609375 0.6848958328125 0.7275390625 0.6822916671875 0.7431640625
5 0.9322916671874999 0.3095703125 0.9322916671874999 0.2939453125 0.921875 0.2724609375 0.9127604171874999 0.265625 0.8971354171874999 0.259765625 0.8658854171874999 0.255859375 0.8346354171874999 0.265625 0.796875 0.2861328125 0.7864583328125 0.3271484375 0.8111979171874999 0.35546875 0.85546875 0.37109375 0.9049479171874999 0.37109375 0.9140625 0.3642578125 0.9322916671874999 0.3095703125
5 0.8815104171874999 0.453125 0.92578125 0.455078125 0.9296875 0.4462890625 0.9322916671874999 0.4345703125 0.9270833328125001 0.4248046875 0.8971354171874999 0.40625 0.8736979171874999 0.40625 0.8541666671874999 0.4208984375 0.8815104171874999 0.453125
5 1 0.1240234375 0.9934895828125001 0.119140625 0.94921875 0.1171875 0.9388020828125001 0.12109375 0.90625 0.1494140625 0.90625 0.1884765625 0.9192708328125001 0.2119140625 0.9322916671874999 0.2255859375 0.9778645828125001 0.255859375 0.9934895828125001 0.255859375 1 0.2509765625 1 0.1240234375
5 0.7044270828125 0.4140625 0.7161458328125 0.4052734375 0.69921875 0.392578125 0.6940104171875 0.392578125 0.6822916671875 0.4052734375 0.6822916671875 0.4130859375 0.6888020828125 0.416015625 0.7044270828125 0.4140625
5 0.7721354171875 0.4140625 0.7760416671875 0.4111328125 0.7760416671875 0.3896484375 0.7721354171875 0.38671875 0.75390625 0.390625 0.7473958328125 0.3955078125 0.75 0.4033203125 0.7721354171875 0.4140625
5 0.8151041671874999 0.4755859375 0.8216145828125001 0.482421875 0.8372395828125001 0.48046875 0.84375 0.4755859375 0.84375 0.4658203125 0.8372395828125001 0.4609375 0.8216145828125001 0.4609375 0.8151041671874999 0.4677734375 0.8151041671874999 0.4755859375
5 0.7916666671875 0.2587890625 0.7981770828125 0.27734375 0.8177083328125001 0.2626953125 0.8138020828125001 0.25390625 0.7981770828125 0.25390625 0.7916666671875 0.2587890625
5 0.5104166671875 0.0009765625 0.5130208328125 0.0205078125 0.5299479171875 0.02734375 0.5768229171875 0.025390625 0.5911458328125 0.0087890625 0.5924479171875 0 0.5104166671875 0.0009765625