5 0.3703125 0.04296875 0.0109375 0.0125
5 0.62265625 0.8140625 0.01875 0.0171875
5 0.6497395828125 0.951171875 0.69140625 0.94921875 0.7135416671875 0.9345703125 0.7135416671875 0.9130859375 0.6940104171875 0.90234375 0.65234375 0.90625 0.625 0.9306640625 0.6276041671875 0.9423828125 0.6497395828125 0.951171875
5 0.9427083328125001 0.7958984375 0.9674479171874999 0.80859375 0.9986979171874999 0.80859375 1 0.7587890625 0.9830729171874999 0.75390625 0.9544270828125001 0.755859375 0.9401041671874999 0.7685546875 0.9375 0.7861328125 0.9427083328125001 0.7958984375
5 0.98046875 0.97265625 0.9661458328125001 0.9853515625 0.9700520828125001 0.99609375 0.98046875 0.998046875 0.9986979171874999 0.994140625 0.9986979171874999 0.970703125 0.98046875 0.97265625
5 0.7291666671875 0.9853515625 0.73828125 0.990234375 0.7591145828125 0.990234375 0.765625 0.9853515625 0.7630208328125 0.9697265625 0.75390625 0.96484375 0.73828125 0.96484375 0.7265625 0.9755859375 0.7291666671875 0.9853515625
5 0.8528645828125001 0.9140625 0.8359375 0.9150390625 0.8359375 0.9228515625 0.8424479171874999 0.927734375 0.8541666671874999 0.9248046875 0.8567708328125001 0.9169921875 0.8528645828125001 0.9140625
5 0.91015625 0.927734375 0.9153645828125001 0.92578125 0.9166666671874999 0.9189453125 0.91015625 0.916015625 0.9010416671874999 0.9208984375 0.91015625 0.927734375
5 0.7669270828125 0.935546875 0.7578125 0.9384765625 0.76171875 0.9453125 0.7682291671875 0.9404296875 0.7669270828125 0.935546875
5 0.4596354171875 0.99609375 0.4661458328125 0.9912109375 0.4661458328125 0.9833984375 0.45703125 0.978515625 0.4479166671875 0.9833984375 0.4453125 0.9912109375 0.4518229171875 0.99609375 0.4596354171875 0.99609375
5 0.4479166671875 0.9521484375 0.4505208328125 0.9404296875 0.4466145828125 0.9375 0.4270833328125 0.9423828125 0.4270833328125 0.9482421875 0.4361979171875 0.953125 0.4440104171875 0.955078125 0.4479166671875 0.9521484375
5 0.15234375 0.95703125 0.1653645828125 0.955078125 0.171875 0.9501953125 0.1744791671875 0.9423828125 0.16796875 0.93359375 0.1471354171875 0.93359375 0.1354166671875 0.9423828125 0.1354166671875 0.9482421875 0.15234375 0.95703125
5 0.1028645828125 0.95703125 0.1067708328125 0.9462890625 0.1002604171875 0.94140625 0.08463541718749999 0.94140625 0.07552083281250001 0.9462890625 0.07552083281250001 0.9521484375 0.08203125 0.95703125 0.1028645828125 0.95703125
5 0.1041666671875 0.9423828125 0.1158854171875 0.9453125 0.1158854171875 0.939453125 0.1041666671875 0.9423828125
5 0.3893229171875 0.923828125 0.3828125 0.9306640625 0.3919270828125 0.93359375 0.3958333328125 0.9267578125 0.3893229171875 0.923828125
5 0.3033854171875 0.9453125 0.3111979171875 0.9453125 0.3125 0.9384765625 0.30859375 0.935546875 0.2994791671875 0.9404296875 0.3033854171875 0.9453125
5 0.3528645828125 0.935546875 0.3463541671875 0.9443359375 0.36328125 0.94921875 0.3645833328125 0.9404296875 0.3528645828125 0.935546875
5 0.8216145828125001 0.943359375 0.8151041671874999 0.9482421875 0.8268229171874999 0.951171875 0.8294270828125001 0.943359375 0.8216145828125001 0.943359375
5 0.9114583328125001 0.8251953125 0.9153645828125001 0.83203125 0.9231770828125001 0.830078125 0.9231770828125001 0.822265625 0.9114583328125001 0.8251953125
5 0.9986979171874999 0.677734375 0.98828125 0.677734375 0.9817708328125001 0.6826171875 0.9817708328125001 0.6904296875 0.9934895828125001 0.69140625 1 0.6865234375 0.9986979171874999 0.677734375
5 0.9830729171874999 0.734375 0.9986979171874999 0.732421875 0.9986979171874999 0.72265625 0.9765625 0.7275390625 0.9765625 0.7314453125 0.9830729171874999 0.734375
5 0.90234375 0.61328125 0.9114583328125001 0.6103515625 0.9140625 0.6025390625 0.91015625 0.599609375 0.8984375 0.6044921875 0.90234375 0.61328125
5 0.83203125 0.59375 0.8489583328125001 0.5908203125 0.8515625 0.5869140625 0.8450520828125001 0.580078125 0.828125 0.5869140625 0.83203125 0.59375
5 0.7799479171875 0.5703125 0.7903645828125 0.572265625 0.7942708328125 0.5634765625 0.7825520828125 0.55859375 0.7760416671875 0.5654296875 0.7799479171875 0.5703125
5 0.7643229171875 0.54296875 0.7721354171875 0.54296875 0.7760416671875 0.5322265625 0.7669270828125 0.53125 0.7604166671875 0.5380859375 0.7643229171875 0.54296875
5 0.6875 0.4990234375 0.69140625 0.505859375 0.69921875 0.505859375 0.7018229171875 0.498046875 0.6875 0.4990234375
5 0.69140625 0.548828125 0.6927083328125 0.5419921875 0.6888020828125 0.5390625 0.6705729171875 0.537109375 0.6666666671875 0.5400390625 0.6666666671875 0.5439453125 0.6783854171875 0.55078125 0.69140625 0.548828125
5 0.5924479171875 0.537109375 0.6028645828125 0.5390625 0.6067708328125 0.5361328125 0.6028645828125 0.529296875 0.5911458328125 0.5322265625 0.5924479171875 0.537109375
5 0.5638020828125 0.53125 0.5768229171875 0.529296875 0.578125 0.5224609375 0.57421875 0.51953125 0.5625 0.5244140625 0.5638020828125 0.53125
5 0.5546875 0.4951171875 0.5651041671875 0.4951171875 0.5677083328125 0.4892578125 0.5638020828125 0.486328125 0.5546875 0.4912109375 0.5546875 0.4951171875
5 0.6184895828125 0.498046875 0.6080729171875 0.498046875 0.59375 0.5166015625 0.6028645828125 0.51953125 0.6119791671875 0.5146484375 0.6223958328125 0.5048828125 0.6184895828125 0.498046875
5 0.3684895828125 0.548828125 0.3815104171875 0.546875 0.3828125 0.5439453125 0.3736979171875 0.537109375 0.3645833328125 0.5400390625 0.3684895828125 0.548828125
5 0.3190104171875 0.525390625 0.3177083328125 0.5380859375 0.33203125 0.537109375 0.3359375 0.5263671875 0.3190104171875 0.525390625
5 0.3111979171875 0.560546875 0.3190104171875 0.55859375 0.3229166671875 0.5517578125 0.3111979171875 0.548828125 0.3072916671875 0.5576171875 0.3111979171875 0.560546875
5 0.2890625 0.5380859375 0.2747395828125 0.53515625 0.2734375 0.5478515625 0.2799479171875 0.552734375 0.28515625 0.55078125 0.2916666671875 0.5458984375 0.2890625 0.5380859375
5 0.07682291718749999 0.5390625 0.06640625 0.541015625 0.05989583281250001 0.5478515625 0.06640625 0.552734375 0.08203125 0.548828125 0.0859375 0.5419921875 0.07682291718749999 0.5390625
5 0.1080729171875 0.5078125 0.09765625 0.5078125 0.09375 0.5126953125 0.09375 0.5166015625 0.1028645828125 0.51953125 0.109375 0.5146484375 0.1080729171875 0.5078125
5 0.7643229171875 0.427734375 0.7526041671875 0.4345703125 0.7552083328125 0.4443359375 0.76171875 0.447265625 0.7760416671875 0.4404296875 0.77734375 0.427734375 0.7643229171875 0.427734375
5 0.5520833328125 0.2314453125 0.5546875 0.2177734375 0.5481770828125 0.2109375 0.53515625 0.212890625 0.5234375 0.2197265625 0.5234375 0.2275390625 0.5325520828125 0.234375 0.5520833328125 0.2314453125
5 0.4778645828125 0.009765625 0.46484375 0.01171875 0.4557291671875 0.0185546875 0.4622395828125 0.02734375 0.4830729171875 0.03125 0.4869791671875 0.0205078125 0.4778645828125 0.009765625
5 0.6015625 0.0556640625 0.6041666671875 0.0380859375 0.6002604171875 0.03515625 0.578125 0.0419921875 0.5755208328125 0.0517578125 0.5846354171875 0.0625 0.5924479171875 0.0625 0.6015625 0.0556640625
5 0.625 0.0576171875 0.6302083328125 0.0498046875 0.6263020828125 0.044921875 0.6158854171875 0.044921875 0.6067708328125 0.0517578125 0.6067708328125 0.0595703125 0.61328125 0.0625 0.625 0.0576171875
5 0.8515625 0.0576171875 0.86328125 0.060546875 0.8723958328125001 0.0537109375 0.8684895828125001 0.044921875 0.8515625 0.0498046875 0.8515625 0.0576171875
5 0.9375 0.1826171875 0.9375 0.1728515625 0.9283854171874999 0.169921875 0.9153645828125001 0.173828125 0.9088541671874999 0.1826171875 0.91796875 0.189453125 0.9283854171874999 0.189453125 0.9375 0.1826171875
5 0.8671875 0.3837890625 0.8776041671874999 0.3681640625 0.8776041671874999 0.3525390625 0.86328125 0.34765625 0.8515625 0.3583984375 0.8463541671874999 0.3779296875 0.85546875 0.390625 0.8671875 0.3837890625
5 0.1979166671875 0.2958984375 0.1888020828125 0.29296875 0.1796875 0.2978515625 0.1796875 0.3037109375 0.19140625 0.306640625 0.1979166671875 0.3017578125 0.1979166671875 0.2958984375
5 0.1471354171875 0.39453125 0.1393229171875 0.39453125 0.1328125 0.3994140625 0.1328125 0.4052734375 0.14453125 0.40625 0.1510416671875 0.3994140625 0.1471354171875 0.39453125
5 0.1979166671875 0.5244140625 0.1927083328125 0.5107421875 0.18359375 0.50390625 0.1549479171875 0.5 0.1393229171875 0.501953125 0.11328125 0.51171875 0.1041666671875 0.5205078125 0.09635416718749999 0.5458984375 0.1002604171875 0.55859375 0.1549479171875 0.568359375 0.19140625 0.560546875 0.1979166671875 0.5556640625 0.1979166671875 0.5244140625
2 0.37109375 0.486328125 0.38671875 0.4921875 0.4205729171875 0.48828125 0.4244791671875 0.4853515625 0.4244791671875 0.4638671875 0.4205729171875 0.4609375 0.3541666671875 0.4599609375 0.3515625 0.4677734375 0.37109375 0.486328125
5 0.21744791718749998 0.103515625 0.21354166718749998 0.1103515625 0.22265625 0.115234375 0.2265625 0.1064453125 0.21744791718749998 0.103515625
5 0.65234375 0.095703125 0.6484375 0.1064453125 0.65625 0.1044921875 0.6588541671875 0.0966796875 0.65234375 0.095703125
5 0.5963541671875 0.1044921875 0.59765625 0.111328125 0.609375 0.1083984375 0.6106770828125 0.1015625 0.5963541671875 0.1044921875
5 0.4544270828125 0.12109375 0.4479166671875 0.1279296875 0.453125 0.1376953125 0.4622395828125 0.142578125 0.4713541671875 0.1376953125 0.4713541671875 0.1201171875 0.4544270828125 0.12109375
5 0.3841145828125 0.109375 0.37109375 0.11328125 0.3619791671875 0.1220703125 0.3658854171875 0.130859375 0.39453125 0.126953125 0.3932291671875 0.1123046875 0.3841145828125 0.109375
5 0.3658854171875 0.087890625 0.3541666671875 0.0966796875 0.3580729171875 0.103515625 0.3671875 0.0966796875 0.3658854171875 0.087890625
5 0.05859375 0.111328125 0.06640625 0.111328125 0.06770833281250001 0.0947265625 0.05859375 0.091796875 0.05208333281250001 0.1025390625 0.05859375 0.111328125