5 0.62890625 0.2640625 0.0421875 0.0546875
5 0.75234375 0.3390625 0.059375 0.046875
5 0.496289409375 0.5457282828125 0.535345425 0.5488551375 0.5665902359375 0.5238412609374999 0.568152453125 0.49257403593750004 0.5160155890625 0.4593750015625 0.47754256875 0.4910106390625 0.496289409375 0.5457282828125
5 0.6118952390625 0.470686953125 0.619706440625 0.4941373734375 0.6525134703125001 0.4941373734375 0.6712604296875 0.47537702499999995 0.6603246734375 0.44879987187500003 0.6292968390625 0.4417968765625 0.6118952390625 0.470686953125
5 0.630642078125 0.8709074765624999 0.657200240625 0.9021747015624999 0.6853206187499999 0.9099915078124999 0.7196898640625 0.8724708140624999 0.7150030953125001 0.82869665 0.6429687140625 0.8226562515625 0.630642078125 0.8709074765624999
5 0.914969940625 0.602009325 0.8790383593750001 0.6223330093749999 0.9009098703125 0.6567269703124999 0.9320312140624999 0.6546875015625 0.9399658859375 0.61295280625 0.914969940625 0.602009325
5 0.56171875 0.70234375 0.046875 0.05
5 0.77421875 0.40390625 0.028125 0.0328125
5 0.39140625 0.21875 0.028125 0.05
5 0.5546875 0.359375 0.0265625 0.034375
5 0.7328125 0.5640625 0.0203125 0.0296875
5 0.98515625 0.12890625 0.025 0.0546875
5 0.4265625 0.82890625 0.0328125 0.03125
5 0.8546875 0.75625 0.0359375 0.0421875