5 0.384765625 0.80078125 0.380859375 0.7903645828125 0.3642578125 0.7708333328125 0.3505859375 0.7630208328125 0.32421875 0.79296875 0.318359375 0.80859375 0.322265625 0.8268229171874999 0.3330078125 0.8411458328125001 0.3525390625 0.8541666671874999 0.3642578125 0.8541666671874999 0.376953125 0.8372395828125001 0.3828125 0.8216145828125001 0.384765625 0.80078125
5 0.6318359375 0.4322916671875 0.6171875 0.4466145828125 0.6171875 0.4674479171875 0.6279296875 0.484375 0.6435546875 0.484375 0.650390625 0.4778645828125 0.65234375 0.4596354171875 0.650390625 0.4440104171875 0.6455078125 0.4375 0.6318359375 0.4322916671875
5 0.2880859375 0.5286458328125 0.275390625 0.55078125 0.27734375 0.55859375 0.2900390625 0.5729166671875 0.306640625 0.5611979171875 0.306640625 0.54296875 0.302734375 0.53515625 0.2978515625 0.5286458328125 0.2880859375 0.5286458328125
5 0.875 0.9049479171874999 0.8837890625 0.9114583328125001 0.9052734375 0.9088541671874999 0.91015625 0.8971354171874999 0.908203125 0.8893229171874999 0.9013671875 0.8802083328125001 0.8896484375 0.875 0.875 0.8736979171874999 0.875 0.9049479171874999
2 0.9384765625 0.65625 0.9501953125 0.6640625 0.9580078125 0.6640625 0.96875 0.6471354171875 0.9765625 0.59765625 0.9638671875 0.578125 0.9384765625 0.5598958328125 0.9372090203125 0.5358163640625 0.9368165765625 0.5180255859375 0.9270054859375 0.514362778125 0.9179792812500001 0.5237814265625 0.9128775156250001 0.53215355625 0.92268860625 0.5363396218750001 0.92268860625 0.546281528125 0.9250432671875 0.5630257890625 0.923828125 0.6236979171875 0.9384765625 0.65625
5 0.5628169484375001 0.54191841875 0.5542085625000001 0.5484771890625 0.548059715625 0.57553211875 0.55543833125 0.5911091984375 0.5652764875 0.5968481234375 0.5769592968749999 0.6001275078125 0.5929463 0.58373058125 0.595405840625 0.573892425 0.5892569921875 0.54765734375 0.5831081453125 0.54191841875 0.573884875 0.5386390343749999 0.5628169484375001 0.54191841875
5 0.630859375 0.3033854171875 0.6396484375 0.3151041671875 0.6474609375 0.3151041671875 0.65234375 0.30859375 0.654296875 0.2799479171875 0.6416015625 0.2760416671875 0.6328125 0.2877604171875 0.630859375 0.3033854171875
5 0.6943359375 0.2682291671875 0.6865234375 0.2708333328125 0.673828125 0.2981770828125 0.673828125 0.3059895828125 0.6845703125 0.3307291671875 0.7021484375 0.3385416671875 0.70703125 0.33203125 0.70703125 0.3216145828125 0.69921875 0.2747395828125 0.6943359375 0.2682291671875
5 0.7734375 0.19140625 0.783203125 0.1653645828125 0.7822265625 0.15625 0.7744140625 0.1536458328125 0.759765625 0.1731770828125 0.7626953125 0.1979166671875 0.7734375 0.19140625
5 0.4912109375 0.6692708328125 0.49609375 0.6627604171875 0.498046875 0.6471354171875 0.4912109375 0.6458333328125 0.486328125 0.65234375 0.4853515625 0.6666666671875 0.4912109375 0.6692708328125
5 0.4208984375 0.6770833328125 0.4296875 0.66796875 0.4296875 0.6497395828125 0.4208984375 0.6432291671875 0.408203125 0.6549479171875 0.4130859375 0.6770833328125 0.4208984375 0.6770833328125
5 0.421875 0.76171875 0.4111328125 0.7578125 0.400390625 0.7721354171875 0.3984375 0.78515625 0.4052734375 0.7864583328125 0.421875 0.76171875