5 0.1162109375 0.2421875 0.1005859375 0.2526041671875 0.09375 0.26171875 0.09375 0.2721354171875 0.1025390625 0.2864583328125 0.1083984375 0.2890625 0.1279296875 0.2838541671875 0.13671875 0.2669270828125 0.134765625 0.2565104171875 0.1162109375 0.2421875
5 0.1103515625 0.3515625 0.10546875 0.3606770828125 0.111328125 0.3841145828125 0.1142578125 0.3880208328125 0.1298828125 0.3880208328125 0.140625 0.3763020828125 0.140625 0.3658854171875 0.1298828125 0.3541666671875 0.1103515625 0.3515625
5 0.041015625 0.24869791718749998 0.0458984375 0.2552083328125 0.0615234375 0.2552083328125 0.0712890625 0.25 0.072265625 0.24348958281250002 0.0693359375 0.23958333281250002 0.0458984375 0.23958333281250002 0.041015625 0.24869791718749998
5 0.0390625 0.13671875 0.0390625 0.1315104171875 0.0341796875 0.1276041671875 0.029296875 0.1315104171875 0.029296875 0.13671875 0.0341796875 0.140625 0.0390625 0.13671875
5 0.109375 0.14453125 0.109375 0.15234375 0.1201171875 0.15625 0.123046875 0.1419270828125 0.1142578125 0.1380208328125 0.109375 0.14453125
5 0.2529296875 0.05208333281250001 0.2392578125 0.05989583281250001 0.2265625 0.07682291718749999 0.228515625 0.09505208281250001 0.2451171875 0.109375 0.2587890625 0.1119791671875 0.27734375 0.09505208281250001 0.28125 0.07942708281250001 0.2705078125 0.05729166718749999 0.2529296875 0.05208333281250001
5 0.2080078125 0.08072916718749999 0.1923828125 0.08854166718749999 0.185546875 0.09765625 0.18359375 0.13671875 0.1884765625 0.1458333328125 0.1962890625 0.1510416671875 0.2099609375 0.1510416671875 0.224609375 0.13671875 0.21875 0.09765625 0.2080078125 0.08072916718749999
5 0.140625 0.05859375 0.1533203125 0.0625 0.16015625 0.05598958281250001 0.16015625 0.0455729171875 0.1572265625 0.0416666671875 0.1416015625 0.0416666671875 0.138671875 0.0455729171875 0.140625 0.05859375
5 0.294921875 0.4622395828125 0.2783203125 0.4427083328125 0.2587890625 0.4427083328125 0.2392578125 0.453125 0.23046875 0.4700520828125 0.23046875 0.49609375 0.2373046875 0.5052083328125 0.2529296875 0.515625 0.2802734375 0.5130208328125 0.296875 0.4856770828125 0.294921875 0.4622395828125
5 0.2578125 0.57421875 0.2470703125 0.5651041671875 0.2333984375 0.5625 0.216796875 0.56640625 0.212890625 0.6002604171875 0.220703125 0.6315104171875 0.2275390625 0.6380208328125 0.2509765625 0.6380208328125 0.255859375 0.6315104171875 0.259765625 0.58203125 0.2578125 0.57421875
5 0.140625 0.76171875 0.1181640625 0.7421875 0.0986328125 0.7447916671875 0.080078125 0.7643229171875 0.076171875 0.7799479171875 0.0830078125 0.7942708328125 0.0966796875 0.8046875 0.1103515625 0.8072916671874999 0.1259765625 0.8020833328125001 0.142578125 0.77734375 0.140625 0.76171875
5 0.083984375 0.85546875 0.087890625 0.8346354171874999 0.0830078125 0.8255208328125001 0.068359375 0.83203125 0.068359375 0.8502604171874999 0.0732421875 0.8567708328125001 0.083984375 0.85546875
5 0.0146484375 0.6875 0.0244140625 0.6901041671875 0.03125 0.6861979171875 0.03515625 0.6705729171875 0.0322265625 0.6614583328125 0.0078125 0.66015625 0.0078125 0.6783854171875 0.0146484375 0.6875
5 0.1103515625 0.90625 0.1181640625 0.9088541671874999 0.12109375 0.9049479171874999 0.119140625 0.8893229171874999 0.1142578125 0.8828125 0.1044921875 0.8828125 0.1015625 0.8919270828125001 0.1103515625 0.90625
5 0.0634765625 0.9661458328125001 0.06640625 0.9544270828125001 0.0576171875 0.9505208328125001 0.052734375 0.9544270828125001 0.052734375 0.9596354171874999 0.0576171875 0.9661458328125001 0.0634765625 0.9661458328125001
5 0.259765625 0.7721354171875 0.259765625 0.7825520828125 0.2666015625 0.7916666671875 0.2861328125 0.7942708328125 0.296875 0.7799479171875 0.294921875 0.76953125 0.2841796875 0.7552083328125 0.2666015625 0.7604166671875 0.259765625 0.7721354171875
5 0.4189453125 0.5364583328125 0.4072265625 0.5364583328125 0.3916015625 0.546875 0.38671875 0.5559895828125 0.3994140625 0.5755208328125 0.4072265625 0.5807291671875 0.4287109375 0.5755208328125 0.435546875 0.5611979171875 0.43359375 0.5455729171875 0.4189453125 0.5364583328125
5 0.392578125 0.3815104171875 0.392578125 0.3997395828125 0.4013671875 0.4140625 0.4150390625 0.4166666671875 0.4296875 0.40234375 0.431640625 0.37890625 0.4267578125 0.3645833328125 0.4072265625 0.3645833328125 0.392578125 0.3815104171875
5 0.4521484375 0.4166666671875 0.4697265625 0.4166666671875 0.48046875 0.40234375 0.48046875 0.3893229171875 0.4716796875 0.3802083328125 0.4521484375 0.3828125 0.4453125 0.3971354171875 0.4521484375 0.4166666671875
5 0.21484375 0.7330729171875 0.2216796875 0.7369791671875 0.248046875 0.7044270828125 0.2392578125 0.6822916671875 0.2236328125 0.6848958328125 0.212890625 0.6940104171875 0.208984375 0.7174479171875 0.21484375 0.7330729171875
5 0.1875 0.8059895828125001 0.1923828125 0.8177083328125001 0.1982421875 0.8203125 0.203125 0.8138020828125001 0.2001953125 0.7994791671875 0.1875 0.8059895828125001
5 0.98828125 0.4440104171875 0.9716796875 0.4166666671875 0.9521484375 0.4140625 0.9306640625 0.4244791671875 0.9091796875 0.4453125 0.900390625 0.46484375 0.9033203125 0.4739583328125 0.9111328125 0.4791666671875 0.9658203125 0.4739583328125 0.9775390625 0.46875 0.98828125 0.4440104171875
5 0.9296875 0.06640625 0.9189453125 0.05729166718749999 0.9052734375 0.05729166718749999 0.8953487171875001 0.064777453125 0.8880989296875 0.0736383046875 0.8826615890625 0.09136000625 0.87722425 0.1090817078125 0.8857421875 0.1223958328125 0.9052734375 0.1197916671875 0.927734375 0.09244791718749999 0.9296875 0.06640625
5 0.9384765625 0.0338541671875 0.9541015625 0.0364583328125 0.9990234375 0.0182291671875 1 0.0013020828125 0.9365234375 0 0.931640625 0.006510417187500001 0.9296875 0.01953125 0.9384765625 0.0338541671875
5 0.5927734375 0.4661458328125 0.5537109375 0.4713541671875 0.548828125 0.4830729171875 0.55078125 0.48828125 0.5732421875 0.5052083328125 0.5849609375 0.5078125 0.6005859375 0.5026041671875 0.609375 0.4856770828125 0.607421875 0.4752604171875 0.5927734375 0.4661458328125
5 0.59765625 0.5533854171875 0.59765625 0.52734375 0.5947265625 0.5234375 0.5673828125 0.5260416671875 0.55078125 0.55078125 0.546875 0.5611979171875 0.548828125 0.57421875 0.5517578125 0.578125 0.5791015625 0.578125 0.5869140625 0.5729166671875 0.59765625 0.5533854171875
5 0.8662109375 0.4583333328125 0.8505859375 0.4609375 0.833984375 0.48046875 0.8337255265625 0.49573702500000005 0.8373504203125 0.50379234375 0.8476209515625 0.5029868125 0.8548707390624999 0.4973480890625 0.8621205265624999 0.4892927703125 0.873046875 0.4752604171875 0.8662109375 0.4583333328125
2 0.8740234375 0.3802083328125 0.884765625 0.3658854171875 0.884765625 0.3606770828125 0.8564453125 0.3489583328125 0.8173828125 0.34375 0.80859375 0.3502604171875 0.80859375 0.3580729171875 0.81640625 0.3815104171875 0.8271484375 0.3932291671875 0.8447265625 0.3958333328125 0.8583984375 0.390625 0.8740234375 0.3802083328125
2 0.7333984375 0.3854166671875 0.7568359375 0.390625 0.771484375 0.3684895828125 0.779296875 0.3372395828125 0.7392578125 0.34375 0.728515625 0.3658854171875 0.728515625 0.37890625 0.7333984375 0.3854166671875
2 0.5302734375 0.3671875 0.5634765625 0.3671875 0.5703125 0.3606770828125 0.57421875 0.3450520828125 0.5595703125 0.3333333328125 0.5322265625 0.3255208328125 0.529296875 0.33203125 0.5302734375 0.3671875
2 0.591796875 0.07421875 0.5693359375 0.0416666671875 0.5458984375 0.0338541671875 0.5302734375 0.0416666671875 0.52734375 0.05338541718749999 0.529296875 0.06380208281250001 0.55078125 0.09765625 0.5537109375 0.1015625 0.5791015625 0.09895833281250001 0.5859375 0.09244791718749999 0.591796875 0.07421875
2 0.6572265625 0.3567708328125 0.6162109375 0.3489583328125 0.5966796875 0.3541666671875 0.59375 0.3658854171875 0.595703125 0.37109375 0.6044921875 0.3802083328125 0.6181640625 0.3854166671875 0.6396484375 0.390625 0.6669921875 0.3776041671875 0.669921875 0.36328125 0.6572265625 0.3567708328125
2 0.728515625 0.3815104171875 0.73046875 0.34765625 0.7255859375 0.34375 0.6728515625 0.3619791671875 0.6435546875 0.3854166671875 0.638671875 0.3919270828125 0.638671875 0.3997395828125 0.6435546875 0.4088541671875 0.6591796875 0.421875 0.6826171875 0.4244791671875 0.7099609375 0.40625 0.728515625 0.3815104171875
2 0.6708984375 0.0416666671875 0.6533203125 0.0390625 0.626953125 0.06119791718749999 0.625 0.07161458281250001 0.6396484375 0.1041666671875 0.6748046875 0.1041666671875 0.677734375 0.1002604171875 0.6796875 0.07682291718749999 0.67578125 0.0481770828125 0.6708984375 0.0416666671875
2 0.771484375 0.06119791718749999 0.7626953125 0.0442708328125 0.7568359375 0.0390625 0.7255859375 0.0442708328125 0.693359375 0.07942708281250001 0.689453125 0.1080729171875 0.7080078125 0.1197916671875 0.7431640625 0.1223958328125 0.755859375 0.11328125 0.771484375 0.06901041718749999 0.771484375 0.06119791718749999
5 0.7998046875 0.08072916718749999 0.7724609375 0.078125 0.763671875 0.08984375 0.763671875 0.09765625 0.7783203125 0.125 0.7880859375 0.1276041671875 0.8212890625 0.1223958328125 0.826171875 0.11328125 0.826171875 0.1028645828125 0.7998046875 0.08072916718749999
2 0.8857421875 0.5104166671875 0.8779296875 0.515625 0.865234375 0.5377604171875 0.865234375 0.5455729171875 0.8759765625 0.5572916671875 0.8955078125 0.5598958328125 0.9189453125 0.5572916671875 0.919921875 0.5533854171875 0.8974609375 0.5104166671875 0.8857421875 0.5104166671875
2 0.990234375 0.5299479171875 0.9794921875 0.5208333328125 0.9521484375 0.5260416671875 0.943359375 0.54296875 0.951171875 0.5611979171875 0.9560546875 0.5677083328125 0.9619140625 0.5677083328125 0.9814453125 0.5572916671875 0.990234375 0.5455729171875 0.990234375 0.5299479171875
2 0.7568359375 0.4453125 0.7421875 0.46484375 0.7265625 0.51171875 0.73828125 0.55078125 0.7451171875 0.5572916671875 0.7724609375 0.5572916671875 0.7890625 0.5221354171875 0.7890625 0.4700520828125 0.7822265625 0.4583333328125 0.7568359375 0.4453125
2 0.7236328125 0.5286458328125 0.724609375 0.51953125 0.7041015625 0.484375 0.6962890625 0.484375 0.6142578125 0.5026041671875 0.611328125 0.5221354171875 0.6181640625 0.53125 0.6416015625 0.546875 0.6591796875 0.546875 0.7099609375 0.5364583328125 0.7236328125 0.5286458328125
2 0.5341796875 0.7265625 0.5087890625 0.7135416671875 0.4951171875 0.7161458328125 0.490234375 0.72265625 0.4921875 0.7408854171875 0.5146484375 0.7760416671875 0.5283203125 0.7864583328125 0.5380859375 0.7890625 0.546875 0.77734375 0.544921875 0.74609375 0.5341796875 0.7265625
2 0.474609375 0.6653645828125 0.4765625 0.67578125 0.4853515625 0.6875 0.4912109375 0.6901041671875 0.498046875 0.68359375 0.498046875 0.6549479171875 0.4912109375 0.6458333328125 0.4873046875 0.6458333328125 0.474609375 0.6653645828125
2 0.5048828125 0.5598958328125 0.484375 0.5950520828125 0.486328125 0.6471354171875 0.4892578125 0.6510416671875 0.5009765625 0.6484375 0.509765625 0.6315104171875 0.5234375 0.5768229171875 0.5224609375 0.5625 0.5048828125 0.5598958328125
2 0.8076171875 0.7630208328125 0.7568359375 0.7760416671875 0.732421875 0.7955729171875 0.732421875 0.81640625 0.7373046875 0.8229166671874999 0.7724609375 0.8229166671874999 0.8056640625 0.8072916671874999 0.818359375 0.7955729171875 0.8203125 0.7825520828125 0.8076171875 0.7630208328125
2 0.9228515625 0.7630208328125 0.8125 0.7669270828125 0.810546875 0.7877604171875 0.8154296875 0.8046875 0.8623046875 0.8229166671874999 0.8720703125 0.8255208328125001 0.9287109375 0.8177083328125001 0.9375 0.80078125 0.931640625 0.7721354171875 0.9228515625 0.7630208328125
2 1 0.75390625 0.9970703125 0.75 0.9482421875 0.7526041671875 0.939453125 0.7643229171875 0.939453125 0.7799479171875 0.9443359375 0.7890625 0.9599609375 0.7916666671875 0.9951171875 0.7838541671875 1 0.7799479171875 1 0.75390625
5 0.7734375 0.84765625 0.7734375 0.8528645828125001 0.7822265625 0.8541666671874999 0.7890625 0.84765625 0.7783203125 0.84375 0.7734375 0.84765625
5 0.9404296875 1 0.94140625 0.98828125 0.9326171875 0.9791666671874999 0.9248046875 0.9791666671874999 0.921875 0.99609375 0.9248046875 1 0.9404296875 1
5 0.8623046875 0.90625 0.859375 0.91796875 0.8681640625 0.9244791671874999 0.873046875 0.9205729171874999 0.873046875 0.91015625 0.8623046875 0.90625
5 0.7353515625 0.8515625 0.7373046875 0.8671875 0.7548828125 0.8697916671874999 0.76171875 0.85546875 0.7548828125 0.8489583328125001 0.7353515625 0.8515625
5 0.7900390625 0.5338541671875 0.78125 0.55078125 0.7880859375 0.5598958328125 0.8017578125 0.5625 0.8173828125 0.5546875 0.822265625 0.5481770828125 0.818359375 0.5299479171875 0.8017578125 0.5260416671875 0.7900390625 0.5338541671875
5 0.8408203125 0.5052083328125 0.8232421875 0.5052083328125 0.810546875 0.5169270828125 0.810546875 0.5247395828125 0.8251953125 0.5364583328125 0.8349609375 0.5390625 0.8447265625 0.5364583328125 0.849609375 0.5299479171875 0.849609375 0.51953125 0.8408203125 0.5052083328125
5 0.6455078125 0.1015625 0.642578125 0.1158854171875 0.6474609375 0.125 0.6591796875 0.1328125 0.6669921875 0.1328125 0.673828125 0.1236979171875 0.673828125 0.1080729171875 0.6669921875 0.1015625 0.6455078125 0.1015625
5 0.3466796875 0.1119791671875 0.3369140625 0.1197916671875 0.333984375 0.1236979171875 0.3359375 0.1419270828125 0.3583984375 0.1666666671875 0.3857421875 0.1666666671875 0.3984375 0.14453125 0.396484375 0.1315104171875 0.3818359375 0.1145833328125 0.3466796875 0.1119791671875
5 0.33203125 0.22005208281250002 0.3251953125 0.21614583281250002 0.322265625 0.22265625 0.3291015625 0.2265625 0.33203125 0.22005208281250002
5 0.31640625 0.4231770828125 0.3115234375 0.421875 0.306640625 0.4283854171875 0.3154296875 0.4296875 0.31640625 0.4231770828125
5 0.345703125 0.4153645828125 0.345703125 0.4231770828125 0.3544921875 0.4244791671875 0.357421875 0.41796875 0.3505859375 0.4114583328125 0.345703125 0.4153645828125
5 0.267578125 0.20963541718749998 0.2646484375 0.20833333281250002 0.26171875 0.21484375 0.2666015625 0.21614583281250002 0.267578125 0.20963541718749998
5 0.15625 0.3763020828125 0.1650390625 0.3802083328125 0.171875 0.3736979171875 0.17578125 0.3606770828125 0.1708984375 0.3515625 0.1630859375 0.3515625 0.158203125 0.3580729171875 0.15625 0.3763020828125
2 0.13671875 0.1080729171875 0.140625 0.1236979171875 0.1455078125 0.1276041671875 0.1708984375 0.1354166671875 0.1796875 0.1236979171875 0.18359375 0.09244791718749999 0.1611328125 0.0859375 0.1513671875 0.09114583281250001 0.13671875 0.1080729171875
2 0.125 0.1002604171875 0.0830078125 0.08072916718749999 0.078125 0.08463541718749999 0.080078125 0.09765625 0.095703125 0.12890625 0.1044921875 0.1302083328125 0.125 0.1002604171875
5 0.306640625 0.91015625 0.306640625 0.8971354171874999 0.3037109375 0.890625 0.2900390625 0.8854166671874999 0.2099609375 0.9114583328125001 0.203125 0.91796875 0.2041015625 0.921875 0.2568359375 0.9270833328125001 0.2783203125 0.9244791671874999 0.2998046875 0.9192708328125001 0.306640625 0.91015625
5 0.0810546875 0.9088541671874999 0.080078125 0.9205729171874999 0.0888671875 0.9244791671874999 0.091796875 0.9153645828125001 0.0869140625 0.9088541671874999 0.0810546875 0.9088541671874999
5 0.126953125 0.9153645828125001 0.1201171875 0.9140625 0.119140625 0.9205729171874999 0.1259765625 0.9244791671874999 0.126953125 0.9153645828125001
2 0.109375 0.6627604171875 0.0947265625 0.65625 0.0791015625 0.65625 0.064453125 0.6653645828125 0.0673828125 0.6796875 0.0791015625 0.6927083328125 0.0849609375 0.6927083328125 0.1005859375 0.6822916671875 0.107421875 0.6731770828125 0.109375 0.6627604171875
2 0.189453125 0.6263020828125 0.1826171875 0.6171875 0.12890625 0.6497395828125 0.12890625 0.6575520828125 0.1474609375 0.6822916671875 0.1533203125 0.6875 0.1630859375 0.6875 0.181640625 0.6783854171875 0.189453125 0.6341145828125 0.189453125 0.6263020828125
2 0.1884765625 0.4765625 0.1962890625 0.4817708328125 0.201171875 0.47265625 0.203125 0.4544270828125 0.1962890625 0.4453125 0.1826171875 0.4453125 0.173828125 0.4544270828125 0.1884765625 0.4765625
2 1 0.3658854171875 0.9794921875 0.3671875 0.95703125 0.3997395828125 0.955078125 0.4049479171875 0.9580078125 0.4088541671875 0.9990234375 0.4088541671875 1 0.3658854171875
5 0.029296875 0.4153645828125 0.0244140625 0.4114583328125 0.017578125 0.4231770828125 0.0283203125 0.4270833328125 0.029296875 0.4153645828125
5 0.0458984375 0.4270833328125 0.048828125 0.4127604171875 0.0380859375 0.4088541671875 0.03125 0.41796875 0.03125 0.42578125 0.0341796875 0.4296875 0.0458984375 0.4270833328125
5 0.037109375 0.3684895828125 0.0400390625 0.375 0.0517578125 0.3776041671875 0.052734375 0.3658854171875 0.0400390625 0.3645833328125 0.037109375 0.3684895828125
5 0.099609375 0.38671875 0.0908203125 0.3828125 0.08984375 0.3893229171875 0.0966796875 0.3932291671875 0.099609375 0.38671875
5 0.1962890625 0.3984375 0.19140625 0.4127604171875 0.1943359375 0.4166666671875 0.1982421875 0.4140625 0.203125 0.40234375 0.1962890625 0.3984375
5 0.291015625 0.5716145828125 0.296875 0.55859375 0.2958984375 0.5520833328125 0.279296875 0.5716145828125 0.279296875 0.5768229171875 0.2822265625 0.5807291671875 0.291015625 0.5716145828125
5 0.28125 0.51953125 0.2724609375 0.515625 0.26953125 0.52734375 0.2783203125 0.53125 0.28125 0.51953125
5 0.2265625 0.26953125 0.2265625 0.27734375 0.2353515625 0.28125 0.23828125 0.2721354171875 0.2314453125 0.265625 0.2265625 0.26953125
5 0.4755859375 0.4505208328125 0.5107421875 0.453125 0.515625 0.4466145828125 0.515625 0.4388020828125 0.5048828125 0.4270833328125 0.4775390625 0.4296875 0.47265625 0.44140625 0.4755859375 0.4505208328125