4 0.5439453125 0.1614583328125 0.5830078125 0.1171875 0.599609375 0.08984375 0.5859375 0.0403645828125 0.5478515625 0.0026041671875 0.5205078125 0.0052083328125 0.5009765625 0.015625 0.4765625 0.0481770828125 0.470703125 0.06901041718749999 0.470703125 0.1002604171875 0.4765625 0.1184895828125 0.4931640625 0.1458333328125 0.5166015625 0.1614583328125 0.5439453125 0.1614583328125
4 0.7568359375 0.5963541671875 0.75 0.60546875 0.74609375 0.6184895828125 0.74609375 0.63671875 0.7509765625 0.6458333328125 0.7646484375 0.6484375 0.78125 0.63671875 0.78515625 0.61328125 0.7744140625 0.5963541671875 0.7568359375 0.5963541671875
4 0.7763671875 0.6432291671875 0.787109375 0.6263020828125 0.779296875 0.5638020828125 0.7451171875 0.53125 0.7333984375 0.5286458328125 0.7197265625 0.5338541671875 0.70703125 0.55859375 0.7109375 0.6184895828125 0.7255859375 0.640625 0.7373046875 0.6510416671875 0.7646484375 0.6484375 0.7763671875 0.6432291671875
5 0.834375 0.1890625 0.0125 0.0109375
5 0.890625 0.24140625 0.009375 0.0109375
5 0.044921875 0.16015625 0.044921875 0.15234375 0.0322265625 0.1432291671875 0.0234375 0.15234375 0.0263671875 0.1640625 0.0400390625 0.1666666671875 0.044921875 0.16015625
5 0.265625 0.1393229171875 0.267578125 0.14453125 0.2783203125 0.1484375 0.283203125 0.13671875 0.2744140625 0.1302083328125 0.265625 0.1393229171875
5 0.2353515625 0.2109375 0.232421875 0.22526041718749998 0.2431640625 0.22395833281250002 0.24609375 0.21223958281250002 0.2431640625 0.20833333281250002 0.2353515625 0.2109375
5 0.3701171875 0.0625 0.359375 0.07421875 0.357421875 0.08463541718749999 0.3642578125 0.09375 0.3701171875 0.09375 0.37890625 0.08463541718749999 0.380859375 0.06901041718749999 0.3759765625 0.0625 0.3701171875 0.0625
5 0.37109375 0.42578125 0.3681640625 0.4192708328125 0.3544921875 0.4140625 0.349609375 0.4205729171875 0.3525390625 0.4348958328125 0.3642578125 0.4401041671875 0.37109375 0.42578125
5 0.3310546875 0.453125 0.3427734375 0.453125 0.34765625 0.4466145828125 0.345703125 0.4388020828125 0.3427734375 0.4348958328125 0.3310546875 0.4348958328125 0.328125 0.4388020828125 0.3310546875 0.453125
5 0.150390625 0.5690104171875 0.150390625 0.5611979171875 0.1337890625 0.5598958328125 0.123046875 0.57421875 0.119140625 0.5924479171875 0.1298828125 0.5963541671875 0.150390625 0.5690104171875
5 0.2138671875 0.8098958328125001 0.2275390625 0.8098958328125001 0.232421875 0.80078125 0.23046875 0.79296875 0.2275390625 0.7890625 0.2158203125 0.7890625 0.2109375 0.7981770828125 0.2138671875 0.8098958328125001
5 0.16015625 0.9908854171874999 0.1494140625 0.9765625 0.1337890625 0.9765625 0.12890625 0.98828125 0.134765625 0.9986979171874999 0.1572265625 1 0.16015625 0.9908854171874999
5 0.591796875 0.73046875 0.591796875 0.73828125 0.6044921875 0.7421875 0.607421875 0.73046875 0.5966796875 0.7239583328125 0.591796875 0.73046875
5 0.6298828125 0.7213541671875 0.626953125 0.7278645828125 0.6298828125 0.7317708328125 0.638671875 0.73046875 0.6337890625 0.7213541671875 0.6298828125 0.7213541671875
5 0.728515625 0.8893229171874999 0.7216796875 0.8828125 0.7138671875 0.8828125 0.70703125 0.89453125 0.7099609375 0.9036458328125001 0.7255859375 0.9036458328125001 0.728515625 0.8893229171874999
5 0.921875 0.7044270828125 0.921875 0.6940104171875 0.9169921875 0.6875 0.90625 0.6940104171875 0.9091796875 0.7083333328125 0.9150390625 0.7109375 0.921875 0.7044270828125
5 0.875 0.63671875 0.8759765625 0.6510416671875 0.8818359375 0.6536458328125 0.88671875 0.6471354171875 0.8837890625 0.6354166671875 0.875 0.63671875
2 0.78515625 0.98828125 0.7685546875 0.9817708328125001 0.7431640625 0.9817708328125001 0.7041015625 0.9921875 0.69921875 0.9986979171874999 0.7841796875 1 0.78515625 0.98828125
2 0.5244140625 0.5260416671875 0.5361328125 0.53125 0.6005859375 0.5026041671875 0.609375 0.4856770828125 0.5654296875 0.4609375 0.5185546875 0.46875 0.509765625 0.4752604171875 0.5244140625 0.5260416671875
2 0.677734375 0.5768229171875 0.673828125 0.5403645828125 0.6494140625 0.4895833328125 0.6181640625 0.4895833328125 0.611328125 0.49609375 0.59765625 0.5533854171875 0.599609375 0.5950520828125 0.6142578125 0.6223958328125 0.6513671875 0.6536458328125 0.6611328125 0.65625 0.67578125 0.6393229171875 0.677734375 0.5768229171875
4 0.93359375 0.48828125 0.93359375 0.4778645828125 0.9228515625 0.4739583328125 0.912109375 0.4830729171875 0.912109375 0.4908854171875 0.9287109375 0.4921875 0.93359375 0.48828125
4 0.9130859375 0.5338541671875 0.908203125 0.5403645828125 0.904296875 0.55078125 0.904296875 0.57421875 0.9150390625 0.5885416671875 0.9365234375 0.5911458328125 0.94921875 0.57421875 0.951171875 0.5403645828125 0.9462890625 0.5338541671875 0.9130859375 0.5338541671875
4 0.7490234375 0.6432291671875 0.7568359375 0.6484375 0.7666015625 0.6458333328125 0.7734375 0.6315104171875 0.771484375 0.6158854171875 0.7548828125 0.6119791671875 0.74609375 0.6236979171875 0.7490234375 0.6432291671875
4 0.8681640625 0.5963541671875 0.86328125 0.6028645828125 0.86328125 0.61328125 0.8681640625 0.6197916671875 0.8779296875 0.6197916671875 0.884765625 0.6106770828125 0.884765625 0.6028645828125 0.8818359375 0.5963541671875 0.8681640625 0.5963541671875
4 0.841796875 0.6080729171875 0.841796875 0.62109375 0.849609375 0.6236979171875 0.85546875 0.6106770828125 0.8544921875 0.5989583328125 0.841796875 0.6080729171875
4 0.888671875 0.6028645828125 0.8974609375 0.6041666671875 0.90234375 0.59765625 0.900390625 0.58984375 0.8955078125 0.5859375 0.8896484375 0.5885416671875 0.88671875 0.59765625 0.888671875 0.6028645828125
4 0.7109375 0.6106770828125 0.7109375 0.6184895828125 0.7197265625 0.6302083328125 0.7353515625 0.6328125 0.740234375 0.62109375 0.736328125 0.6028645828125 0.7294921875 0.5963541671875 0.7138671875 0.6041666671875 0.7109375 0.6106770828125
4 0.732421875 0.5481770828125 0.7275390625 0.5338541671875 0.712890625 0.54296875 0.7109375 0.5533854171875 0.7138671875 0.5572916671875 0.7255859375 0.5572916671875 0.732421875 0.5481770828125
4 0.78515625 0.62890625 0.78515625 0.61328125 0.7392578125 0.5364583328125 0.7236328125 0.5338541671875 0.712890625 0.54296875 0.70703125 0.5611979171875 0.7109375 0.6184895828125 0.7177734375 0.6302083328125 0.7451171875 0.6458333328125 0.7607421875 0.6484375 0.7763671875 0.640625 0.78515625 0.62890625
4 0.7451171875 0.5911458328125 0.75 0.5846354171875 0.7392578125 0.5703125 0.734375 0.5768229171875 0.734375 0.5846354171875 0.7392578125 0.5911458328125 0.7451171875 0.5911458328125
4 0.767578125 0.07942708281250001 0.767578125 0.06901041718749999 0.7607421875 0.0625 0.7578125 0.06380208281250001 0.7578125 0.08463541718749999 0.7626953125 0.08854166718749999 0.767578125 0.07942708281250001
4 0.6787109375 0.0546875 0.669921875 0.07161458281250001 0.673828125 0.08723958281250001 0.6826171875 0.09114583281250001 0.6962890625 0.08333333281250001 0.701171875 0.07682291718749999 0.697265625 0.06380208281250001 0.6884765625 0.0546875 0.6787109375 0.0546875
5 0.69140625 0.21744791718749998 0.6884765625 0.2109375 0.6845703125 0.2109375 0.67578125 0.22005208281250002 0.6767578125 0.22395833281250002 0.6884765625 0.2265625 0.69140625 0.21744791718749998
4 0.48273459062499996 0.14161378125 0.48273459062499996 0.1347237234375 0.47239950625000005 0.1100343546875 0.4672319640625 0.105440984375 0.46335630625 0.1129052125 0.46594007812499993 0.1255369828125 0.473691390625 0.14103960937499999 0.48273459062499996 0.14161378125
5 0.4755859375 0.6640625 0.46875 0.6783854171875 0.4716796875 0.6901041671875 0.4873046875 0.6927083328125 0.4931640625 0.6875 0.498046875 0.6809895828125 0.49609375 0.66796875 0.4873046875 0.6614583328125 0.4755859375 0.6640625
5 0.4512987078125 0.6066926015624999 0.45474373593750006 0.5980800312500001 0.45086807812499996 0.5929124890625 0.450006821875 0.5934866609375 0.44268613749999997 0.6009508875 0.443978021875 0.605544259375 0.4478536796875 0.608415115625 0.4512987078125 0.6066926015624999
2 0.5217282765625 0.52881290625 0.5175496749999999 0.49856778906250004 0.5109833015625 0.48583300156250003 0.50620775625 0.48105745781250003 0.5107421875 0.4713541671875 0.4638671875 0.4947916671875 0.451171875 0.5091145828125 0.427734375 0.5559895828125 0.423828125 0.5768229171875 0.42578125 0.6315104171875 0.44140625 0.6731770828125 0.4599609375 0.6927083328125 0.4814453125 0.7005208328125 0.4951171875 0.6901041671875 0.501953125 0.6783854171875 0.502626096875 0.6338748921875 0.49546278125 0.619548259375 0.4984474953125 0.6004460796875 0.5044169265625 0.5908949890625 0.5193405046875 0.5853235203125 0.5211313343749999 0.57497650625 0.5109833015625 0.5741805828125 0.5020291546875 0.56383356875 0.502626096875 0.5471191609375 0.5109833015625 0.531996603125 0.5217282765625 0.52881290625