5 0.9791666671874999 0.6494140625 0.9908854171874999 0.65234375 0.9947916671874999 0.6474609375 0.9921875 0.6259765625 0.9791666671874999 0.6259765625 0.9765625 0.6279296875 0.9791666671874999 0.6494140625
5 0.2643229171875 0.494140625 0.2760416671875 0.4853515625 0.2760416671875 0.4814453125 0.26953125 0.47265625 0.2552083328125 0.4716796875 0.24739583281250002 0.4755859375 0.24479166718749998 0.4814453125 0.25390625 0.4921875 0.2643229171875 0.494140625
5 0.5989583328125 0.0205078125 0.59765625 0.029296875 0.6028645828125 0.03125 0.6119791671875 0.0263671875 0.6080729171875 0.01953125 0.5989583328125 0.0205078125
5 0.4544270828125 0.013671875 0.47265625 0.013671875 0.484375 0.0029296875 0.4830729171875 0 0.4348958328125 0.0009765625 0.44140625 0.0078125 0.4544270828125 0.013671875
5 0.4544270828125 0.078125 0.4583333328125 0.0751953125 0.4583333328125 0.0673828125 0.4544270828125 0.064453125 0.4453125 0.0654296875 0.4401041671875 0.0732421875 0.4544270828125 0.078125
5 0.7018229171875 0.328125 0.6875 0.3291015625 0.6796875 0.3330078125 0.6770833328125 0.3486328125 0.68359375 0.35546875 0.6940104171875 0.357421875 0.71875 0.3388671875 0.7018229171875 0.328125
5 0.75390625 0.359375 0.7369791671875 0.3583984375 0.7239583328125 0.3603515625 0.7239583328125 0.3779296875 0.7330729171875 0.384765625 0.73828125 0.384765625 0.7604166671875 0.3701171875 0.75390625 0.359375
5 0.49609375 0.455078125 0.4791666671875 0.4560546875 0.46875 0.4619140625 0.4700520828125 0.470703125 0.4986979171875 0.47265625 0.5052083328125 0.4677734375 0.5052083328125 0.4619140625 0.49609375 0.455078125
5 0.48046875 0.537109375 0.4895833328125 0.5302734375 0.4895833328125 0.5244140625 0.4830729171875 0.51953125 0.4713541671875 0.5205078125 0.4661458328125 0.5244140625 0.4661458328125 0.5322265625 0.47265625 0.537109375 0.48046875 0.537109375
5 0.2265625 0.0595703125 0.23567708281250002 0.072265625 0.24088541718749998 0.0703125 0.26171875 0.072265625 0.3020833328125 0.0419921875 0.3020833328125 0.0283203125 0.2877604171875 0.017578125 0.2578125 0.0166015625 0.22916666718749998 0.0400390625 0.2265625 0.0595703125
5 0.7408854171875 0.076171875 0.734375 0.0771484375 0.7317708328125 0.0888671875 0.7434895828125 0.095703125 0.7526041671875 0.0888671875 0.7526041671875 0.0810546875 0.7434895828125 0.080078125 0.7408854171875 0.076171875
5 0.8059895828125001 0.154296875 0.8255208328125001 0.1416015625 0.828125 0.1337890625 0.81640625 0.126953125 0.7942708328125 0.1279296875 0.7864583328125 0.1337890625 0.7838541671875 0.1416015625 0.7903645828125 0.1484375 0.8059895828125001 0.154296875
5 0.8854166671874999 0.1943359375 0.8854166671874999 0.1904296875 0.8736979171874999 0.185546875 0.8658854171874999 0.177734375 0.8463541671874999 0.1767578125 0.8463541671874999 0.1826171875 0.8580729171874999 0.19140625 0.8684895828125001 0.1953125 0.8854166671874999 0.1943359375
5 0.7942708328125 0.5732421875 0.7942708328125 0.5615234375 0.7877604171875 0.556640625 0.7747395828125 0.560546875 0.7643229171875 0.560546875 0.7591145828125 0.556640625 0.7447916671875 0.5576171875 0.7369791671875 0.5615234375 0.7369791671875 0.5693359375 0.7408854171875 0.572265625 0.7591145828125 0.57421875 0.7643229171875 0.578125 0.7799479171875 0.578125 0.7942708328125 0.5732421875
5 0.8177083328125001 0.6572265625 0.8111979171874999 0.65234375 0.7942708328125 0.6533203125 0.7838541671875 0.6650390625 0.7838541671875 0.6767578125 0.7890625 0.6806640625 0.7864583328125 0.6884765625 0.7916666671875 0.6962890625 0.80078125 0.69921875 0.8098958328125001 0.6943359375 0.8229166671874999 0.6689453125 0.8177083328125001 0.6572265625
5 0.7200520828125 0.6875 0.73828125 0.677734375 0.7473958328125 0.6689453125 0.7447916671875 0.6669921875 0.7473958328125 0.6533203125 0.7421875 0.6494140625 0.7447916671875 0.6240234375 0.7356770828125 0.619140625 0.7161458328125 0.6201171875 0.703125 0.6337890625 0.7057291671875 0.6591796875 0.7005208328125 0.6669921875 0.7005208328125 0.6767578125 0.7044270828125 0.6875 0.7200520828125 0.6875
5 0.75390625 0.947265625 0.7565104171875 0.9453125 0.7721354171875 0.955078125 0.7955729171875 0.955078125 0.8072916671874999 0.9501953125 0.8098958328125001 0.9326171875 0.7981770828125 0.921875 0.7825520828125 0.919921875 0.76171875 0.923828125 0.7513020828125 0.919921875 0.7447916671875 0.9208984375 0.734375 0.9267578125 0.7317708328125 0.9326171875 0.734375 0.9404296875 0.7408854171875 0.9453125 0.75390625 0.947265625
5 0.83203125 0.84375 0.8411458328125001 0.8369140625 0.84375 0.8291015625 0.83984375 0.822265625 0.8255208328125001 0.8232421875 0.8203125 0.8251953125 0.8177083328125001 0.8310546875 0.8203125 0.8388671875 0.83203125 0.84375
5 0.8723958328125001 0.7900390625 0.8723958328125001 0.8037109375 0.87890625 0.806640625 0.89453125 0.806640625 0.9010416671874999 0.8037109375 0.9010416671874999 0.7880859375 0.8971354171874999 0.783203125 0.8854166671874999 0.7822265625 0.8763020828125001 0.78515625 0.8723958328125001 0.7900390625
5 0.84375 0.5712890625 0.8658854171874999 0.576171875 0.8723958328125001 0.5712890625 0.8723958328125001 0.5576171875 0.8515625 0.5556640625 0.84375 0.5634765625 0.84375 0.5712890625
5 0.8190104171874999 0.615234375 0.8255208328125001 0.6103515625 0.8255208328125001 0.6025390625 0.8216145828125001 0.59765625 0.8098958328125001 0.5986328125 0.8020833328125001 0.6025390625 0.8020833328125001 0.6123046875 0.8059895828125001 0.615234375 0.8190104171874999 0.615234375
5 0.7669270828125 0.484375 0.7604166671875 0.4853515625 0.75 0.4892578125 0.75 0.4970703125 0.7669270828125 0.50390625 0.7734375 0.4990234375 0.7734375 0.4873046875 0.7669270828125 0.484375
5 0.8294270828125001 0.4140625 0.8098958328125001 0.4091796875 0.8046875 0.4130859375 0.8111979171874999 0.421875 0.8190104171874999 0.42578125 0.8294270828125001 0.42578125 0.8333333328125001 0.4228515625 0.8294270828125001 0.4140625