5 0.121875 0.00390625 0.0125 0.0078125
5 0.6046875 0.15703125 0.009375 0.009375
5 0.86328125 0.1419270828125 0.859375 0.1627604171875 0.8623046875 0.1692708328125 0.8876953125 0.1770833328125 0.9130859375 0.1770833328125 0.931640625 0.1575520828125 0.93359375 0.1471354171875 0.9296875 0.1341145828125 0.9013671875 0.1067708328125 0.8896484375 0.1015625 0.873046875 0.1184895828125 0.86328125 0.1419270828125
5 0.9462890625 0.1875 0.958984375 0.1705729171875 0.958984375 0.1627604171875 0.9521484375 0.1536458328125 0.9404296875 0.15625 0.931640625 0.1731770828125 0.931640625 0.18359375 0.9365234375 0.1901041671875 0.9462890625 0.1875
5 0.9248046875 0.1822916671875 0.921875 0.1940104171875 0.9248046875 0.20052083281250002 0.9345703125 0.20052083281250002 0.9375 0.1888020828125 0.9326171875 0.1822916671875 0.9248046875 0.1822916671875
5 0.890625 0.24348958281250002 0.890625 0.23307291718749998 0.8857421875 0.23177083281250002 0.880859375 0.23828125 0.8818359375 0.24739583281250002 0.890625 0.24348958281250002
5 0.9833984375 0.9296875 0.9755859375 0.9270833328125001 0.970703125 0.93359375 0.970703125 0.94140625 0.9736328125 0.9453125 0.9814453125 0.9427083328125001 0.984375 0.9388020828125001 0.9833984375 0.9296875
5 0.6171875 0.69140625 0.6171875 0.67578125 0.607421875 0.6783854171875 0.60546875 0.69140625 0.6083984375 0.6979166671875 0.6171875 0.69140625
5 0.6552734375 0.796875 0.654296875 0.7825520828125 0.6435546875 0.78125 0.640625 0.79296875 0.6435546875 0.796875 0.6552734375 0.796875
5 0.5771484375 0.8828125 0.595703125 0.8580729171874999 0.59375 0.8346354171874999 0.5830078125 0.8203125 0.5283203125 0.8255208328125001 0.521484375 0.8372395828125001 0.521484375 0.8528645828125001 0.5322265625 0.8723958328125001 0.5771484375 0.8828125
5 0.5380859375 0.7291666671875 0.5302734375 0.7239583328125 0.5166015625 0.7239583328125 0.505859375 0.73828125 0.5205078125 0.7578125 0.5263671875 0.7578125 0.5390625 0.7408854171875 0.5380859375 0.7291666671875
5 0.451171875 0.79296875 0.4580078125 0.7942708328125 0.458984375 0.7877604171875 0.4541015625 0.7864583328125 0.451171875 0.79296875
5 0.439453125 0.8815104171874999 0.435546875 0.8658854171874999 0.4287109375 0.8567708328125001 0.4228515625 0.8541666671874999 0.416015625 0.86328125 0.4140625 0.8841145828125001 0.4228515625 0.90625 0.43359375 0.9049479171874999 0.439453125 0.8815104171874999
5 0.666015625 0.25390625 0.6552734375 0.25 0.6484375 0.26171875 0.6484375 0.26953125 0.6552734375 0.2760416671875 0.6611328125 0.2734375 0.666015625 0.2643229171875 0.666015625 0.25390625
5 0.59765625 0.06380208281250001 0.6064453125 0.06510416718749999 0.609375 0.05338541718749999 0.6025390625 0.05208333281250001 0.59765625 0.06380208281250001
5 0.572265625 0.01171875 0.57421875 0.0013020828125 0.5537109375 0 0.552734375 0.006510417187500001 0.5634765625 0.0208333328125 0.572265625 0.01171875
5 0.509765625 0.17578125 0.509765625 0.1653645828125 0.5068359375 0.1614583328125 0.498046875 0.1653645828125 0.5009765625 0.1822916671875 0.509765625 0.17578125
5 0.501953125 0.24348958281250002 0.501953125 0.23567708281250002 0.4931640625 0.23177083281250002 0.490234375 0.23828125 0.4970703125 0.24739583281250002 0.501953125 0.24348958281250002
5 0.4375 0.2565104171875 0.4326171875 0.25 0.4248046875 0.25 0.41796875 0.2565104171875 0.41796875 0.26171875 0.4248046875 0.2708333328125 0.4345703125 0.2708333328125 0.4375 0.2565104171875
5 0.2734375 0.6705729171875 0.2822265625 0.671875 0.28515625 0.6627604171875 0.2802734375 0.6588541671875 0.2734375 0.6705729171875
5 0.2158203125 0.953125 0.2265625 0.9440104171874999 0.2265625 0.9075520828125001 0.2236328125 0.9036458328125001 0.2177734375 0.90625 0.205078125 0.9283854171874999 0.201171875 0.9466145828125001 0.2060546875 0.953125 0.2158203125 0.953125
5 0.1435546875 0.8072916671874999 0.150390625 0.8059895828125001 0.158203125 0.7799479171875 0.158203125 0.7591145828125 0.1533203125 0.75 0.1376953125 0.7473958328125 0.1328125 0.75390625 0.12890625 0.7721354171875 0.1328125 0.7981770828125 0.1435546875 0.8072916671874999
5 0.09765625 0.0325520828125 0.0947265625 0.0286458328125 0.0830078125 0.03125 0.080078125 0.0377604171875 0.08203125 0.0481770828125 0.0927734375 0.0546875 0.099609375 0.0455729171875 0.09765625 0.0325520828125
5 0.05859375 0.0481770828125 0.0693359375 0.05208333281250001 0.072265625 0.0403645828125 0.0615234375 0.0364583328125 0.05859375 0.0481770828125
5 0.0625 0.4674479171875 0.0693359375 0.4739583328125 0.07421875 0.4622395828125 0.0673828125 0.4583333328125 0.0625 0.4674479171875
5 0.0078125 0.44140625 0.0146484375 0.4479166671875 0.01953125 0.4361979171875 0.0107421875 0.4322916671875 0.0078125 0.44140625
5 0.0322265625 0.5963541671875 0.0205078125 0.5859375 0.0146484375 0.5859375 0.009765625 0.5924479171875 0.009765625 0.6028645828125 0.0166015625 0.609375 0.0341796875 0.6119791671875 0.0322265625 0.5963541671875
5 0.154296875 0.8580729171874999 0.15625 0.88671875 0.1630859375 0.9010416671874999 0.169921875 0.8971354171874999 0.169921875 0.8606770828125001 0.1650390625 0.8541666671874999 0.154296875 0.8580729171874999
5 0.044921875 0.8606770828125001 0.044921875 0.8684895828125001 0.0537109375 0.8697916671874999 0.05859375 0.86328125 0.05859375 0.85546875 0.0517578125 0.8515625 0.044921875 0.8606770828125001
5 0 0.7565104171875 0.0009765625 0.7864583328125 0.0087890625 0.7838541671875 0.015625 0.7747395828125 0.017578125 0.76171875 0.0126953125 0.7552083328125 0 0.7565104171875
5 0.0966796875 0.9973958328125001 0.10546875 0.9700520828125001 0.10546875 0.9518229171874999 0.1025390625 0.9479166671874999 0.0908203125 0.9505208328125001 0.0703125 0.97265625 0.0703125 0.9856770828125001 0.0869140625 1 0.0966796875 0.9973958328125001
5 0 0.9830729171874999 0.0322265625 0.9739583328125001 0.037109375 0.96484375 0.037109375 0.9518229171874999 0.0322265625 0.9427083328125001 0.0009765625 0.9244791671874999 0 0.9830729171874999
5 0.29296875 0.85546875 0.29296875 0.8424479171874999 0.2880859375 0.8411458328125001 0.283203125 0.84765625 0.2861328125 0.8567708328125001 0.29296875 0.85546875
5 0.2724609375 0.921875 0.28515625 0.87109375 0.279296875 0.8736979171874999 0.2724609375 0.921875
5 0.2890625 0.87890625 0.2958984375 0.8802083328125001 0.296875 0.87109375 0.2919921875 0.8697916671874999 0.2890625 0.87890625
5 0.0458984375 0.28125 0.0576171875 0.28125 0.068359375 0.2643229171875 0.064453125 0.24088541718749998 0.0517578125 0.2265625 0.0458984375 0.22395833281250002 0.04296875 0.22786458281250002 0.037109375 0.24869791718749998 0.0390625 0.26953125 0.0458984375 0.28125
5 0.4296875 0.09244791718749999 0.4375 0.12890625 0.4462890625 0.1484375 0.45703125 0.14453125 0.462890625 0.1236979171875 0.462890625 0.06901041718749999 0.4541015625 0.05208333281250001 0.4423828125 0.046875 0.4365234375 0.0494791671875 0.4296875 0.06119791718749999 0.4296875 0.09244791718749999
2 0.7021484375 0.2838541671875 0.685546875 0.3059895828125 0.66015625 0.3606770828125 0.66015625 0.3815104171875 0.6640625 0.3919270828125 0.6708984375 0.3984375 0.6787109375 0.3984375 0.75783690625 0.38746095 0.7758965265625 0.34696361875 0.767578125 0.2903645828125 0.7666015625 0.2604166671875 0.7333984375 0.2578125 0.7021484375 0.2838541671875
5 0.3203125 0.4856770828125 0.3134765625 0.4817708328125 0.298828125 0.5091145828125 0.283203125 0.55859375 0.2841796875 0.5651041671875 0.296875 0.5481770828125 0.318359375 0.5013020828125 0.3203125 0.4856770828125
5 0.373046875 0.9283854171874999 0.376953125 0.8971354171874999 0.3740234375 0.8932291671874999 0.369140625 0.8971354171874999 0.3681640625 0.9348958328125001 0.373046875 0.9283854171874999
2 0.859375 0.8424479171874999 0.8623046875 0.8567708328125001 0.9228515625 0.8125 0.95703125 0.7721354171875 0.96875 0.7122395828125 0.9658203125 0.7083333328125 0.9462890625 0.7109375 0.91015625 0.7434895828125 0.892578125 0.76953125 0.859375 0.8424479171874999
5 0.662109375 0.8268229171874999 0.6640625 0.8033854171874999 0.6611328125 0.7994791671875 0.6494140625 0.796875 0.63671875 0.8216145828125001 0.63671875 0.83984375 0.6435546875 0.859375 0.654296875 0.8502604171874999 0.662109375 0.8268229171874999