5 0.9713541671874999 0.9560546875 0.9622395828125001 0.947265625 0.94921875 0.947265625 0.9427083328125001 0.9560546875 0.9440104171874999 0.9609375 0.9453125 0.9658203125 0.95703125 0.974609375 0.96875 0.9716796875 0.9713541671874999 0.9560546875
5 0.7786458328125 0.8017578125 0.7682291671875 0.8095703125 0.7669270828125 0.822265625 0.7747395828125 0.833984375 0.7981770828125 0.837890625 0.8151041671874999 0.8251953125 0.8203125 0.8173828125 0.8229166671874999 0.8017578125 0.80859375 0.791015625 0.7877604171875 0.79296875 0.7786458328125 0.7978515625 0.7786458328125 0.8017578125
4 0.7578125 0.9794921875 0.7591145828125 0.986328125 0.76171875 0.990234375 0.76953125 0.990234375 0.7734375 0.9873046875 0.7734375 0.9794921875 0.76171875 0.9765625 0.7578125 0.9794921875
5 0.6380208328125 0.7021484375 0.6380208328125 0.6943359375 0.62890625 0.6875 0.6080729171875 0.6875 0.6028645828125 0.697265625 0.6041666671875 0.7041015625 0.6158854171875 0.7109375 0.62890625 0.7109375 0.6380208328125 0.7021484375
5 0.3424479171875 0.833984375 0.3424479171875 0.84375 0.3489583328125 0.8564453125 0.3606770828125 0.859375 0.375 0.8486328125 0.375 0.8388671875 0.36328125 0.83203125 0.3424479171875 0.833984375
5 0.5651041671875 0.6689453125 0.55859375 0.6640625 0.5455729171875 0.662109375 0.5390625 0.6650390625 0.5377604171875 0.673828125 0.54296875 0.6796875 0.55859375 0.6796875 0.5651041671875 0.6748046875 0.5651041671875 0.6689453125
2 0.4205729171875 0.833984375 0.4309895828125 0.826171875 0.4440104171875 0.82421875 0.4479166671875 0.8173828125 0.4453125 0.7998046875 0.4609375 0.7802734375 0.4583333328125 0.7705078125 0.44921875 0.765625 0.44140625 0.765625 0.42578125 0.755859375 0.41015625 0.7578125 0.40625 0.7626953125 0.40625 0.7802734375 0.3932291671875 0.7919921875 0.3893229171875 0.806640625 0.3932291671875 0.8271484375 0.40234375 0.8359375 0.4205729171875 0.833984375
2 0.42578125 0.833984375 0.3984375 0.8447265625 0.3815104171875 0.8828125 0.39453125 0.884765625 0.3984375 0.8916015625 0.43359375 0.9140625 0.44140625 0.904296875 0.4544270828125 0.908203125 0.4583333328125 0.9013671875 0.46875 0.8974609375 0.4401041671875 0.8447265625 0.42578125 0.833984375
5 0.7799479171875 0.78515625 0.7916666671875 0.7744140625 0.7994791671875 0.7607421875 0.7890625 0.7373046875 0.76953125 0.724609375 0.7591145828125 0.724609375 0.75 0.7353515625 0.7513020828125 0.755859375 0.7669270828125 0.78515625 0.7799479171875 0.78515625
4 0.81640625 1 0.8203125 0.9931640625 0.8177083328125001 0.9873046875 0.828125 0.9697265625 0.8255208328125001 0.9482421875 0.8177083328125001 0.9365234375 0.8046875 0.9267578125 0.7864583328125 0.8994140625 0.76953125 0.890625 0.7513020828125 0.888671875 0.6953125 0.9306640625 0.6901041671875 0.9384765625 0.6927083328125 0.9443359375 0.6848958328125 0.9482421875 0.6770833328125 0.9619140625 0.6783854171875 0.978515625 0.6809895828125 1 0.81640625 1
4 0.76953125 0.96875 0.78515625 0.98046875 0.7955729171875 0.98046875 0.8072916671874999 0.9697265625 0.8098958328125001 0.9365234375 0.80078125 0.9296875 0.7890625 0.9365234375 0.7942708328125 0.9423828125 0.7825520828125 0.9453125 0.7708333328125 0.9580078125 0.76953125 0.96875
4 0.7643229171875 0.892578125 0.7565104171875 0.8984375 0.7408854171875 0.90234375 0.7369791671875 0.9052734375 0.73828125 0.91796875 0.7565104171875 0.927734375 0.7643229171875 0.927734375 0.7708333328125 0.9208984375 0.7734375 0.9111328125 0.7682291671875 0.9052734375 0.7786458328125 0.8974609375 0.7721354171875 0.892578125 0.7643229171875 0.892578125
4 0.69140625 0.939453125 0.7018229171875 0.943359375 0.7122395828125 0.931640625 0.7174479171875 0.93359375 0.7213541671875 0.9306640625 0.7213541671875 0.9267578125 0.71484375 0.92578125 0.7096354171875 0.9296875 0.7044270828125 0.923828125 0.6953125 0.9306640625 0.69140625 0.939453125
4 0.7643229171875 0.970703125 0.7682291671875 0.9482421875 0.7486979171875 0.943359375 0.7421875 0.9482421875 0.73828125 0.958984375 0.7486979171875 0.96875 0.7643229171875 0.970703125
2 0.75 0.8642578125 0.7317708328125 0.8818359375 0.7330729171875 0.888671875 0.73828125 0.892578125 0.7513020828125 0.890625 0.74609375 0.896484375 0.7591145828125 0.896484375 0.7721354171875 0.892578125 0.7799479171875 0.8984375 0.7903645828125 0.900390625 0.79296875 0.890625 0.7981770828125 0.890625 0.8059895828125001 0.896484375 0.8138020828125001 0.888671875 0.8229166671874999 0.8876953125 0.8125 0.8720703125 0.8046875 0.8466796875 0.7955729171875 0.8359375 0.7825520828125 0.8359375 0.7721354171875 0.83203125 0.7630208328125 0.8369140625 0.7630208328125 0.8427734375 0.75 0.8642578125
2 0.87109375 0.955078125 0.859375 0.9501953125 0.85546875 0.94140625 0.84375 0.9443359375 0.8489583328125001 0.9521484375 0.8450520828125001 0.958984375 0.83203125 0.94921875 0.828125 0.9501953125 0.8307291671874999 0.9580078125 0.8177083328125001 0.9853515625 0.8190104171874999 1 0.8645833328125001 0.9990234375 0.8619791671874999 0.9814453125 0.8723958328125001 0.9736328125 0.8776041671874999 0.9619140625 0.87109375 0.955078125
2 0.6471354171875 0.958984375 0.640625 0.9658203125 0.6419270828125 0.970703125 0.6432291671875 0.9794921875 0.65625 0.9912109375 0.6588541671875 0.9990234375 0.67578125 1 0.6770833328125 0.9638671875 0.6692708328125 0.9580078125 0.6692708328125 0.9541015625 0.6627604171875 0.951171875 0.6471354171875 0.958984375
5 0.6328125 0.8564453125 0.6236979171875 0.8515625 0.6158854171875 0.8515625 0.6067708328125 0.8583984375 0.6080729171875 0.865234375 0.6184895828125 0.873046875 0.6263020828125 0.873046875 0.6328125 0.8681640625 0.6328125 0.8564453125
4 0.40234375 1 0.40625 0.9970703125 0.4088541671875 0.9892578125 0.40625 0.9794921875 0.39453125 0.970703125 0.38671875 0.96875 0.3763020828125 0.970703125 0.3671875 0.9775390625 0.3658854171875 0.984375 0.3697916671875 0.9931640625 0.37890625 1 0.40234375 1
4 0.328125 0.9560546875 0.3268229171875 0.96484375 0.33203125 0.966796875 0.34375 0.9619140625 0.34375 0.9541015625 0.33984375 0.951171875 0.3346354171875 0.951171875 0.328125 0.9560546875
4 0.3268229171875 1 0.328125 0.9912109375 0.3190104171875 0.986328125 0.3098958328125 0.9912109375 0.30859375 1 0.3268229171875 1
5 0.2942708328125 0.9365234375 0.2955729171875 0.94140625 0.30078125 0.9453125 0.30859375 0.943359375 0.3098958328125 0.9345703125 0.3059895828125 0.931640625 0.2981770828125 0.93359375 0.2942708328125 0.9365234375