5 0.3541666671875 0.1103515625 0.33203125 0.09765625 0.3177083328125 0.1044921875 0.3151041671875 0.1201171875 0.3294270828125 0.125 0.3424479171875 0.125 0.3541666671875 0.1142578125 0.3541666671875 0.1103515625
5 0.21484375 0.138671875 0.22395833281250002 0.1318359375 0.22135416718749998 0.1240234375 0.20963541718749998 0.1171875 0.1966145828125 0.1171875 0.1927083328125 0.1201171875 0.1927083328125 0.1318359375 0.20442708281250002 0.138671875 0.21484375 0.138671875
5 0.3763020828125 0.044921875 0.37109375 0.044921875 0.3645833328125 0.0517578125 0.3645833328125 0.0615234375 0.3763020828125 0.068359375 0.3932291671875 0.0595703125 0.3932291671875 0.0556640625 0.3763020828125 0.044921875
5 0.3424479171875 0.056640625 0.3385416671875 0.0654296875 0.3528645828125 0.072265625 0.3567708328125 0.0634765625 0.3424479171875 0.056640625
5 0.8463541671874999 0.2802734375 0.8346354171874999 0.2734375 0.8138020828125001 0.2734375 0.8098958328125001 0.2822265625 0.81640625 0.287109375 0.83203125 0.291015625 0.8463541671874999 0.2861328125 0.8463541671874999 0.2802734375
5 0.8932291671874999 0.6279296875 0.8932291671874999 0.6181640625 0.8841145828125001 0.61328125 0.8684895828125001 0.61328125 0.8567708328125001 0.6181640625 0.8567708328125001 0.6259765625 0.87109375 0.634765625 0.88671875 0.634765625 0.8932291671874999 0.6279296875
5 0.3033854171875 0.529296875 0.2903645828125 0.53125 0.2734375 0.5419921875 0.2734375 0.5517578125 0.2903645828125 0.5546875 0.32421875 0.548828125 0.328125 0.5361328125 0.3033854171875 0.529296875
5 0.22135416718749998 0.4736328125 0.22135416718749998 0.4677734375 0.21223958281250002 0.458984375 0.19140625 0.45703125 0.1822916671875 0.4619140625 0.1770833328125 0.4736328125 0.1888020828125 0.482421875 0.20963541718749998 0.482421875 0.22135416718749998 0.4736328125
5 0.3815104171875 0.908203125 0.4010416671875 0.8994140625 0.4010416671875 0.8935546875 0.37890625 0.8828125 0.3567708328125 0.8857421875 0.3489583328125 0.8935546875 0.3489583328125 0.8994140625 0.36328125 0.908203125 0.3815104171875 0.908203125
5 0.85546875 0.98828125 0.8671875 0.9794921875 0.8697916671874999 0.9716796875 0.85546875 0.96484375 0.83984375 0.966796875 0.8307291671874999 0.9736328125 0.8307291671874999 0.9833984375 0.8372395828125001 0.98828125 0.85546875 0.98828125
5 0.62890625 0.9375 0.625 0.9501953125 0.63671875 0.951171875 0.640625 0.9404296875 0.62890625 0.9375
5 0.7486979171875 0.78515625 0.7421875 0.7919921875 0.7513020828125 0.796875 0.76171875 0.796875 0.7630208328125 0.7900390625 0.7565104171875 0.78515625 0.7486979171875 0.78515625
5 0.3059895828125 0.40234375 0.3177083328125 0.3974609375 0.3138020828125 0.390625 0.30078125 0.390625 0.2994791671875 0.3974609375 0.3059895828125 0.40234375
5 0.32421875 0.498046875 0.2877604171875 0.498046875 0.2747395828125 0.501953125 0.2747395828125 0.5078125 0.2981770828125 0.513671875 0.30859375 0.513671875 0.328125 0.5048828125 0.32421875 0.498046875
5 0.5143229171875 0.412109375 0.5286458328125 0.4091796875 0.51953125 0.400390625 0.51171875 0.400390625 0.5078125 0.4072265625 0.5143229171875 0.412109375
5 0.3984375 0.4228515625 0.4075520828125 0.423828125 0.4114583328125 0.4189453125 0.3997395828125 0.4140625 0.3958333328125 0.4169921875 0.3984375 0.4228515625
2 0.4127604171875 0.4921875 0.4440104171875 0.490234375 0.4583333328125 0.4736328125 0.453125 0.4423828125 0.42578125 0.4296875 0.4049479171875 0.43359375 0.3932291671875 0.4423828125 0.3932291671875 0.4853515625 0.3997395828125 0.490234375 0.4127604171875 0.4921875
2 0.4389880953125 0.082775296875 0.4637896828125 0.09579613125 0.474950396875 0.09579613125 0.48859127031250005 0.09114583281250001 0.5022321421875 0.082775296875 0.5071924609375 0.0697544640625 0.5245535718750001 0.073474703125 0.5394345234375 0.0641741078125 0.5357142859375 0.0511532734375 0.5357142859375 0.041852678125 0.528273809375 0.01953125 0.5171130953125 0.0288318453125 0.497271825 0.039992559375 0.48487103125 0.039992559375 0.46502976250000005 0.03720238125 0.42906746093750003 0.038132440625 0.4166666671875 0.053943453125 0.4265873015625 0.073474703125 0.4389880953125 0.082775296875