5 0.9077380953124999 0.22916666718749998 0.9255952375 0.24107142812500001 0.9642857140625001 0.2462797625 0.9771825390625001 0.24107142812500001 0.9920634921874999 0.215773809375 0.9950396828124999 0.1733630953125 0.9861111109375 0.15029761875 0.9444444437499999 0.14657738125 0.9355158734375 0.1480654765625 0.921626984375 0.1577380953125 0.9077380953124999 0.17633928593749998 0.8998015875 0.2150297625 0.9077380953124999 0.22916666718749998
5 0.8382936515624999 0.125 0.8392857140625001 0.12946428593749998 0.846230159375 0.1354166671875 0.8581349203125 0.1354166671875 0.8630952375 0.1331845234375 0.8660714281249999 0.125 0.8581349203125 0.11681547656249999 0.847222221875 0.1145833328125 0.8382936515624999 0.125
5 0.790674603125 0 0.783730159375 0.0111607140625 0.7876984125 0.024553571875 0.7946428578125 0.03125 0.8045634921874999 0.03125 0.809523809375 0.0290178578125 0.8134920640625 0.0200892859375 0.8144841265625 0 0.790674603125 0
5 0.9384920640625 0.265625 0.924603175 0.262648809375 0.9196428578125 0.2693452375 0.921626984375 0.2760416671875 0.9265873015625001 0.27678571406249997 0.9365079359375 0.27232142812500004 0.9384920640625 0.265625
5 0.8869047625 0.38392857187499996 0.8928571421875 0.3787202375 0.8928571421875 0.3697916671875 0.890873015625 0.36532738125 0.8819444437499999 0.3630952375 0.872023809375 0.36830357187499996 0.8710317453125 0.3802083328125 0.8869047625 0.38392857187499996
5 0.5545634921875 0.5111607140625 0.6001984125 0.50967261875 0.609126984375 0.5052083328125 0.61904761875 0.4925595234375 0.6210317453124999 0.46651785781250005 0.6180555562500001 0.4583333328125 0.6041666671875 0.4479166671875 0.5585317453124999 0.440476190625 0.5426587296875 0.45238095312500004 0.5357142859375 0.4672619046875 0.5357142859375 0.481398809375 0.5426587296875 0.5037202375 0.5545634921875 0.5111607140625
5 0.5694444437499999 0.58407738125 0.552579365625 0.5796130953125 0.5386904765625 0.5870535718750001 0.534722221875 0.5974702375 0.5367063484375 0.6056547625 0.54365079375 0.612351190625 0.559523809375 0.6145833328125 0.5704365078125 0.606398809375 0.5763888890625 0.5915178578125 0.5694444437499999 0.58407738125
5 0.950396825 0.5818452375 0.9355158734375 0.5729166671875 0.9206349203125 0.5848214281249999 0.9166666671874999 0.596726190625 0.91865079375 0.6056547625 0.924603175 0.6116071421875 0.940476190625 0.6138392859375 0.952380953125 0.606398809375 0.9553571421875 0.5915178578125 0.950396825 0.5818452375
5 0.8640873015625001 0.8452380953124999 0.8640873015625001 0.8504464281249999 0.8710317453125 0.856398809375 0.8759920640625 0.856398809375 0.8869047625 0.8504464281249999 0.887896825 0.8459821421875 0.8819444437499999 0.8370535718750001 0.872023809375 0.8355654765624999 0.8640873015625001 0.8452380953124999
5 0.91865079375 0.9010416671874999 0.9166666671874999 0.905505953125 0.9176587296875001 0.9144345234375001 0.922619046875 0.9196428578125 0.93154761875 0.9174107140625001 0.9384920640625 0.909226190625 0.9384920640625 0.8973214281249999 0.9285714281249999 0.89657738125 0.91865079375 0.9010416671874999
5 0.8115079359375 1 0.8214285718750001 0.9613095234375001 0.822420634375 0.9241071421875 0.809523809375 0.9099702375 0.797619046875 0.905505953125 0.7539682546875001 0.9010416671874999 0.7361111109375 0.9077380953124999 0.722222221875 0.9241071421875 0.7242063484375 0.97470238125 0.7331349203124999 0.987351190625 0.7460317453124999 0.9925595234375001 0.783730159375 0.9933035718750001 0.7946428578125 1 0.8115079359375 1
5 0.13670015 0.7326953890625 0.14366576250000002 0.756857359375 0.1497606734375 0.778407221875 0.1671747046875 0.8006101125 0.18110593125000002 0.8077934015625001 0.21506329218750003 0.8058343234375 0.2368308328125 0.8012631406249999 0.265563984375 0.7855905109375 0.2899436296875 0.7686118296875 0.29690924375 0.7464089390625 0.278624509375 0.7183288125 0.254244865625 0.70135013125 0.2194168 0.6948198703124999 0.193295753125 0.6954728968749999 0.17152821406250002 0.6928607921875 0.1480192703125 0.7104924984375 0.13670015 0.7326953890625
5 0.2124511890625 0.8234660312500001 0.2298652203125 0.8117115593750001 0.1993906640625 0.808446428125 0.189812946875 0.8149766890624999 0.1976492609375 0.825425109375 0.2124511890625 0.8234660312500001
5 0.2812366140625 0.8404447109375001 0.28733152500000003 0.8502401046875001 0.29690924375 0.8521991828125 0.314323275 0.8424037890625 0.319547484375 0.8306493187499999 0.305616259375 0.825425109375 0.299521346875 0.8267311609375 0.28384871875 0.8319553703125001 0.2812366140625 0.8404447109375001
5 0.545059196875 0.8646066796874999 0.531998671875 0.8717899687499999 0.5380935828125 0.8828914140625 0.5511541078125 0.8809323359375 0.5598611234375 0.8776672031249999 0.5633439296875 0.8685248375000001 0.545059196875 0.8646066796874999
5 0.44841131875 0.793426825 0.44231640937499994 0.801916165625 0.443187109375 0.8090994531250001 0.459730440625 0.8090994531250001 0.46930815781249996 0.8045282703125001 0.45798903593749996 0.797998009375 0.44841131875 0.793426825
5 1 0.914889696875 0.998694725 0.9018291734374999 0.9812806937499999 0.8985640421875001 0.9690908703125001 0.9096654875000001 0.9812806937499999 0.9122775921875 1 0.914889696875
5 0.972573678125 0.94362285 0.9647373625 0.94754100625 0.962125259375 0.9527652171875 0.976056484375 0.9547242953125 0.9838927984374999 0.9553773218750001 0.98824630625 0.94754100625 0.972573678125 0.94362285
5 0.314323275 0.6229869890625 0.3038748546875 0.631476328125 0.3186767828125 0.6419247484375 0.329995903125 0.6347414609375 0.3378322171875 0.6249460671875 0.329995903125 0.6216809359375 0.314323275 0.6229869890625
5 0.36569466875 0.4198958421875 0.3561169515625 0.4309972875 0.3578583546875 0.4434047859375 0.3735309828125 0.4440578125 0.3822379984375 0.43426241875000005 0.3804965953125 0.422507946875 0.36569466875 0.4198958421875
5 0.2603397765625 0.3872445328125 0.24640855 0.39377479531250004 0.2507620578125 0.4042232140625 0.2664346859375 0.408794396875 0.2794952109375 0.4022641359375 0.2812366140625 0.3924687421875 0.2603397765625 0.3872445328125
5 0.3343494109375 0.3892036109375 0.3395736203125 0.37940821874999997 0.3291252015625 0.370918878125 0.3273837984375 0.38267335 0.3343494109375 0.3892036109375
5 0.647801984375 0.007183287500000001 0.6347414609375 0.018284734375 0.6469312828125 0.0333043359375 0.6626039109375 0.042446703125 0.6721816296875 0.0319982828125 0.6808886453125 0.0202438125 0.6782765390625001 0.007836314062499999 0.66695741875 0.00326513125 0.647801984375 0.007836314062499999 0.647801984375 0.007183287500000001
5 0.2829780171875 0.0267740734375 0.264693284375 0.0202438125 0.2525034609375 0.0195907859375 0.23770153437500002 0.0319982828125 0.2333480265625 0.042446703125 0.23421872812500003 0.0555072265625 0.2368308328125 0.0659556453125 0.25685696875 0.0711798546875 0.278624509375 0.0679147234375 0.2899436296875 0.046364859375 0.2829780171875 0.0267740734375
5 0.1549848828125 0.179582203125 0.148889971875 0.173051940625 0.1358294484375 0.16913378437499998 0.134958746875 0.179582203125 0.1427950609375 0.183500359375 0.1549848828125 0.179582203125
5 0.22202890625 0.203091146875 0.24379644531250003 0.217457721875 0.2707881953125 0.2181107484375 0.29777994375 0.2141925921875 0.3134525734375 0.206356278125 0.33870291875 0.1926427265625 0.34566853124999997 0.1737049671875 0.3447978296875 0.13974760625 0.32651309687499996 0.121462871875 0.2951678390625 0.114279584375 0.2559862671875 0.1084023484375 0.20896838125 0.12472800312500001 0.193295753125 0.15346115625 0.202873471875 0.177623125 0.22202890625 0.203091146875
5 0.3465392328125 0.22202890625 0.35176344375 0.20896838125 0.3343494109375 0.206356278125 0.32477169375 0.21615167031250002 0.3326080078125 0.22594706250000002 0.3465392328125 0.22202890625
5 0.1158033109375 0.2350894296875 0.08968226406249999 0.2520681109375 0.08097524843750001 0.2710058703125 0.0757510390625 0.295820865625 0.0774924421875 0.319982834375 0.09925998124999999 0.342185725 0.12538102812500002 0.357205328125 0.1575969875 0.35916440625 0.1941664546875 0.35524625 0.22289960781249998 0.34740993593749997 0.24205504218749999 0.3356554640625 0.24379644531250003 0.301045075 0.23596013125 0.268393765625 0.220287503125 0.2435787703125 0.19155435 0.22855916718749997 0.17239891406250002 0.2213758796875 0.145407165625 0.2213758796875 0.1158033109375 0.2350894296875
5 0.2951678390625 0.6105794906249999 0.319547484375 0.6118855437499999 0.34131502343750003 0.6079673859375 0.347409934375 0.5857644953125 0.340444321875 0.572703971875 0.31693537968749996 0.5707448921875 0.2951678390625 0.576622128125 0.2899436296875 0.5962129140625 0.2951678390625 0.6105794906249999
5 0.034828064062500004 0.8090994531250001 0.029603854687499997 0.8202009 0.035698765625000003 0.832608396875 0.0557249015625 0.832608396875 0.0705268296875 0.8202009 0.060078409374999996 0.8110585328125 0.034828064062500004 0.8090994531250001
5 0.080104546875 0.5309102953125 0.06530261875 0.5413587140625 0.07139753125000001 0.5511541078125 0.094035771875 0.5472359499999999 0.1018720859375 0.5407056875 0.0931650703125 0.531563321875 0.080104546875 0.5309102953125
5 0.16804540625 0.408794396875 0.1567262859375 0.4022641359375 0.14366576250000002 0.4035701875 0.11928611874999999 0.419242815625 0.10361348906250001 0.43034426249999996 0.1088377 0.4466699171875 0.14018295625 0.436221496875 0.145407165625 0.429691234375 0.17152821406250002 0.43491544531250004 0.17936452812499998 0.418589790625 0.16804540625 0.408794396875
5 0.8796401515625 0.57022495 0.8693658281250001 0.5749669453124999 0.8709464921875 0.5820799375 0.8804304828125 0.5832654374999999 0.89465646875 0.5779306921875 0.8899144734375 0.5708176984375 0.8796401515625 0.57022495
5 0.970528396875 0.7237470515625 0.9760607234374999 0.7172268078124999 0.9697380640625 0.7089283156249999 0.9618347375 0.7142630609375 0.959463740625 0.721376053125 0.970528396875 0.7237470515625
5 0.757928934375 0.3858798765625 0.746864278125 0.397734865625 0.7492352765625 0.41314635156249996 0.7618805984375 0.423815840625 0.7737355859374999 0.42796508749999995 0.791122903125 0.42203759218750003 0.795074565625 0.40425510937500003 0.7887519046875 0.389436375 0.7713645890625 0.3841016296875 0.757928934375 0.3858798765625
5 0.8108812171875 0.3580206546875 0.8203652078125 0.35564965625 0.8132522156249999 0.3503149109375 0.8053488890624999 0.3449801671875 0.79665523125 0.3384599234375 0.79665523125 0.346758415625 0.7863809078124999 0.353278659375 0.7737355859374999 0.3609844015625 0.7729452546875 0.37106114218749997 0.783219578125 0.3752103875 0.7958648984375001 0.3669118953125 0.8037682234375 0.36039165156249997 0.8108812171875 0.3580206546875
5 0.443376571875 0.06935168281250001 0.4354732453125 0.077650175 0.44653790156250006 0.081799421875 0.46313488593749996 0.081799421875 0.46787688125000004 0.07290817968749999 0.4528605625 0.0699444328125 0.443376571875 0.06935168281250001
5 0.44258623906250005 0.13870336562500002 0.443376571875 0.13099762343750002 0.436263578125 0.126255628125 0.4267795890625 0.132183121875 0.42915058593750005 0.1398888640625 0.44258623906250005 0.13870336562500002
5 0.5051178843749999 0.49833620781250004 0.5082358953125 0.503480928125 0.5157191234375 0.49973931406250005 0.5210197437499999 0.49763465625 0.5182135328124999 0.4929576390625 0.5154073218749999 0.48944987500000003 0.5116657078125 0.4903852796875 0.503558878125 0.49319148906250004 0.5051178843749999 0.49833620781250004
5 0.4963874515625 0.4805635421875 0.4929576375 0.47822503281250006 0.48578621093749996 0.478458884375 0.47799118281249997 0.48009584062500005 0.47830298437499996 0.48009584062500005 0.470196153125 0.4822004984375 0.46894894843749996 0.4854744109375 0.475808575 0.48804677031250004 0.48391540468749994 0.48804677031250004 0.49233403593749997 0.486877515625 0.49701105312499994 0.48313590156249997 0.4963874515625 0.4805635421875
5 0.1925820109375 0.593618175 0.1834114390625 0.5999670328125 0.1791788671875 0.6079031046875001 0.1925820109375 0.61160660625 0.2059851546875 0.60949031875 0.2073960125 0.5957344609375 0.1925820109375 0.593618175
5 0.072659146875 0.5840948906250001 0.08253514843750001 0.5766878890625 0.06701571875 0.571397175 0.0648994328125 0.5803913890625 0.072659146875 0.5840948906250001
5 0.005643428125000001 0.6957289671875 0.0021162859375 0.7052522531250001 0.0098760015625 0.7110720390624999 0.0253954296875 0.706310396875 0.027511715625 0.698374325 0.0204574296875 0.6909673234375 0.005643428125000001 0.6957289671875
5 0.679232421875 0.654501896875 0.6870678359375 0.650829046875 0.6909855421875 0.6416469218749999 0.6816809890625 0.6423814921875 0.673845575 0.6464216265625 0.6669895890624999 0.6482580515625 0.65621589375 0.6493599062500001 0.6483804796875 0.654501896875 0.6459319140625001 0.6622148828125 0.653767328125 0.6662550171875 0.66356159375 0.6655204484375 0.6782529953124999 0.6596438874999999 0.679232421875 0.654501896875