5 0.9107142859374999 0.91865079375 0.8988095234375001 0.8888888890625 0.8861607140625001 0.902777778125 0.8816964281249999 0.9236111109375 0.8891369046875001 0.9335317453125 0.8995535718750001 0.9365079359375 0.9099702375 0.9265873015625001 0.9107142859374999 0.91865079375
5 0.6207260906250001 1 0.625688553125 0.9929107671875 0.6281697828125 0.9844036890625001 0.621789475 0.98109538125 0.6150547046875 0.9777870734375 0.6086743953125 0.9773144578125 0.60477531875 0.9782596890624999 0.605838703125 0.9929107671875 0.6079654718749999 1 0.6207260906250001 1
5 0.451293446875 0.9437587593749999 0.4516479078125 0.9347790671875 0.44349529218750006 0.9338338359374999 0.4381783671875 0.9376147593749999 0.436406059375 0.9489575296874999 0.43782390624999995 0.9588824546874999 0.4456220609375 0.962663378125 0.44987560000000004 0.9536836843750001 0.451293446875 0.9437587593749999
5 0.4810682203125 0.83647505 0.47610575781250003 0.8393107421874999 0.4764602203125 0.85159874375 0.477878065625 0.8563248984375 0.48319499062500004 0.854907053125 0.48673960625 0.8501808984375 0.48638514375 0.8435642812499999 0.4810682203125 0.83647505
5 0.6703507140625 0.9650264546875 0.6756676374999999 0.9603002999999999 0.6728319453125 0.95321106875 0.6657427140625 0.9522658390625001 0.6657427140625 0.9551015312500001 0.662552559375 0.9480122984375001 0.66078025 0.9551015312500001 0.6565267109375 0.9551015312500001 0.6565267109375 0.9664443015625 0.6629070203125 0.963608609375 0.6703507140625 0.9650264546875
5 0.7217476453125 0.944231375 0.7185574906250001 0.9461218375 0.713949490625 0.9541563 0.715012875 0.9640812249999999 0.723874415625 0.9659716859374999 0.726001184375 0.9560467625 0.7252922625 0.9494301453125 0.7217476453125 0.944231375
4 0.566493465625 0.9517932218749999 0.559049771875 0.944703990625 0.5512516171875 0.941868296875 0.5491248468750001 0.9499027609375 0.5498337703125 0.9607729171875 0.5558596171875 0.9650264546875 0.5625943890625 0.9688073796875001 0.566493465625 0.9621907625 0.566493465625 0.9517932218749999
4 0.5342374609375 0.9239089109374999 0.522540228125 0.9253267562499999 0.524666996875 0.935724296875 0.5289205359375 0.9451766062500001 0.539199921875 0.9465944531250001 0.5462891546875001 0.9395052203125 0.5416811546875 0.9305255265625 0.5342374609375 0.9239089109374999
4 0.5129697656250001 0.9560467625 0.5019814546875 0.9574646078125 0.49524668437499997 0.9598276859375 0.4913476078125 0.9673895328125001 0.48567622187500004 0.9758966109375 0.5012725312499999 0.972588303125 0.5122608421875 0.9721156875 0.5182866875000001 0.962663378125 0.5129697656250001 0.9560467625
4 0.5799630062500001 0.96124553125 0.5874067000000001 0.9593550703125 0.5866977765625 0.9499027609375 0.5785451593750001 0.9428135281250001 0.5753550062499999 0.9494301453125 0.5799630062500001 0.96124553125
4 0.554441771875 0.9125661390625 0.5473525390625 0.915874446875 0.5487703859375 0.9239089109374999 0.5562140796875 0.9319433734375 0.5661390046875 0.9328886046875 0.5661390046875 0.9229636796875 0.56011315625 0.916819678125 0.554441771875 0.9125661390625
4 0.507298378125 0.9380873734374999 0.5129697656250001 0.9423409140624999 0.517577765625 0.9361969125 0.5129697656250001 0.92910768125 0.50658945625 0.925799371875 0.507298378125 0.9380873734374999
4 0.527148228125 0.90925783125 0.52147684375 0.9021685984375001 0.514742071875 0.8979150593749999 0.508716225 0.9002781375 0.5037537624999999 0.909730446875 0.5069439171875 0.9163470625000001 0.5158054578125 0.918237525 0.5236036125 0.915874446875 0.527148228125 0.90925783125
4 0.8044763843749999 0.9617053562500001 0.8085793812500001 0.9646510968750001 0.8148916859374999 0.9654927375 0.8178900296875 0.9654927375 0.8249913718749999 0.9617053562500001 0.8278319078124999 0.9553930515625 0.8273584859374999 0.9511848484375 0.8232554875 0.9440309046875001 0.8174166078124999 0.94276844375 0.8081059578125 0.9431892640624999 0.80494980625 0.9448725453125 0.802267078125 0.9488703375 0.8025826921875 0.9574971531250001 0.8044763843749999 0.9617053562500001
4 0.7806474359375 0.9189920984375 0.7850660484375 0.9208857890625 0.7893268546875001 0.921937840625 0.7959547734375 0.9210962 0.7995843484375 0.92046496875 0.7983218875 0.9206753796875 0.8010046171875 0.9141526656250001 0.8021092703124999 0.9065779015625001 0.7998999640625 0.9034217484375 0.7973750421875 0.8952157546875 0.7923251984374999 0.8929012421875001 0.787117546875 0.8922700125 0.7831723578124999 0.8960573937499999 0.780489628125 0.9015280578124999 0.7795427828125 0.910786103125 0.7806474359375 0.9189920984375
4 0.7808052437499999 0.8705977671875 0.7815942812500001 0.8745955609375 0.784750434375 0.87501638125 0.7868019328125 0.8712289984374999 0.7858550875 0.8668103859375 0.7822255124999999 0.8672312062499999 0.7808052437499999 0.8705977671875
4 0.7992687328125 0.8657583359375 0.8025826921875 0.8657583359375 0.803056115625 0.8613397218750001 0.8006890015625 0.85776275 0.796428196875 0.8600772624999999 0.7967438109375 0.8634438234375 0.79406108125 0.86281259375 0.7915361609375 0.8651271046875 0.7937454671874999 0.8693353078125 0.7978484640625 0.8695457171875001 0.7992687328125 0.8657583359375
4 0.8276741015625 0.8987927265625 0.8309880609375 0.8933220625 0.8298834062499999 0.8874305781249999 0.8289365625 0.882170325 0.8251491796874999 0.882170325 0.8215196046875001 0.8844848375 0.8185212609375 0.8882722187500001 0.8178900296875 0.8926908328125001 0.8196259140625 0.89710944375 0.82246645 0.8987927265625 0.8276741015625 0.8987927265625
4 0.8485047031249999 0.8975302656249999 0.8461375906249999 0.8933220625 0.8426658234375 0.8901659109375 0.8393518625 0.89100755 0.838247209375 0.8954261640625001 0.839509671875 0.90173846875 0.84361266875 0.9040529796874999 0.845506359375 0.90384256875 0.8467688203125 0.903632159375 0.8485047031249999 0.8975302656249999
4 0.8448751296875001 0.87501638125 0.8432970531249999 0.8693353078125 0.8384050171874999 0.8684936671875001 0.8343020203125 0.8676520265625 0.8317770984375 0.8691248968749999 0.8309880609375 0.874805971875 0.83635351875 0.8781725328125001 0.8421924000000001 0.880907865625 0.8450329375000001 0.8804870453125 0.8448751296875001 0.87501638125
4 0.854185778125 0.8844848375 0.8543435859375 0.8785933531250001 0.8537123546875 0.874805971875 0.855606046875 0.8727018687499999 0.8496093578125 0.8684936671875001 0.8456641671874999 0.864706284375 0.8459797828125 0.871439409375 0.8475578593750001 0.8754372015625 0.8475578593750001 0.8796454031250001 0.85087181875 0.8832223765625 0.854185778125 0.8844848375
4 0.8604980812499999 0.8792245828125 0.8587621984375 0.8745955609375 0.856395084375 0.8720706390625 0.856395084375 0.8777517125 0.8576575453125 0.8834327859375 0.856552890625 0.8857472968750001 0.8598668515625001 0.8897450906250001 0.8611293124999999 0.8832223765625 0.8604980812499999 0.8792245828125
5 0.8820214375000001 0.85199821875 0.8848757578124999 0.8469238718750001 0.888364371875 0.8448095609375 0.888364371875 0.8371980406249999 0.8874129312499999 0.827895071875 0.883607171875 0.8240893109374999 0.8791671171875001 0.8270493468750001 0.87662994375 0.838043765625 0.8747270640625 0.8524210812499999 0.8788499703125 0.8553811171874999 0.8820214375000001 0.85199821875
5 0.9622595468749999 0.8262036234375 0.9575023453125 0.829163659375 0.9546480265625 0.8359294546875 0.9597223734375 0.8384666281250001 0.9641624249999999 0.8363523171875 0.9717739468750001 0.8308551078124999 0.969871065625 0.8240893109374999 0.9622595468749999 0.8262036234375
5 0.9635281328125 0.8414266640625 0.9638452796875001 0.8473467343750001 0.9724082390625 0.8469238718750001 0.9790683187500001 0.8414266640625 0.9749454125 0.838043765625 0.9695539203125 0.836775178125 0.9635281328125 0.8414266640625
5 0.9736768265625001 0.8219750015624999 0.976214 0.827895071875 0.9819226406249999 0.8270493468750001 0.9876312796875 0.8198606890625 0.984776959375 0.8156320671874999 0.9784340265625 0.8160549296875 0.9736768265625001 0.8219750015624999
5 0.9283248515625001 0.8625697750000001 0.9242019453125 0.868489846875 0.9280077046875 0.8739870562500001 0.9330820515625 0.8710270203125001 0.935888659375 0.8695301609375001 0.940693571875 0.857918290625 0.9362535187500001 0.8515753578125 0.9330820515625 0.8574954281249999 0.9283248515625001 0.8625697750000001
5 0.950842265625 0.8663755343749999 0.954330878125 0.8629926375 0.94925653125 0.8591868765624999 0.9435478921874999 0.8625697750000001 0.9441821859375 0.866798396875 0.950842265625 0.8663755343749999
5 0.7403386921874999 0.9121028250000001 0.73342974375 0.907496859375 0.7270965421875 0.9170926203124999 0.729687396875 0.9316781781250001 0.7337176171875 0.9382032953125 0.7429295484375 0.9351326515625 0.7466718953125 0.9362841421875 0.7478233859375 0.922850078125 0.7403386921874999 0.9121028250000001
5 0.6309470109374999 0.9570109875 0.6401589421875 0.955859496875 0.64821938125 0.9554756671875 0.653688965625 0.9508696999999999 0.64994661875 0.9458799046875 0.649083 0.940890109375 0.6415983062499999 0.9416577703125 0.6300833921875 0.9431930906250001 0.6243259359375 0.9481828875 0.61971996875 0.9520211921874999 0.6211593343749999 0.9593139718750001 0.6240380625 0.9631522765625 0.6309470109374999 0.9570109875
5 0.63152275625 0.9071130281249999 0.6323863750000001 0.9144058062499999 0.6401589421875 0.9170926203124999 0.6456285265624999 0.9140219765625 0.6459163984375 0.907496859375 0.6392953234375 0.9059615359375 0.63152275625 0.9071130281249999
5 0.6107959109375 0.843397171875 0.61137165625 0.8499222890624999 0.6145382578125 0.8518414421875 0.6177048593750001 0.8464678156250001 0.616841240625 0.8403265281250001 0.6139625125 0.8384073750000001 0.6107959109375 0.843397171875
5 0.6021597265625 0.8518414421875 0.601871853125 0.85644740625 0.6035990906250001 0.8579827296874999 0.6073414374999999 0.8556797453125 0.6070535640625 0.8499222890624999 0.6050384546875 0.8480031374999999 0.6021597265625 0.8518414421875
5 0.602735471875 0.8410941890625001 0.5992809984374999 0.8441648328125 0.60158398125 0.8503061203125 0.6035990906250001 0.846083984375 0.602735471875 0.8410941890625001
5 0.4210877046875 0.9781216640625001 0.422239196875 0.9834952890625 0.4265572890625 0.9842629515624999 0.431739 0.9796569843749999 0.428860271875 0.97313186875 0.42396643437500003 0.973899528125 0.4210877046875 0.9781216640625001
5 0.4268451625 0.93282966875 0.4308753828125 0.928607534375 0.428860271875 0.9251530593749999 0.4262694171875 0.92400156875 0.42396643437500003 0.9305266859374999 0.4268451625 0.93282966875