5 0.1067708328125 0.0380859375 0.1015625 0.0517578125 0.11328125 0.056640625 0.1223958328125 0.0517578125 0.1276041671875 0.0400390625 0.1184895828125 0.033203125 0.1067708328125 0.0380859375
5 0.1315104171875 0.1953125 0.1471354171875 0.1953125 0.15625 0.1884765625 0.1588541671875 0.1708984375 0.15234375 0.162109375 0.1263020828125 0.16015625 0.1171875 0.1669921875 0.1145833328125 0.1787109375 0.1315104171875 0.1953125
5 0.24739583281250002 0.2744140625 0.24479166718749998 0.2626953125 0.22526041718749998 0.259765625 0.21875 0.2646484375 0.21875 0.2802734375 0.23046875 0.2890625 0.23828125 0.287109375 0.24739583281250002 0.2744140625
5 0.1002604171875 0.39453125 0.07421875 0.39453125 0.05729166718749999 0.4091796875 0.05729166718749999 0.4287109375 0.07942708281250001 0.4453125 0.08723958281250001 0.447265625 0.1028645828125 0.443359375 0.1223958328125 0.4267578125 0.1223958328125 0.4111328125 0.1171875 0.4033203125 0.1002604171875 0.39453125
5 0.4231770828125 0.36328125 0.4075520828125 0.36328125 0.3802083328125 0.3779296875 0.3776041671875 0.3916015625 0.3854166671875 0.4072265625 0.41015625 0.421875 0.4283854171875 0.419921875 0.4401041671875 0.4052734375 0.4401041671875 0.3798828125 0.4348958328125 0.3701171875 0.4231770828125 0.36328125
5 0.72265625 0.44921875 0.71484375 0.44921875 0.703125 0.4599609375 0.6953125 0.4775390625 0.6953125 0.4892578125 0.7122395828125 0.509765625 0.7252604171875 0.509765625 0.734375 0.5048828125 0.7421875 0.4931640625 0.7395833328125 0.4658203125 0.72265625 0.44921875
5 0.7708333328125 0.2900390625 0.7708333328125 0.2802734375 0.76171875 0.2734375 0.7473958328125 0.2783203125 0.7473958328125 0.2900390625 0.7565104171875 0.296875 0.7643229171875 0.296875 0.7708333328125 0.2900390625
5 0.7317708328125 0.3056640625 0.7291666671875 0.3154296875 0.73828125 0.322265625 0.75 0.3154296875 0.7526041671875 0.3037109375 0.7408854171875 0.296875 0.7317708328125 0.3056640625
5 1 0.2041015625 0.99609375 0.201171875 0.98828125 0.203125 0.9661458328125001 0.2138671875 0.9635416671874999 0.2294921875 0.9752604171874999 0.23828125 0.99609375 0.2421875 1 0.2392578125 1 0.2041015625
5 0.8645833328125001 0.0380859375 0.87109375 0.044921875 0.8815104171874999 0.044921875 0.8932291671874999 0.0341796875 0.8932291671874999 0.0263671875 0.8815104171874999 0.015625 0.8723958328125001 0.0166015625 0.8645833328125001 0.0244140625 0.8645833328125001 0.0380859375
5 0.2526041671875 0.6357421875 0.2669270828125 0.64453125 0.27734375 0.64453125 0.2838541671875 0.6396484375 0.28125 0.6240234375 0.2747395828125 0.619140625 0.2591145828125 0.62109375 0.2526041671875 0.6259765625 0.2526041671875 0.6357421875
5 0.1979166671875 0.7177734375 0.20442708281250002 0.724609375 0.21223958281250002 0.724609375 0.22135416718749998 0.7177734375 0.22395833281250002 0.7099609375 0.21484375 0.701171875 0.20442708281250002 0.701171875 0.1979166671875 0.7060546875 0.1979166671875 0.7177734375
5 0.25 0.7353515625 0.24348958281250002 0.73046875 0.234375 0.7333984375 0.23177083281250002 0.7412109375 0.24348958281250002 0.744140625 0.25 0.7353515625
5 0.6848958328125 0.5673828125 0.6966145828125 0.580078125 0.71484375 0.578125 0.7213541671875 0.5732421875 0.71484375 0.5546875 0.7044270828125 0.552734375 0.69140625 0.556640625 0.6848958328125 0.5615234375 0.6848958328125 0.5673828125
2 0.9557291671874999 0.6884765625 0.953125 0.7216796875 0.96484375 0.75390625 0.9973958328125001 0.7431640625 1 0.6591796875 0.99609375 0.65625 0.9557291671874999 0.6884765625
2 0.2411954359375 0.00283668125 0.228174603125 0.02627418125 0.228174603125 0.03603980625 0.247705853125 0.052641368749999994 0.2737475203125 0.062406993749999994 0.2827380953125 0.055803571875 0.281498015625 0.0334821421875 0.2876984125 0.0037202375 0.2914186515625 0 0.2411954359375 0.00283668125
2 0.3841145828125 0.087890625 0.3372395828125 0.091796875 0.3307291671875 0.0966796875 0.328125 0.1044921875 0.3359375 0.1181640625 0.34765625 0.126953125 0.3606770828125 0.12890625 0.3828125 0.1162109375 0.3984375 0.0966796875 0.3984375 0.0908203125 0.3841145828125 0.087890625
2 0.3971354171875 0.087890625 0.41796875 0.0859375 0.4635416671875 0.0595703125 0.46875 0.0458984375 0.4596354171875 0.0390625 0.4440104171875 0.037109375 0.3984375 0.0693359375 0.3880208328125 0.0849609375 0.3971354171875 0.087890625
5 0.64453125 0.60546875 0.6380208328125 0.6103515625 0.6419270828125 0.6171875 0.6575520828125 0.619140625 0.6640625 0.6142578125 0.66015625 0.60546875 0.64453125 0.60546875
2 0.79296875 0.10546875 0.85546875 0.119140625 0.86328125 0.1171875 0.8854166671874999 0.0986328125 0.8828125 0.0927734375 0.84765625 0.0703125 0.7955729171875 0.095703125 0.7916666671875 0.0986328125 0.79296875 0.10546875
5 0.2643229171875 0.66796875 0.2682291671875 0.6572265625 0.2591145828125 0.654296875 0.2526041671875 0.6630859375 0.2565104171875 0.66796875 0.2643229171875 0.66796875
5 0.28125 0.1943359375 0.28125 0.1865234375 0.27734375 0.181640625 0.2630208328125 0.1865234375 0.2604166671875 0.1943359375 0.2669270828125 0.201171875 0.2721354171875 0.201171875 0.28125 0.1943359375
5 0.4895833328125 0.2080078125 0.49609375 0.212890625 0.5091145828125 0.21484375 0.515625 0.2099609375 0.515625 0.2001953125 0.5091145828125 0.1953125 0.49609375 0.197265625 0.4895833328125 0.2021484375 0.4895833328125 0.2080078125
5 0.0442708328125 0.1279296875 0.0442708328125 0.1201171875 0.0403645828125 0.1171875 0.0286458328125 0.1201171875 0.0260416671875 0.1298828125 0.0299479171875 0.134765625 0.03515625 0.134765625 0.0442708328125 0.1279296875
5 0.5833333328125 0.4560546875 0.57421875 0.451171875 0.5690104171875 0.453125 0.5520833328125 0.4697265625 0.5494791671875 0.4853515625 0.5611979171875 0.490234375 0.5833333328125 0.4619140625 0.5833333328125 0.4560546875
5 0.88671875 0.556640625 0.8802083328125001 0.5615234375 0.8841145828125001 0.572265625 0.8893229171874999 0.572265625 0.8984375 0.5634765625 0.89453125 0.556640625 0.88671875 0.556640625
5 0.375 0.7275390625 0.37890625 0.732421875 0.3919270828125 0.734375 0.4036458328125 0.7236328125 0.40625 0.7138671875 0.40234375 0.7109375 0.3841145828125 0.712890625 0.375 0.7197265625 0.375 0.7275390625
5 0.7864583328125 0.1494140625 0.7916666671875 0.1376953125 0.7643229171875 0.142578125 0.7643229171875 0.150390625 0.7799479171875 0.15234375 0.7864583328125 0.1494140625
5 0.8359375 0.1455078125 0.8307291671874999 0.1513671875 0.8333333328125001 0.1591796875 0.83984375 0.162109375 0.8502604171874999 0.16015625 0.859375 0.1337890625 0.8359375 0.1455078125
5 0.9401041671874999 0.7822265625 0.9401041671874999 0.7919921875 0.9518229171874999 0.798828125 0.9596354171874999 0.798828125 0.9739583328125001 0.7763671875 0.95703125 0.771484375 0.9401041671874999 0.7822265625