5 0.66796875 0.90234375 0.6822916671875 0.8955078125 0.6848958328125 0.8798828125 0.6705729171875 0.875 0.6575520828125 0.875 0.6458333328125 0.8857421875 0.6458333328125 0.8896484375 0.66796875 0.90234375
5 0.78515625 0.861328125 0.7760416671875 0.8681640625 0.7786458328125 0.8759765625 0.7903645828125 0.8828125 0.8033854171874999 0.8828125 0.8072916671874999 0.8798828125 0.8072916671874999 0.8681640625 0.7955729171875 0.861328125 0.78515625 0.861328125
5 0.62890625 0.955078125 0.6354166671875 0.9482421875 0.6354166671875 0.9384765625 0.6236979171875 0.931640625 0.6067708328125 0.9404296875 0.6067708328125 0.9443359375 0.6236979171875 0.955078125 0.62890625 0.955078125
5 0.6575520828125 0.943359375 0.6614583328125 0.9345703125 0.6471354171875 0.927734375 0.6432291671875 0.9365234375 0.6575520828125 0.943359375
5 0.1653645828125 0.7265625 0.1861979171875 0.7265625 0.1901041671875 0.7177734375 0.18359375 0.712890625 0.16796875 0.708984375 0.1536458328125 0.7138671875 0.1536458328125 0.7197265625 0.1653645828125 0.7265625
5 0.1067708328125 0.3720703125 0.1067708328125 0.3818359375 0.1158854171875 0.38671875 0.1315104171875 0.38671875 0.1432291671875 0.3818359375 0.1432291671875 0.3740234375 0.12890625 0.365234375 0.11328125 0.365234375 0.1067708328125 0.3720703125
5 0.7096354171875 0.46875 0.7265625 0.4580078125 0.7265625 0.4482421875 0.7096354171875 0.4453125 0.67578125 0.451171875 0.671875 0.4638671875 0.6966145828125 0.470703125 0.7096354171875 0.46875
5 0.7786458328125 0.5263671875 0.7786458328125 0.5322265625 0.7877604171875 0.541015625 0.80859375 0.54296875 0.8177083328125001 0.5380859375 0.8229166671874999 0.5263671875 0.8111979171874999 0.517578125 0.7903645828125 0.517578125 0.7786458328125 0.5263671875
5 0.6184895828125 0.091796875 0.5989583328125 0.1005859375 0.5989583328125 0.1064453125 0.62109375 0.1171875 0.6432291671875 0.1142578125 0.6510416671875 0.1064453125 0.6510416671875 0.1005859375 0.63671875 0.091796875 0.6184895828125 0.091796875
5 0.14453125 0.01171875 0.1328125 0.0205078125 0.1302083328125 0.0283203125 0.14453125 0.03515625 0.16015625 0.033203125 0.1692708328125 0.0263671875 0.1692708328125 0.0166015625 0.1627604171875 0.01171875 0.14453125 0.01171875
5 0.37109375 0.0625 0.375 0.0498046875 0.36328125 0.048828125 0.359375 0.0595703125 0.37109375 0.0625
5 0.24869791718749998 0.203125 0.23828125 0.203125 0.23697916718749998 0.2099609375 0.24348958281250002 0.21484375 0.2513020828125 0.21484375 0.2578125 0.2080078125 0.24869791718749998 0.203125
5 0.69921875 0.609375 0.7005208328125 0.6025390625 0.6940104171875 0.59765625 0.6822916671875 0.6025390625 0.6861979171875 0.609375 0.69921875 0.609375
5 0.7122395828125 0.501953125 0.7252604171875 0.498046875 0.7252604171875 0.4921875 0.7018229171875 0.486328125 0.69140625 0.486328125 0.671875 0.4951171875 0.67578125 0.501953125 0.7122395828125 0.501953125
5 0.48828125 0.599609375 0.4921875 0.5927734375 0.4856770828125 0.587890625 0.4713541671875 0.5908203125 0.48046875 0.599609375 0.48828125 0.599609375
5 0.6002604171875 0.5859375 0.6041666671875 0.5830078125 0.6015625 0.5771484375 0.5924479171875 0.576171875 0.5885416671875 0.5810546875 0.6002604171875 0.5859375
2 0.6002604171875 0.509765625 0.5872395828125 0.5078125 0.5559895828125 0.509765625 0.5416666671875 0.5263671875 0.546875 0.5576171875 0.57421875 0.5703125 0.5950520828125 0.56640625 0.6067708328125 0.5576171875 0.6067708328125 0.5146484375 0.6002604171875 0.509765625
2 0.46428571406249997 0.9488467265624999 0.46428571406249997 0.9581473218750001 0.471726190625 0.98046875 0.4828869046875 0.9711681546875001 0.502728175 0.960007440625 0.51512896875 0.960007440625 0.5349702375 0.96279761875 0.5709325390625 0.961867559375 0.5833333328125 0.946056546875 0.5734126984375 0.926525296875 0.5610119046875 0.917224703125 0.5362103171875 0.90420386875 0.525049603125 0.90420386875 0.5114087296875 0.9088541671874999 0.49776785781250005 0.917224703125 0.49280753906249997 0.9302455359374999 0.475446428125 0.926525296875 0.4605654765625 0.9358258921875 0.46428571406249997 0.9488467265624999