5 0.1108630953125 0.06646825468749999 0.100446428125 0.06349206406249999 0.0900297625 0.0734126984375 0.0892857140625 0.08134920625 0.10119047656249999 0.1111111109375 0.11383928593749999 0.097222221875 0.118303571875 0.07638888906249999 0.1108630953125 0.06646825468749999
5 0.379273909375 0 0.374311446875 0.0070892328125000004 0.3718302171875 0.0155963109375 0.37821052499999996 0.018904618749999998 0.3849452953125 0.0222129265625 0.3913256046875 0.022685542187499998 0.39522468125 0.0217403109375 0.394161296875 0.0070892328125000004 0.392034528125 0 0.379273909375 0
5 0.563593940625 0.0510424703125 0.56217609375 0.041117545312499997 0.5543779390625 0.037336621874999996 0.5501244 0.046316315625 0.5487065531249999 0.056241240625 0.5483520921875 0.0652209328125 0.5565047078124999 0.0661661640625 0.5618216328125001 0.062385240625000005 0.563593940625 0.0510424703125
5 0.516805009375 0.14509294687500002 0.51326039375 0.1498191015625 0.51361485625 0.15643571875 0.5189317796874999 0.16352495 0.5238942421874999 0.1606892578125 0.5235397796875 0.14840125625 0.522121934375 0.14367510156250002 0.516805009375 0.14509294687500002
5 0.33425728593750004 0.04489846875 0.337447440625 0.0519877015625 0.33921975 0.04489846875 0.34347328906249996 0.04489846875 0.34347328906249996 0.033555698437499996 0.3370929796875 0.036391390625 0.3296492859375 0.0349735453125 0.32433236249999997 0.0396997 0.3271680546875 0.04678893125 0.33425728593750004 0.0477341609375 0.33425728593750004 0.04489846875
5 0.276125584375 0.034028314062499995 0.273998815625 0.0439532375 0.2747077375 0.050569854687500006 0.2782523546875 0.055768625 0.28144250937500004 0.05387816250000001 0.286050509375 0.0458437 0.284987125 0.035918775 0.276125584375 0.034028314062499995
4 0.4501662296875 0.0392270828125 0.4441403828125 0.0349735453125 0.4374056109375 0.031192620312500002 0.43350653437500003 0.037809237499999995 0.43350653437500003 0.048206778125 0.440950228125 0.055296009374999996 0.44874838281249996 0.058131703125 0.450875153125 0.0500972390625 0.4501662296875 0.0392270828125
4 0.460800078125 0.053405546875 0.45371084531249994 0.0604947796875 0.45831884531249995 0.06947447343749999 0.46576253906250004 0.07609108906249999 0.477459771875 0.07467324374999999 0.475333003125 0.064275703125 0.4710794640625 0.054823393750000005 0.460800078125 0.053405546875
4 0.514323778125 0.0241033890625 0.49872746875 0.027411696875000002 0.4877391578125 0.0278843125 0.4817133125 0.037336621874999996 0.487030234375 0.0439532375 0.4980185453125 0.0425353921875 0.504753315625 0.0401723140625 0.5086523921875 0.0326104671875 0.514323778125 0.0241033890625
4 0.42464499375000003 0.050569854687500006 0.42003699375 0.03875446875 0.4125933 0.0406449296875 0.4133022234375 0.0500972390625 0.42145484062499994 0.057186471875 0.42464499375000003 0.050569854687500006
4 0.4338609953125 0.0671113953125 0.4338609953125 0.07703632031249999 0.43988684375 0.08318032187499999 0.445558228125 0.0874338609375 0.45264746093749997 0.084125553125 0.45122961406249995 0.07609108906249999 0.44378592031249997 0.0680566265625 0.4338609953125 0.0671113953125
4 0.49341054375000004 0.074200628125 0.49270162187500005 0.061912626562499996 0.487030234375 0.0576590859375 0.482422234375 0.0638030875 0.487030234375 0.07089231875 0.49341054375000004 0.074200628125
4 0.4962462375 0.090269553125 0.4930560828125 0.0836529375 0.48419454218749997 0.081762475 0.4763963875 0.084125553125 0.472851771875 0.09074216874999999 0.47852315624999997 0.0978314015625 0.48525792812499996 0.102084940625 0.491283775 0.09972186250000001 0.4962462375 0.090269553125
4 0.175008628125 0.03829464375 0.1721680921875 0.0446069484375 0.1726415140625 0.0488151515625 0.1767445125 0.055969095312499995 0.1825833921875 0.05723155625 0.1918940421875 0.0568107359375 0.19505019375 0.0551274546875 0.197732921875 0.05112966249999999 0.1974173078125 0.042502846875 0.195523615625 0.03829464375 0.19142061875 0.035348903125 0.1851083140625 0.034507262500000004 0.1821099703125 0.034507262500000004 0.175008628125 0.03829464375
4 0.20041565156250002 0.07953503125 0.2016781125 0.07932462031250001 0.1989953828125 0.085847334375 0.19789072968750002 0.0934220984375 0.20010003593749998 0.0965782515625 0.20262495781249998 0.1047842453125 0.2076748015625 0.1070987578125 0.21288245312499998 0.1077299875 0.2168276421875 0.10394260625 0.219510371875 0.0984719421875 0.22045721718750003 0.089213896875 0.21935256406249998 0.0810079015625 0.2149339515625 0.0791142109375 0.2106731453125 0.078062159375 0.2040452265625 0.0789038 0.20041565156250002 0.07953503125
4 0.21414491249999998 0.13318961406250002 0.2177744875 0.13276879375 0.21919475624999998 0.12940223281250002 0.21840571875 0.1254044390625 0.21524956562500003 0.12498361875 0.2131980671875 0.12877100156250001 0.21414491249999998 0.13318961406250002
4 0.203571803125 0.1399227375 0.20325618906249998 0.13655617656250002 0.20593891874999998 0.13718740625 0.2084638390625 0.1348728953125 0.2062545328125 0.13066469218750001 0.2021515359375 0.1304542828125 0.20073126718749998 0.1342416640625 0.1974173078125 0.1342416640625 0.196943884375 0.13866027812499998 0.1993109984375 0.14223725 0.203571803125 0.1399227375
4 0.17485082031250002 0.117829675 0.17848039531249998 0.1155151625 0.1814787390625 0.11172778125 0.1821099703125 0.10730916718750001 0.18037408593749998 0.10289055625000001 0.17753354999999998 0.1012072734375 0.17232589843749999 0.1012072734375 0.1690119390625 0.10667793750000001 0.17011659375 0.112569421875 0.1710634375 0.117829675 0.17485082031250002 0.117829675
4 0.161752790625 0.1045738359375 0.160490328125 0.09826153125 0.15638733124999998 0.09594702031249999 0.15449364062499998 0.09615743125000001 0.1532311796875 0.096367840625 0.15149529687500002 0.102469734375 0.153862409375 0.10667793750000001 0.15733417656249998 0.1098340890625 0.1606481375 0.10899244999999999 0.161752790625 0.1045738359375
4 0.1682229015625 0.130875103125 0.1690119390625 0.125194028125 0.16364648125 0.1218274671875 0.1578076 0.11909213437499999 0.1549670625 0.1195129546875 0.1551248703125 0.12498361875 0.156702946875 0.13066469218750001 0.1615949828125 0.1315063328125 0.1656979796875 0.1323479734375 0.1682229015625 0.130875103125
4 0.1503906421875 0.1315063328125 0.15433583281250002 0.135293715625 0.1540202171875 0.128560590625 0.152442140625 0.1245627984375 0.152442140625 0.12035459687500001 0.14912818125 0.1167776234375 0.14581422187499998 0.1155151625 0.14565641406250002 0.121406646875 0.1462876453125 0.125194028125 0.144393953125 0.12729813125 0.1503906421875 0.1315063328125
4 0.1423424546875 0.1165672140625 0.143447109375 0.114252703125 0.1401331484375 0.110254909375 0.1388706875 0.1167776234375 0.13950191875 0.1207754171875 0.14123780156250001 0.1254044390625 0.143604915625 0.12792936093750001 0.143604915625 0.12224828750000001 0.1423424546875 0.1165672140625
5 0.11258706874999999 0.172104928125 0.116392828125 0.17591068906250001 0.1208328828125 0.172950653125 0.12337005625 0.161956234375 0.1252729359375 0.14757891875 0.1211500296875 0.1446188828125 0.11797856250000001 0.14800178125000002 0.11512424218749999 0.153076128125 0.11163562812500001 0.15519043906250002 0.11163562812500001 0.162801959375 0.11258706874999999 0.172104928125
5 0.035837574999999997 0.1636476828125 0.028226053125 0.1691448921875 0.030128934375 0.17591068906250001 0.037740453125000004 0.1737963765625 0.042497654687500004 0.170836340625 0.0453519734375 0.1640705453125 0.0402776265625 0.161533371875 0.035837574999999997 0.1636476828125
5 0.025054587499999996 0.161956234375 0.0304460796875 0.163224821875 0.0364718671875 0.1585733359375 0.0361547203125 0.15265326562499998 0.027591760937499998 0.153076128125 0.02093168125 0.1585733359375 0.025054587499999996 0.161956234375
5 0.015223040625 0.1843679328125 0.0215659734375 0.18394507031250001 0.026323173437500003 0.1780249984375 0.023785999999999998 0.172104928125 0.018077359374999998 0.172950653125 0.012368720312500001 0.1801393109375 0.015223040625 0.1843679328125
5 0.064111340625 0.1304698390625 0.059306428125 0.142081709375 0.06374648125 0.1484246421875 0.0669179484375 0.142504571875 0.0716751484375 0.137430225 0.0757980546875 0.131510153125 0.0719922953125 0.12601294375 0.0669179484375 0.1289729796875 0.064111340625 0.1304698390625
5 0.055817814062500005 0.133201603125 0.049157734375 0.13362446562500002 0.045669121875 0.1370073625 0.05074346875 0.14081312343750002 0.0564521078125 0.137430225 0.055817814062500005 0.133201603125
5 0.2662823828125 0.0617967046875 0.2570704515625 0.0648673484375 0.2533281046875 0.0637158578125 0.2521766140625 0.077149921875 0.25966130781249996 0.08789717500000001 0.26657025624999997 0.09250314062500001 0.27290345781249997 0.0829073796875 0.270312603125 0.068321821875 0.2662823828125 0.0617967046875
5 0.35005338125 0.054120095312500005 0.35091700000000003 0.059109890624999994 0.35840169374999997 0.058342229687500004 0.3699166078125 0.056806909375000006 0.3756740640625 0.0518171125 0.38028003125 0.0479788078125 0.37884066562499996 0.040686028125 0.3759619375 0.0368477234375 0.3690529890625 0.0429890125 0.35984105781250003 0.044140503125 0.35178061875 0.0445243328125 0.346311034375 0.0491303 0.35005338125 0.054120095312500005
5 0.3540836015625 0.09250314062500001 0.3607046765625 0.09403846406250001 0.36847724375 0.092886971875 0.367613625 0.08559419375 0.35984105781250003 0.0829073796875 0.3543714734375 0.0859780234375 0.3540836015625 0.09250314062500001
5 0.383158759375 0.159673471875 0.3860374875 0.161592625 0.38920408906250004 0.15660282812499998 0.38862834375 0.1500777109375 0.3854617421875 0.1481585578125 0.38229514062500003 0.153532184375 0.383158759375 0.159673471875
5 0.3929464359375 0.1500777109375 0.3949615453125 0.1519968625 0.3978402734375 0.1481585578125 0.39812814687500003 0.14355259375 0.396400909375 0.1420172703125 0.3926585625 0.1443202546875 0.3929464359375 0.1500777109375
5 0.397264528125 0.1589058109375 0.40071900156250007 0.15583516718749998 0.39841601875 0.1496938796875 0.396400909375 0.15391601562499999 0.397264528125 0.1589058109375
5 0.571139728125 0.02686813125 0.576033565625 0.026100471874999996 0.5789122953125 0.0218783359375 0.577760803125 0.0165047109375 0.5734427109375 0.0157370484375 0.568261 0.020343015625 0.571139728125 0.02686813125
5 0.576033565625 0.0694733140625 0.5731548375 0.06717033125 0.5691246171875 0.071392465625 0.571139728125 0.074846940625 0.5737305828125 0.07599843125 0.576033565625 0.0694733140625