5 0.833984375 0.0377604171875 0.828125 0.05598958281250001 0.8291015625 0.07552083281250001 0.83984375 0.08203125 0.83984375 0.09765625 0.8466796875 0.1067708328125 0.853515625 0.1028645828125 0.865234375 0.07682291718749999 0.86328125 0.04296875 0.8544921875 0.0260416671875 0.8447265625 0.0260416671875 0.833984375 0.0377604171875
5 0.8994140625 0.4453125 0.904296875 0.4309895828125 0.8955078125 0.4244791671875 0.890625 0.4283854171875 0.8896484375 0.4401041671875 0.8916015625 0.4453125 0.8994140625 0.4453125
4 0.724609375 0.0299479171875 0.7158203125 0.0234375 0.7021484375 0.03125 0.69921875 0.03515625 0.7001953125 0.05208333281250001 0.7080078125 0.05989583281250001 0.7197265625 0.0546875 0.724609375 0.0455729171875 0.724609375 0.0299479171875
4 0.736328125 0.02734375 0.7353515625 0.0364583328125 0.7412109375 0.046875 0.7529296875 0.046875 0.7578125 0.0325520828125 0.7509765625 0.0208333328125 0.7451171875 0.0182291671875 0.736328125 0.02734375
4 0.7236328125 0.05729166718749999 0.7294921875 0.06510416718749999 0.732421875 0.06119791718749999 0.732421875 0.05078125 0.7255859375 0.0494791671875 0.7236328125 0.05729166718749999
4 0.70703125 0.09765625 0.7080078125 0.1041666671875 0.7197265625 0.1119791671875 0.7294921875 0.1067708328125 0.732421875 0.09505208281250001 0.7236328125 0.0859375 0.7158203125 0.0859375 0.70703125 0.09765625
4 0.7265625 0.1236979171875 0.7216796875 0.1145833328125 0.7119140625 0.1119791671875 0.69921875 0.1236979171875 0.6982421875 0.1328125 0.7021484375 0.1432291671875 0.7216796875 0.1432291671875 0.7265625 0.13671875 0.7265625 0.1236979171875
4 0.751953125 0.14453125 0.7470703125 0.1354166671875 0.7314453125 0.1380208328125 0.724609375 0.1471354171875 0.7255859375 0.1614583328125 0.7294921875 0.1692708328125 0.7392578125 0.1692708328125 0.751953125 0.1575520828125 0.751953125 0.14453125
4 0.7138671875 0.203125 0.720703125 0.1966145828125 0.720703125 0.1861979171875 0.7177734375 0.1796875 0.7119140625 0.1770833328125 0.7001953125 0.1796875 0.697265625 0.1861979171875 0.6982421875 0.1979166671875 0.7041015625 0.203125 0.7138671875 0.203125
4 0.728515625 0.21223958281250002 0.7216796875 0.203125 0.7119140625 0.203125 0.705078125 0.21223958281250002 0.7060546875 0.21614583281250002 0.7119140625 0.2265625 0.7197265625 0.2265625 0.728515625 0.21744791718749998 0.728515625 0.21223958281250002
4 0.693359375 0.22526041718749998 0.6953125 0.21744791718749998 0.6904296875 0.203125 0.6806640625 0.20052083281250002 0.6767578125 0.2109375 0.6865234375 0.2265625 0.693359375 0.22526041718749998
4 0.6796875 0.1809895828125 0.6748046875 0.1744791671875 0.6630859375 0.1744791671875 0.66015625 0.1783854171875 0.6611328125 0.1848958328125 0.666015625 0.1966145828125 0.6708984375 0.20052083281250002 0.6796875 0.1940104171875 0.6796875 0.1809895828125
4 0.708984375 0.3450520828125 0.7060546875 0.3411458328125 0.6923828125 0.3385416671875 0.685546875 0.3450520828125 0.6865234375 0.3541666671875 0.6923828125 0.3619791671875 0.7021484375 0.3619791671875 0.708984375 0.35546875 0.708984375 0.3450520828125
4 0.736328125 0.33203125 0.7333984375 0.328125 0.7236328125 0.328125 0.716796875 0.33984375 0.7177734375 0.3463541671875 0.7216796875 0.3541666671875 0.7314453125 0.3541666671875 0.736328125 0.34765625 0.736328125 0.33203125
4 0.703125 0.3919270828125 0.703125 0.38671875 0.6982421875 0.3802083328125 0.6884765625 0.3802083328125 0.6865234375 0.390625 0.6982421875 0.3984375 0.703125 0.3919270828125
4 0.677734375 0.31640625 0.6728515625 0.3072916671875 0.6630859375 0.3046875 0.66015625 0.30859375 0.6591796875 0.3359375 0.6669921875 0.34375 0.673828125 0.33984375 0.677734375 0.3294270828125 0.677734375 0.31640625
4 0.7705078125 0.1666666671875 0.7548828125 0.1692708328125 0.73828125 0.20442708281250002 0.7392578125 0.21614583281250002 0.7470703125 0.2265625 0.755859375 0.22786458281250002 0.7578125 0.23567708281250002 0.75390625 0.24348958281250002 0.7587890625 0.2630208328125 0.7646484375 0.2630208328125 0.7705078125 0.2552083328125 0.7744140625 0.2604166671875 0.7802734375 0.2604166671875 0.7890625 0.24348958281250002 0.791015625 0.23307291718749998 0.791015625 0.22526041718749998 0.7880859375 0.2265625 0.783203125 0.21744791718749998 0.783203125 0.20182291718749998 0.791015625 0.1966145828125 0.791015625 0.1627604171875 0.7802734375 0.1640625 0.7763671875 0.171875 0.7705078125 0.1666666671875
4 0.78515625 0.3424479171875 0.783203125 0.3216145828125 0.7802734375 0.3177083328125 0.76953125 0.3216145828125 0.7685546875 0.3411458328125 0.7705078125 0.34375 0.7802734375 0.3411458328125 0.7822265625 0.3463541671875 0.78515625 0.3424479171875
4 0.75390625 0.35546875 0.75390625 0.3450520828125 0.7451171875 0.34375 0.7421875 0.34765625 0.7431640625 0.3541666671875 0.7509765625 0.359375 0.75390625 0.35546875
4 0.7197265625 0.3776041671875 0.7216796875 0.3802083328125 0.7353515625 0.3776041671875 0.736328125 0.3658854171875 0.7197265625 0.3671875 0.7197265625 0.3776041671875
4 0.7587890625 0.3723958328125 0.765625 0.3684895828125 0.7646484375 0.359375 0.7578125 0.3606770828125 0.7587890625 0.3723958328125
4 0.7470703125 0.3802083328125 0.7431640625 0.375 0.7294921875 0.3802083328125 0.7265625 0.3841145828125 0.7275390625 0.3984375 0.7333984375 0.4036458328125 0.7470703125 0.4010416671875 0.7509765625 0.4036458328125 0.755859375 0.3971354171875 0.75390625 0.3919270828125 0.755859375 0.3815104171875 0.7529296875 0.3776041671875 0.7470703125 0.3802083328125
5 0.814453125 0.30859375 0.8076171875 0.296875 0.8017578125 0.296875 0.794921875 0.30859375 0.7958984375 0.3307291671875 0.7978515625 0.3359375 0.8017578125 0.3359375 0.814453125 0.3190104171875 0.814453125 0.30859375
4 0.287109375 0.0403645828125 0.2763671875 0.0260416671875 0.2705078125 0.0260416671875 0.265625 0.0325520828125 0.2666015625 0.0416666671875 0.2744140625 0.05208333281250001 0.2802734375 0.0546875 0.287109375 0.05078125 0.287109375 0.0403645828125
4 0.267578125 0.08723958281250001 0.2685546875 0.09114583281250001 0.2763671875 0.09635416718749999 0.2841796875 0.09635416718749999 0.28515625 0.08463541718749999 0.2822265625 0.08072916718749999 0.2744140625 0.08072916718749999 0.267578125 0.08723958281250001
4 0.2744140625 0.1458333328125 0.2861328125 0.1484375 0.2890625 0.14453125 0.2841796875 0.1276041671875 0.275390625 0.1315104171875 0.2744140625 0.1458333328125
4 0.29296875 0.19921875 0.2939453125 0.203125 0.2998046875 0.2109375 0.3037109375 0.2109375 0.30859375 0.1966145828125 0.3056640625 0.1901041671875 0.2978515625 0.1901041671875 0.29296875 0.19921875
4 0.3095703125 0.2421875 0.3154296875 0.24479166718749998 0.322265625 0.22786458281250002 0.3134765625 0.2265625 0.30859375 0.23567708281250002 0.3095703125 0.2421875
4 0.2724609375 0.23177083281250002 0.2822265625 0.234375 0.2890625 0.22005208281250002 0.2802734375 0.21614583281250002 0.2734375 0.22526041718749998 0.2724609375 0.23177083281250002
4 0.2587890625 0.21875 0.2666015625 0.22395833281250002 0.26953125 0.21223958281250002 0.2646484375 0.20572916718749998 0.2587890625 0.20572916718749998 0.2587890625 0.21875
4 0.2578125 0.2903645828125 0.2578125 0.28515625 0.2509765625 0.2760416671875 0.244140625 0.2799479171875 0.2451171875 0.296875 0.2509765625 0.2994791671875 0.2578125 0.2903645828125
4 0.2666015625 0.2708333328125 0.27734375 0.2721354171875 0.27734375 0.2591145828125 0.2744140625 0.2552083328125 0.265625 0.2591145828125 0.2666015625 0.2708333328125
4 0.302734375 0.2825520828125 0.3037109375 0.2890625 0.3134765625 0.3046875 0.3203125 0.29296875 0.3203125 0.2747395828125 0.3173828125 0.2708333328125 0.3095703125 0.2708333328125 0.302734375 0.2825520828125
4 0.3056640625 0.3307291671875 0.3125 0.31640625 0.2998046875 0.3151041671875 0.296875 0.3190104171875 0.2978515625 0.3307291671875 0.2998046875 0.3333333328125 0.3056640625 0.3307291671875
4 0.3076171875 0.3619791671875 0.3125 0.3502604171875 0.3095703125 0.34375 0.2998046875 0.34375 0.2998046875 0.3541666671875 0.3037109375 0.3619791671875 0.3076171875 0.3619791671875
4 0.3251953125 0.3229166671875 0.3310546875 0.328125 0.333984375 0.3190104171875 0.3271484375 0.3125 0.32421875 0.31640625 0.3251953125 0.3229166671875
4 0.3154296875 0.3411458328125 0.3212890625 0.34375 0.326171875 0.3372395828125 0.3232421875 0.3229166671875 0.31640625 0.3294270828125 0.3154296875 0.3411458328125
4 0.337890625 0.3528645828125 0.33984375 0.3450520828125 0.3349609375 0.3385416671875 0.328125 0.33984375 0.3271484375 0.3567708328125 0.3310546875 0.359375 0.337890625 0.3528645828125
5 0 0.1497395828125 0.0009765625 0.1822916671875 0.0048828125 0.1822916671875 0.0234375 0.1575520828125 0.0234375 0.14453125 0.0166015625 0.1354166671875 0.0107421875 0.1354166671875 0 0.1497395828125
2 0.1626826125 0 0.1750355953125 0.0057289203125 0.17664685468750002 0.02005121875 0.1750355953125 0.028644596875 0.168053475 0.047263585937500005 0.16966473437500001 0.05872142500000001 0.17610976875 0.06230199843749999 0.1793322859375 0.078056528125 0.1755726828125 0.0916627109375 0.172350165625 0.0995399765625 0.1739614234375 0.1088494703125 0.17986937187500002 0.1152945046875 0.183628975 0.12890068906250002 0.1804064578125 0.138926296875 0.172350165625 0.12102342343750001 0.1637567859375 0.12317176875 0.156774665625 0.12890068906250002 0.156774665625 0.14107464218750002 0.168053475 0.1439391015625 0.1750355953125 0.1575452859375 0.1712759921875 0.17473204375 0.171813078125 0.2055249859375 0.1691276484375 0.22629231875000003 0.1610713546875 0.2542208015625 0.16966473437500001 0.25851749062499996 0.172350165625 0.285729859375 0.16644221718750002 0.298619928125 0.161608440625 0.30506496250000004 0.1653680453125 0.31365834062500003 0.171813078125 0.3201033765625 0.1675163890625 0.327980640625 0.156774665625 0.326548409375 0.15140380312499999 0.32726452500000003 0.15032963125 0.33514178906250003 0.161608440625 0.34373516875 0.16859056249999999 0.350180203125 0.172350165625 0.3687991921875 0.1728872515625 0.3838376046875 0.1675163890625 0.3974437890625 0.1738596703125 0.4121621078125 0.1807417828125 0.4312790890625 0.1919252171875 0.44619033437500005 0.2165861234375 0.47601282500000003 0.2352251796875 0.49015939062499997 0.26762846093750003 0.50889403125 0.29480581875 0.508441603125 0.31809729062500003 0.499335540625 0.3378833671875 0.47983622031250006 0.3857714046875 0.394956825 0.399248875 0.3590169015625 0.4067044984375 0.352517128125 0.41243959218750004 0.34181161875 0.4112925734375 0.3284297328125 0.41672438593749994 0.31437445625 0.41157932812500003 0.29440150625 0.4012561578125 0.277960903125 0.3892124609375 0.26266731718749997 0.3966680828125 0.24660905312499998 0.3923667625 0.24316799687500001 0.39638132812500004 0.23131546875 0.3983886109375 0.22213931874999998 0.3966680828125 0.20990445000000002 0.39408729062500003 0.19996362031249998 0.4029766875 0.1858170546875 0.3969548375 0.17740558281250002 0.38634491249999997 0.1689941109375 0.3860581578125 0.152935846875 0.384624384375 0.1464360734375 0.384624384375 0.13076015000000002 0.384624384375 0.11431954531249999 0.38978596875 0.10131999843749999 0.3920800078125 0.0883204515625 0.3960945734375 0.076085584375 0.3923667625 0.069203471875 0.3874919328125 0.069203471875 0.371720421875 0.076085584375 0.382330346875 0.06882113125 0.3794628 0.062703696875 0.38663166875 0.056968603124999996 0.39738928281249997 0 0.3533482140625 0 0.34421775 0.0759081828125 0.3469031796875 0.122455653125 0.3549594734375 0.1869059984375 0.36355285312499996 0.2255762046875 0.36999788749999996 0.25851749062499996 0.3640899375 0.33299344375 0.3409952328125 0.39529544375 0.316826353125 0.42537227031249997 0.2695627671875 0.434681765625 0.24324554375 0.42537227031249997 0.2190766640625 0.375244225 0.2061865953125 0.304348846875 0.20672368125 0.239898503125 0.2126316296875 0.190486571875 0.2131687171875 0.1346296078125 0.21746540625000002 0.0701792640625 0.21746540625000002 0.026496253125 0.21746540625000002 0 0.1626826125 0