4 0.8681640625 0.5286458328125 0.8759765625 0.5390625 0.8828125 0.5325520828125 0.8828125 0.5221354171875 0.8779296875 0.5130208328125 0.8720703125 0.5130208328125 0.8671875 0.5221354171875 0.8681640625 0.5286458328125
4 0.107421875 0.3736979171875 0.107421875 0.3658854171875 0.1025390625 0.359375 0.091796875 0.3658854171875 0.0927734375 0.3802083328125 0.1005859375 0.3828125 0.107421875 0.3736979171875
4 0.3017578125 0.3125 0.3134765625 0.3203125 0.322265625 0.30859375 0.322265625 0.2981770828125 0.3154296875 0.2942708328125 0.3076171875 0.2994791671875 0.30078125 0.30859375 0.3017578125 0.3125
4 0.5146484375 0.1171875 0.5244140625 0.1223958328125 0.53125 0.1158854171875 0.533203125 0.1080729171875 0.5263671875 0.09635416718749999 0.5166015625 0.09635416718749999 0.513671875 0.1002604171875 0.5146484375 0.1171875
5 0.15234375 0.26171875 0.1494140625 0.24479166718749998 0.1396484375 0.24479166718749998 0.13671875 0.24869791718749998 0.1357421875 0.265625 0.1474609375 0.2682291671875 0.15234375 0.26171875
4 0.4541015625 0.20833333281250002 0.4638671875 0.2109375 0.47265625 0.20182291718749998 0.47265625 0.1966145828125 0.4677734375 0.1901041671875 0.4580078125 0.1901041671875 0.453125 0.20182291718749998 0.4541015625 0.20833333281250002
4 0.6533203125 0.3098958328125 0.6611328125 0.3151041671875 0.6669921875 0.3125 0.66796875 0.3059895828125 0.6591796875 0.2916666671875 0.6552734375 0.2916666671875 0.65234375 0.2981770828125 0.6533203125 0.3098958328125
4 0.5888671875 0.2838541671875 0.580078125 0.2955729171875 0.5810546875 0.2994791671875 0.5888671875 0.3098958328125 0.5927734375 0.3098958328125 0.6015625 0.2903645828125 0.599609375 0.2799479171875 0.5947265625 0.2786458328125 0.5888671875 0.2838541671875
4 0.1640625 0.15234375 0.1611328125 0.1354166671875 0.1513671875 0.1328125 0.146484375 0.13671875 0.1474609375 0.140625 0.1533203125 0.1536458328125 0.1640625 0.15234375
4 0.1337890625 0.2604166671875 0.1376953125 0.2682291671875 0.1474609375 0.2682291671875 0.15234375 0.26171875 0.15234375 0.2513020828125 0.1494140625 0.24479166718749998 0.1396484375 0.24479166718749998 0.1337890625 0.2604166671875
4 0.4912109375 0.1536458328125 0.4970703125 0.1640625 0.5009765625 0.1640625 0.505859375 0.1471354171875 0.5009765625 0.140625 0.4970703125 0.140625 0.4921875 0.14453125 0.4912109375 0.1536458328125
4 0.69921875 0.24348958281250002 0.69921875 0.22265625 0.6943359375 0.21354166718749998 0.685546875 0.22265625 0.6865234375 0.234375 0.6904296875 0.2421875 0.69921875 0.24348958281250002
4 0.2919921875 0.1276041671875 0.2890625 0.1315104171875 0.2900390625 0.140625 0.2919921875 0.1458333328125 0.3017578125 0.1510416671875 0.30859375 0.1471354171875 0.30859375 0.1393229171875 0.2998046875 0.1276041671875 0.2919921875 0.1276041671875
4 0.5634765625 0.3619791671875 0.5693359375 0.3671875 0.5771484375 0.3645833328125 0.578125 0.3502604171875 0.5732421875 0.34375 0.5673828125 0.34375 0.5625 0.35546875 0.5634765625 0.3619791671875
4 0.0224609375 0.2994791671875 0.0244140625 0.3020833328125 0.0400390625 0.2994791671875 0.04296875 0.2877604171875 0.0361328125 0.28125 0.0283203125 0.28125 0.021484375 0.2903645828125 0.0224609375 0.2994791671875
5 0.7919921875 0.171875 0.794921875 0.1627604171875 0.7861328125 0.1614583328125 0.7783203125 0.1510416671875 0.7744140625 0.1666666671875 0.7822265625 0.171875 0.7919921875 0.171875
4 0.27734375 0.32421875 0.2724609375 0.3151041671875 0.2685546875 0.3151041671875 0.265625 0.3216145828125 0.2666015625 0.3333333328125 0.2705078125 0.3359375 0.27734375 0.32421875
4 0.638671875 0.02734375 0.6337890625 0.0182291671875 0.6259765625 0.013020832812499999 0.619140625 0.0169270828125 0.6201171875 0.0234375 0.6298828125 0.03125 0.638671875 0.02734375
4 0.5419921875 0.1614583328125 0.5458984375 0.1666666671875 0.5595703125 0.1666666671875 0.56640625 0.16015625 0.5595703125 0.1484375 0.5478515625 0.1458333328125 0.541015625 0.1549479171875 0.5419921875 0.1614583328125
4 0.7001953125 0.3567708328125 0.7041015625 0.3645833328125 0.7109375 0.3606770828125 0.712890625 0.3528645828125 0.7080078125 0.3411458328125 0.7041015625 0.3411458328125 0.69921875 0.34765625 0.7001953125 0.3567708328125
4 0.4326171875 0.3645833328125 0.42578125 0.3736979171875 0.4248046875 0.3854166671875 0.4287109375 0.3932291671875 0.4384765625 0.3958333328125 0.44921875 0.3763020828125 0.447265625 0.3658854171875 0.4384765625 0.3619791671875 0.4326171875 0.3645833328125
4 0.6171875 0.22265625 0.615234375 0.21484375 0.6044921875 0.20572916718749998 0.59765625 0.21223958281250002 0.5986328125 0.2265625 0.6123046875 0.23697916718749998 0.6171875 0.22265625
4 0.3916015625 0.4375 0.4013671875 0.4401041671875 0.40625 0.43359375 0.40625 0.42578125 0.4013671875 0.421875 0.3935546875 0.4244791671875 0.390625 0.4283854171875 0.3916015625 0.4375
4 0.8359375 0.17578125 0.8388671875 0.1770833328125 0.83984375 0.1653645828125 0.84765625 0.1497395828125 0.8583984375 0.1432291671875 0.865234375 0.1341145828125 0.865234375 0.1236979171875 0.8603515625 0.1145833328125 0.8525390625 0.1119791671875 0.841796875 0.1184895828125 0.83984375 0.13671875 0.833984375 0.1549479171875 0.8349609375 0.1692708328125 0.8359375 0.17578125
4 0.8671875 0.40234375 0.8701171875 0.40625 0.8818359375 0.4036458328125 0.888671875 0.3893229171875 0.888671875 0.3346354171875 0.8857421875 0.3307291671875 0.8740234375 0.3307291671875 0.8671875 0.33984375 0.8623046875 0.359375 0.87109375 0.3736979171875 0.865234375 0.38671875 0.8671875 0.40234375
4 0.8544921875 0.4557291671875 0.8603515625 0.4635416671875 0.869140625 0.4596354171875 0.87109375 0.4388020828125 0.8662109375 0.4270833328125 0.8603515625 0.4270833328125 0.85546875 0.43359375 0.8544921875 0.4557291671875
4 0.7744140625 0.1666666671875 0.7841796875 0.171875 0.794921875 0.16796875 0.7919921875 0.1614583328125 0.7861328125 0.1614583328125 0.7802734375 0.1510416671875 0.775390625 0.1549479171875 0.7744140625 0.1666666671875
4 0.6689453125 0.046875 0.6748046875 0.06770833281250001 0.6826171875 0.06510416718749999 0.69140625 0.0481770828125 0.6875 0.03515625 0.6748046875 0.0260416671875 0.66796875 0.0325520828125 0.6689453125 0.046875
4 0.671875 0.08723958281250001 0.6708984375 0.09895833281250001 0.6728515625 0.1041666671875 0.681640625 0.1028645828125 0.6767578125 0.08333333281250001 0.671875 0.08723958281250001
4 0.7705078125 0.078125 0.7734375 0.07421875 0.771484375 0.07161458281250001 0.779296875 0.06380208281250001 0.779296875 0.05338541718749999 0.7646484375 0.0416666671875 0.7587890625 0.0416666671875 0.75390625 0.0481770828125 0.7529296875 0.06510416718749999 0.7607421875 0.06770833281250001 0.7666015625 0.078125 0.7705078125 0.078125
4 0.76171875 0.2955729171875 0.76171875 0.27734375 0.7568359375 0.2682291671875 0.7490234375 0.2708333328125 0.7412109375 0.2682291671875 0.734375 0.27734375 0.7353515625 0.2838541671875 0.7373046875 0.2890625 0.7509765625 0.2916666671875 0.7548828125 0.2994791671875 0.76171875 0.2955729171875
4 0.755859375 0.4231770828125 0.7578125 0.40234375 0.7373046875 0.3880208328125 0.7333984375 0.390625 0.7333984375 0.4244791671875 0.740234375 0.4466145828125 0.7451171875 0.453125 0.7490234375 0.453125 0.7578125 0.43359375 0.755859375 0.4231770828125
4 0.66796875 0.42578125 0.671875 0.4205729171875 0.671875 0.3815104171875 0.6669921875 0.3723958328125 0.6591796875 0.3723958328125 0.654296875 0.37890625 0.6533203125 0.3880208328125 0.638671875 0.39453125 0.6396484375 0.4322916671875 0.6533203125 0.4479166671875 0.669921875 0.4440104171875 0.66796875 0.42578125
4 0.5224609375 0.3958333328125 0.5263671875 0.4036458328125 0.5302734375 0.4036458328125 0.53515625 0.3971354171875 0.53515625 0.3841145828125 0.5322265625 0.3776041671875 0.5234375 0.3815104171875 0.5224609375 0.3958333328125
4 0.5048828125 0.421875 0.4990234375 0.4296875 0.5048828125 0.4401041671875 0.513671875 0.4388020828125 0.5126953125 0.421875 0.5048828125 0.421875
4 0.48828125 0.54296875 0.486328125 0.5299479171875 0.4755859375 0.5286458328125 0.47265625 0.5325520828125 0.4736328125 0.5442708328125 0.4853515625 0.546875 0.48828125 0.54296875
4 0.44921875 0.2955729171875 0.4443359375 0.2890625 0.4345703125 0.2864583328125 0.4296875 0.29296875 0.4306640625 0.3020833328125 0.4423828125 0.3072916671875 0.44921875 0.2955729171875
4 0.3701171875 0.2630208328125 0.36328125 0.2747395828125 0.3642578125 0.2864583328125 0.3671875 0.2955729171875 0.3740234375 0.2994791671875 0.384765625 0.2825520828125 0.3828125 0.2669270828125 0.3798828125 0.2630208328125 0.3701171875 0.2630208328125
4 0.32421875 0.06901041718749999 0.322265625 0.07682291718749999 0.3232421875 0.09375 0.3291015625 0.1015625 0.3408203125 0.1015625 0.345703125 0.08463541718749999 0.3349609375 0.06770833281250001 0.3291015625 0.06510416718749999 0.32421875 0.06901041718749999
4 0.3466796875 0.1432291671875 0.3583984375 0.1510416671875 0.36328125 0.1471354171875 0.36328125 0.13671875 0.3603515625 0.1328125 0.3525390625 0.1328125 0.345703125 0.13671875 0.3466796875 0.1432291671875
4 0.4951171875 0 0.4951171875 0.0078125 0.5068359375 0.0234375 0.51171875 0.0221354171875 0.5126953125 0 0.4951171875 0
4 0.19140625 0.1549479171875 0.185546875 0.1627604171875 0.1865234375 0.1692708328125 0.1953125 0.16796875 0.1953125 0.1549479171875 0.201171875 0.1471354171875 0.1923828125 0.1354166671875 0.1875 0.1393229171875 0.19140625 0.1549479171875
4 0.29296875 0.4622395828125 0.2939453125 0.4791666671875 0.3017578125 0.4817708328125 0.3046875 0.4778645828125 0.3017578125 0.4557291671875 0.29296875 0.4622395828125
4 0.5087890625 0.21614583281250002 0.5146484375 0.22395833281250002 0.5322265625 0.22395833281250002 0.537109375 0.21223958281250002 0.5322265625 0.20052083281250002 0.5205078125 0.1953125 0.5078125 0.20703125 0.5087890625 0.21614583281250002
4 0.1962890625 0.6744791671875 0.2080078125 0.671875 0.2216796875 0.65625 0.2353515625 0.6484375 0.2412109375 0.6510416671875 0.2744140625 0.6484375 0.3193359375 0.6614583328125 0.3408203125 0.6614583328125 0.3603515625 0.6744791671875 0.3642578125 0.671875 0.3779296875 0.6744791671875 0.3896484375 0.6692708328125 0.4150390625 0.6796875 0.4462890625 0.6822916671875 0.4521484375 0.6848958328125 0.4541015625 0.6927083328125 0.4658203125 0.6927083328125 0.4736328125 0.6979166671875 0.4912109375 0.6901041671875 0.4970703125 0.6822916671875 0.5439453125 0.6744791671875 0.5693359375 0.6770833328125 0.576171875 0.68359375 0.5771484375 0.6901041671875 0.5888671875 0.6953125 0.6259765625 0.6927083328125 0.6396484375 0.6875 0.6435546875 0.6822916671875 0.6552734375 0.6822916671875 0.6572265625 0.6901041671875 0.6650390625 0.6927083328125 0.6748046875 0.6901041671875 0.6943359375 0.6979166671875 0.7060546875 0.6953125 0.7119140625 0.7005208328125 0.7216796875 0.7005208328125 0.7333984375 0.6927083328125 0.7470703125 0.6953125 0.75390625 0.69140625 0.7529296875 0.6770833328125 0.7587890625 0.6796875 0.7626953125 0.6770833328125 0.7685546875 0.6822916671875 0.8232421875 0.6666666671875 0.8564453125 0.6458333328125 0.8837890625 0.6354166671875 0.8916015625 0.625 0.9072265625 0.6197916671875 0.9296875 0.59765625 0.93359375 0.5872395828125 0.931640625 0.58203125 0.953125 0.5533854171875 0.953125 0.5403645828125 0.9599609375 0.5416666671875 0.962890625 0.5377604171875 0.9609375 0.5247395828125 0.96484375 0.5247395828125 0.9658203125 0.5338541671875 0.9736328125 0.53125 0.9755859375 0.5234375 0.9814453125 0.5234375 0.99609375 0.5065104171875 1 0.4908854171875 0.998046875 0.4778645828125 1 0.4388020828125 0.99609375 0.43359375 0.994140625 0.39453125 0.99609375 0.3893229171875 0.990234375 0.37109375 0.9921875 0.3580729171875 0.986328125 0.33984375 0.98828125 0.3372395828125 0.984375 0.3294270828125 0.986328125 0.32421875 0.98046875 0.3033854171875 0.9638671875 0.2838541671875 0.9599609375 0.2890625 0.9501953125 0.2864583328125 0.94921875 0.2825520828125 0.9560546875 0.2734375 0.9599609375 0.2760416671875 0.9609375 0.2721354171875 0.94921875 0.2669270828125 0.951171875 0.2565104171875 0.9482421875 0.2526041671875 0.9423828125 0.2552083328125 0.921875 0.23567708281250002 0.912109375 0.20442708281250002 0.9140625 0.1940104171875 0.91015625 0.1888020828125 0.91015625 0.1809895828125 0.90625 0.1809895828125 0.9052734375 0.1901041671875 0.90234375 0.1861979171875 0.904296875 0.1549479171875 0.900390625 0.1393229171875 0.890625 0.1263020828125 0.88671875 0.10546875 0.865234375 0.06901041718749999 0.8544921875 0.0546875 0.8408203125 0.0494791671875 0.8115234375 0.0182291671875 0.7919921875 0.0052083328125 0.5654296875 0.0052083328125 0.5634765625 0.0078125 0.5615234375 0.0052083328125 0.5576171875 0.0078125 0.5556640625 0.0052083328125 0.5498046875 0.0078125 0.5009765625 0.0052083328125 0.4990234375 0.010416667187500001 0.4931640625 0.0052083328125 0.0048828125 0.0052083328125 0.00390625 0.1002604171875 0.005859375 0.10546875 0.001953125 0.11328125 0.00390625 0.1158854171875 0.0029296875 0.1770833328125 0.00390625 0.5533854171875 0.0078125 0.56640625 0.0205078125 0.578125 0.0341796875 0.5755208328125 0.0517578125 0.6015625 0.0615234375 0.609375 0.0634765625 0.6067708328125 0.1025390625 0.6197916671875 0.1357421875 0.6484375 0.1533203125 0.6536458328125 0.1591796875 0.6614583328125 0.1865234375 0.6640625 0.1904296875 0.671875 0.1962890625 0.6744791671875
2 0.67578125 0.7434895828125 0.6923828125 0.734375 0.7001953125 0.7369791671875 0.705078125 0.7252604171875 0.7021484375 0.7213541671875 0.6982421875 0.7265625 0.6884765625 0.7291666671875 0.6611328125 0.7317708328125 0.6533203125 0.734375 0.6494140625 0.7447916671875 0.6435546875 0.7421875 0.638671875 0.7486979171875 0.63671875 0.7643229171875 0.6279296875 0.7682291671875 0.6171875 0.7903645828125 0.6181640625 0.8020833328125001 0.6240234375 0.8125 0.6376953125 0.8203125 0.6455078125 0.8177083328125001 0.65234375 0.80859375 0.6533203125 0.7994791671875 0.6611328125 0.8046875 0.6787109375 0.8020833328125001 0.68359375 0.7825520828125 0.693359375 0.7643229171875 0.6787109375 0.7630208328125 0.685546875 0.7591145828125 0.68359375 0.75390625 0.685546875 0.7486979171875 0.67578125 0.7434895828125