5 0.9560546875 0.0286458328125 0.947265625 0.0377604171875 0.947265625 0.05078125 0.9560546875 0.05729166718749999 0.9609375 0.05598958281250001 0.9658203125 0.0546875 0.974609375 0.04296875 0.9716796875 0.03125 0.9560546875 0.0286458328125
5 0.8017578125 0.22135416718749998 0.8095703125 0.23177083281250002 0.822265625 0.23307291718749998 0.833984375 0.22526041718749998 0.837890625 0.20182291718749998 0.8251953125 0.1848958328125 0.8173828125 0.1796875 0.8017578125 0.1770833328125 0.791015625 0.19140625 0.79296875 0.21223958281250002 0.7978515625 0.22135416718749998 0.8017578125 0.22135416718749998
4 0.9794921875 0.2421875 0.986328125 0.24088541718749998 0.990234375 0.23828125 0.990234375 0.23046875 0.9873046875 0.2265625 0.9794921875 0.2265625 0.9765625 0.23828125 0.9794921875 0.2421875
5 0.7021484375 0.3619791671875 0.6943359375 0.3619791671875 0.6875 0.37109375 0.6875 0.3919270828125 0.697265625 0.3971354171875 0.7041015625 0.3958333328125 0.7109375 0.3841145828125 0.7109375 0.37109375 0.7021484375 0.3619791671875
5 0.833984375 0.6575520828125 0.84375 0.6575520828125 0.8564453125 0.6510416671875 0.859375 0.6393229171875 0.8486328125 0.625 0.8388671875 0.625 0.83203125 0.63671875 0.833984375 0.6575520828125
5 0.6689453125 0.4348958328125 0.6640625 0.44140625 0.662109375 0.4544270828125 0.6650390625 0.4609375 0.673828125 0.4622395828125 0.6796875 0.45703125 0.6796875 0.44140625 0.6748046875 0.4348958328125 0.6689453125 0.4348958328125
2 0.833984375 0.5794270828125 0.826171875 0.5690104171875 0.82421875 0.5559895828125 0.8173828125 0.5520833328125 0.7998046875 0.5546875 0.7802734375 0.5390625 0.7705078125 0.5416666671875 0.765625 0.55078125 0.765625 0.55859375 0.755859375 0.57421875 0.7578125 0.58984375 0.7626953125 0.59375 0.7802734375 0.59375 0.7919921875 0.6067708328125 0.806640625 0.6106770828125 0.8271484375 0.6067708328125 0.8359375 0.59765625 0.833984375 0.5794270828125
2 0.833984375 0.57421875 0.8447265625 0.6015625 0.8828125 0.6184895828125 0.884765625 0.60546875 0.8916015625 0.6015625 0.9140625 0.56640625 0.904296875 0.55859375 0.908203125 0.5455729171875 0.9013671875 0.5416666671875 0.8974609375 0.53125 0.8447265625 0.5598958328125 0.833984375 0.57421875
5 0.78515625 0.22005208281250002 0.7744140625 0.20833333281250002 0.7607421875 0.20052083281250002 0.7373046875 0.2109375 0.724609375 0.23046875 0.724609375 0.24088541718749998 0.7353515625 0.25 0.755859375 0.24869791718749998 0.78515625 0.23307291718749998 0.78515625 0.22005208281250002
4 1 0.18359375 0.9931640625 0.1796875 0.9873046875 0.1822916671875 0.9697265625 0.171875 0.9482421875 0.1744791671875 0.9365234375 0.1822916671875 0.9267578125 0.1953125 0.8994140625 0.21354166718749998 0.890625 0.23046875 0.888671875 0.24869791718749998 0.9306640625 0.3046875 0.9384765625 0.3098958328125 0.9443359375 0.3072916671875 0.9482421875 0.3151041671875 0.9619140625 0.3229166671875 0.978515625 0.3216145828125 1 0.3190104171875 1 0.18359375
4 0.96875 0.23046875 0.98046875 0.21484375 0.98046875 0.20442708281250002 0.9697265625 0.1927083328125 0.9365234375 0.1901041671875 0.9296875 0.19921875 0.9365234375 0.2109375 0.9423828125 0.20572916718749998 0.9453125 0.21744791718749998 0.9580078125 0.22916666718749998 0.96875 0.23046875
4 0.892578125 0.23567708281250002 0.8984375 0.24348958281250002 0.90234375 0.2591145828125 0.9052734375 0.2630208328125 0.91796875 0.26171875 0.927734375 0.24348958281250002 0.927734375 0.23567708281250002 0.9208984375 0.22916666718749998 0.9111328125 0.2265625 0.9052734375 0.23177083281250002 0.8974609375 0.22135416718749998 0.892578125 0.22786458281250002 0.892578125 0.23567708281250002
4 0.939453125 0.30859375 0.943359375 0.2981770828125 0.931640625 0.2877604171875 0.93359375 0.2825520828125 0.9306640625 0.2786458328125 0.9267578125 0.2786458328125 0.92578125 0.28515625 0.9296875 0.2903645828125 0.923828125 0.2955729171875 0.9306640625 0.3046875 0.939453125 0.30859375
4 0.970703125 0.23567708281250002 0.9482421875 0.23177083281250002 0.943359375 0.2513020828125 0.9482421875 0.2578125 0.958984375 0.26171875 0.96875 0.2513020828125 0.970703125 0.23567708281250002
2 0.8642578125 0.25 0.8818359375 0.2682291671875 0.888671875 0.2669270828125 0.892578125 0.26171875 0.890625 0.24869791718749998 0.896484375 0.25390625 0.896484375 0.24088541718749998 0.892578125 0.22786458281250002 0.8984375 0.22005208281250002 0.900390625 0.20963541718749998 0.890625 0.20703125 0.890625 0.20182291718749998 0.896484375 0.1940104171875 0.888671875 0.1861979171875 0.8876953125 0.1770833328125 0.8720703125 0.1875 0.8466796875 0.1953125 0.8359375 0.20442708281250002 0.8359375 0.21744791718749998 0.83203125 0.22786458281250002 0.8369140625 0.23697916718749998 0.8427734375 0.23697916718749998 0.8642578125 0.25
2 0.955078125 0.12890625 0.9501953125 0.140625 0.94140625 0.14453125 0.9443359375 0.15625 0.9521484375 0.1510416671875 0.958984375 0.1549479171875 0.94921875 0.16796875 0.9501953125 0.171875 0.9580078125 0.1692708328125 0.9853515625 0.1822916671875 1 0.1809895828125 0.9990234375 0.1354166671875 0.9814453125 0.1380208328125 0.9736328125 0.1276041671875 0.9619140625 0.1223958328125 0.955078125 0.12890625
2 0.958984375 0.3528645828125 0.9658203125 0.359375 0.970703125 0.3580729171875 0.9794921875 0.3567708328125 0.9912109375 0.34375 0.9990234375 0.3411458328125 1 0.32421875 0.9638671875 0.3229166671875 0.9580078125 0.3307291671875 0.9541015625 0.3307291671875 0.951171875 0.3372395828125 0.958984375 0.3528645828125
5 0.8564453125 0.3671875 0.8515625 0.3763020828125 0.8515625 0.3841145828125 0.8583984375 0.3932291671875 0.865234375 0.3919270828125 0.873046875 0.3815104171875 0.873046875 0.3736979171875 0.8681640625 0.3671875 0.8564453125 0.3671875
4 1 0.59765625 0.9970703125 0.59375 0.9892578125 0.5911458328125 0.9794921875 0.59375 0.970703125 0.60546875 0.96875 0.61328125 0.970703125 0.6236979171875 0.9775390625 0.6328125 0.984375 0.6341145828125 0.9931640625 0.6302083328125 1 0.62109375 1 0.59765625
4 0.9560546875 0.671875 0.96484375 0.6731770828125 0.966796875 0.66796875 0.9619140625 0.65625 0.9541015625 0.65625 0.951171875 0.66015625 0.951171875 0.6653645828125 0.9560546875 0.671875
4 1 0.6731770828125 0.9912109375 0.671875 0.986328125 0.6809895828125 0.9912109375 0.6901041671875 1 0.69140625 1 0.6731770828125
5 0.9365234375 0.7057291671875 0.94140625 0.7044270828125 0.9453125 0.69921875 0.943359375 0.69140625 0.9345703125 0.6901041671875 0.931640625 0.6940104171875 0.93359375 0.7018229171875 0.9365234375 0.7057291671875