2 0.125 0.9990234375 0.1432291671875 0.9990234375 0.1510416671875 0.9638671875 0.1666666671875 0.9423828125 0.1692708328125 0.9267578125 0.1692708328125 0.9013671875 0.1575520828125 0.884765625 0.1497395828125 0.88671875 0.1380208328125 0.8994140625 0.1380208328125 0.9150390625 0.1432291671875 0.9208984375 0.1432291671875 0.9287109375 0.1354166671875 0.9404296875 0.1328125 0.9560546875 0.1223958328125 0.9775390625 0.125 0.9990234375
2 0.1497395828125 0 0.06510416718749999 0.0009765625 0.078125 0.0537109375 0.08984375 0.0625 0.1015625 0.0615234375 0.1171875 0.0537109375 0.1223958328125 0.0380859375 0.1458333328125 0.0244140625 0.1510416671875 0.0107421875 0.1497395828125 0
5 0.7760416671875 0.1455078125 0.7877604171875 0.15625 0.8020833328125001 0.1572265625 0.8098958328125001 0.1533203125 0.8125 0.1396484375 0.7981770828125 0.12890625 0.78515625 0.12890625 0.7760416671875 0.1376953125 0.7760416671875 0.1455078125
5 0.8033854171874999 0.16015625 0.7994791671875 0.1630859375 0.7994791671875 0.1708984375 0.8033854171874999 0.173828125 0.8098958328125001 0.1728515625 0.8151041671874999 0.1650390625 0.8033854171874999 0.16015625
2 0.70703125 0.833984375 0.6979166671875 0.8232421875 0.6861979171875 0.81640625 0.6770833328125 0.8193359375 0.671875 0.8310546875 0.671875 0.8603515625 0.6614583328125 0.8701171875 0.6588541671875 0.8935546875 0.6458333328125 0.9150390625 0.6458333328125 0.9208984375 0.6354166671875 0.9326171875 0.6354166671875 0.9443359375 0.6458333328125 0.9599609375 0.6510416671875 0.9619140625 0.6940104171875 0.94921875 0.7122395828125 0.935546875 0.7278645828125 0.931640625 0.7369791671875 0.9248046875 0.734375 0.9169921875 0.7265625 0.9111328125 0.7265625 0.9013671875 0.7356770828125 0.8984375 0.7395833328125 0.8916015625 0.7239583328125 0.8681640625 0.7369791671875 0.8564453125 0.7369791671875 0.8388671875 0.7278645828125 0.83203125 0.70703125 0.833984375
5 0.20572916718749998 0.5185546875 0.21744791718749998 0.53125 0.22916666718749998 0.5322265625 0.2421875 0.5244140625 0.2421875 0.5087890625 0.23307291718749998 0.5 0.22005208281250002 0.5 0.20833333281250002 0.5048828125 0.20572916718749998 0.5185546875
5 0.9401041671874999 0.9716796875 0.9283854171874999 0.970703125 0.9244791671874999 0.9755859375 0.9296875 0.9873046875 0.9375 0.9873046875 0.9348958328125001 0.9794921875 0.9401041671874999 0.9716796875
5 0.2838541671875 0.0634765625 0.29296875 0.072265625 0.3046875 0.0712890625 0.3098958328125 0.0654296875 0.3098958328125 0.0537109375 0.30078125 0.048828125 0.2903645828125 0.048828125 0.2838541671875 0.0556640625 0.2838541671875 0.0634765625
2 0.1666666671875 0.6083984375 0.1575520828125 0.60546875 0.14453125 0.615234375 0.1341145828125 0.615234375 0.1302083328125 0.6201171875 0.1328125 0.6220703125 0.1302083328125 0.6552734375 0.1380208328125 0.6689453125 0.1666666671875 0.6845703125 0.1692708328125 0.6474609375 0.1744791671875 0.6357421875 0.1666666671875 0.6083984375
2 0.6744791671875 0.6904296875 0.6744791671875 0.7060546875 0.6822916671875 0.7177734375 0.6940104171875 0.724609375 0.7057291671875 0.7236328125 0.7161458328125 0.7158203125 0.7109375 0.6962890625 0.7018229171875 0.69140625 0.6783854171875 0.6875 0.6744791671875 0.6904296875
5 0.8684895828125001 0 0.8463541671874999 0.0009765625 0.84765625 0.0078125 0.8580729171874999 0.01171875 0.8645833328125001 0.0107421875 0.8697916671874999 0.0068359375 0.8684895828125001 0
5 0.73046875 0.1171875 0.7369791671875 0.1162109375 0.7395833328125 0.1083984375 0.7330729171875 0.103515625 0.7265625 0.1142578125 0.73046875 0.1171875
5 0.8450520828125001 0.873046875 0.8411458328125001 0.8779296875 0.8489583328125001 0.8818359375 0.8515625 0.8740234375 0.8450520828125001 0.873046875
5 0.91796875 0.974609375 0.9270833328125001 0.9755859375 0.9270833328125001 0.9697265625 0.9205729171874999 0.96484375 0.9088541671874999 0.9658203125 0.91796875 0.974609375
2 0.09505208281250001 0.4375 0.07942708281250001 0.435546875 0.07552083281250001 0.4384765625 0.08723958281250001 0.447265625 0.1158854171875 0.453125 0.12109375 0.45703125 0.1302083328125 0.4560546875 0.1510416671875 0.4443359375 0.14453125 0.439453125 0.1236979171875 0.435546875 0.09505208281250001 0.4375
5 0.9635416671874999 0.1904296875 0.97265625 0.189453125 0.9765625 0.1845703125 0.9752604171874999 0.169921875 0.96484375 0.169921875 0.9583333328125001 0.1767578125 0.953125 0.1904296875 0.9635416671874999 0.1904296875
5 0.953125 0.7685546875 0.9583333328125001 0.7646484375 0.9583333328125001 0.7568359375 0.9544270828125001 0.75390625 0.9466145828125001 0.751953125 0.9348958328125001 0.7568359375 0.9388020828125001 0.767578125 0.953125 0.7685546875
2 0.4309895828125 0.693359375 0.41796875 0.705078125 0.3971354171875 0.705078125 0.3893229171875 0.708984375 0.37109375 0.69921875 0.3645833328125 0.7041015625 0.3645833328125 0.7255859375 0.3723958328125 0.7412109375 0.375 0.7548828125 0.3723958328125 0.7724609375 0.3776041671875 0.7744140625 0.3776041671875 0.7802734375 0.3958333328125 0.7763671875 0.3841145828125 0.775390625 0.3802083328125 0.7724609375 0.3841145828125 0.76953125 0.3971354171875 0.76953125 0.41015625 0.76171875 0.4127604171875 0.763671875 0.42578125 0.76171875 0.4322916671875 0.7705078125 0.4270833328125 0.7763671875 0.4375 0.7861328125 0.44921875 0.791015625 0.4583333328125 0.7900390625 0.46484375 0.787109375 0.4830729171875 0.787109375 0.4895833328125 0.7802734375 0.4895833328125 0.7705078125 0.4817708328125 0.7587890625 0.4791666671875 0.7333984375 0.4817708328125 0.7294921875 0.4791666671875 0.7236328125 0.484375 0.7177734375 0.4752604171875 0.712890625 0.4583333328125 0.7119140625 0.4609375 0.6982421875 0.45703125 0.6953125 0.4309895828125 0.693359375
5 0.7083333328125 0.4423828125 0.7161458328125 0.4326171875 0.7096354171875 0.42578125 0.7018229171875 0.42578125 0.6927083328125 0.4306640625 0.6901041671875 0.4365234375 0.69921875 0.443359375 0.7083333328125 0.4423828125
5 0.8125 0.0302734375 0.8033854171874999 0.02734375 0.7994791671875 0.0380859375 0.8033854171874999 0.041015625 0.8125 0.0400390625 0.8151041671874999 0.0380859375 0.8125 0.0302734375
5 0.7421875 0.7685546875 0.75 0.7705078125 0.7486979171875 0.765625 0.7421875 0.7685546875
5 0.86328125 0.962890625 0.8528645828125001 0.96484375 0.8463541671874999 0.9697265625 0.84765625 0.974609375 0.8645833328125001 0.9736328125 0.8671875 0.9658203125 0.86328125 0.962890625
5 0.9596354171874999 0.9609375 0.96875 0.9599609375 0.9674479171874999 0.953125 0.9622395828125001 0.951171875 0.9557291671874999 0.9541015625 0.9596354171874999 0.9609375
5 0.67578125 0.63671875 0.6822916671875 0.6357421875 0.6848958328125 0.6298828125 0.6809895828125 0.626953125 0.6692708328125 0.6298828125 0.67578125 0.63671875
5 0.9674479171874999 0.927734375 0.9661458328125001 0.9326171875 0.9713541671874999 0.9326171875 0.9739583328125001 0.9287109375 0.9674479171874999 0.927734375
5 0.8216145828125001 0.666015625 0.80859375 0.666015625 0.8046875 0.6689453125 0.8111979171874999 0.67578125 0.8151041671874999 0.6748046875 0.8229166671874999 0.6708984375 0.8216145828125001 0.666015625
5 0.5169270828125 0.806640625 0.5065104171875 0.806640625 0.4869791671875 0.8232421875 0.4986979171875 0.833984375 0.5234375 0.8349609375 0.5286458328125 0.8271484375 0.5234375 0.8232421875 0.5260416671875 0.8193359375 0.5208333328125 0.8095703125 0.5169270828125 0.806640625
5 0.7604166671875 0.8017578125 0.76171875 0.806640625 0.7682291671875 0.8056640625 0.7643229171875 0.80078125 0.7604166671875 0.8017578125
5 0.7747395828125 0.4453125 0.76171875 0.4453125 0.7473958328125 0.4521484375 0.7486979171875 0.455078125 0.7760416671875 0.4541015625 0.8111979171874999 0.451171875 0.8151041671874999 0.4443359375 0.8059895828125001 0.4375 0.79296875 0.435546875 0.7747395828125 0.4453125
5 0.80078125 0.423828125 0.7916666671875 0.4306640625 0.7916666671875 0.4345703125 0.7981770828125 0.4375 0.8072916671874999 0.4365234375 0.8098958328125001 0.4248046875 0.80078125 0.423828125
5 0.8151041671874999 0.4892578125 0.8372395828125001 0.48828125 0.8411458328125001 0.4833984375 0.83203125 0.478515625 0.796875 0.4833984375 0.796875 0.4873046875 0.8033854171874999 0.490234375 0.8151041671874999 0.4892578125
5 0.9817708328125001 0.3974609375 0.9856770828125001 0.40234375 0.9947916671874999 0.4013671875 0.9908854171874999 0.392578125 0.9817708328125001 0.3974609375
5 0.71875 0.1884765625 0.72265625 0.19140625 0.7291666671875 0.1904296875 0.734375 0.1884765625 0.734375 0.1826171875 0.73046875 0.177734375 0.72265625 0.177734375 0.71875 0.1806640625 0.71875 0.1884765625
5 0.3763020828125 0.248046875 0.38671875 0.251953125 0.3984375 0.2509765625 0.40625 0.2451171875 0.40625 0.2294921875 0.3919270828125 0.220703125 0.3723958328125 0.2314453125 0.3723958328125 0.2431640625 0.3763020828125 0.248046875
5 0.5247395828125 0.248046875 0.5338541671875 0.2470703125 0.5364583328125 0.2392578125 0.52734375 0.234375 0.5182291671875 0.2431640625 0.5247395828125 0.248046875
5 0.51171875 0.322265625 0.4973958328125 0.3291015625 0.4973958328125 0.3369140625 0.5013020828125 0.33984375 0.5104166671875 0.3388671875 0.515625 0.3330078125 0.51171875 0.322265625
5 0.5026041671875 0.4404296875 0.4908854171875 0.4375 0.484375 0.4462890625 0.48828125 0.451171875 0.4973958328125 0.4501953125 0.5026041671875 0.4462890625 0.5026041671875 0.4404296875
5 0.4635416671875 0.4794921875 0.4713541671875 0.4794921875 0.4791666671875 0.4658203125 0.4752604171875 0.4609375 0.4583333328125 0.4677734375 0.4635416671875 0.4794921875
2 0.6809895828125 0 0.6796875 0.0029296875 0.6875 0.0068359375 0.6848958328125 0.0166015625 0.6953125 0.0263671875 0.7005208328125 0.0595703125 0.7083333328125 0.0693359375 0.7317708328125 0.0517578125 0.7291666671875 0.0185546875 0.71484375 0 0.6809895828125 0
2 0.6744791671875 0.3154296875 0.6901041671875 0.2998046875 0.703125 0.2939453125 0.7005208328125 0.2880859375 0.703125 0.2783203125 0.7135416671875 0.2685546875 0.7109375 0.2373046875 0.6966145828125 0.220703125 0.69140625 0.220703125 0.6822916671875 0.2275390625 0.6822916671875 0.2373046875 0.6640625 0.2744140625 0.6640625 0.3095703125 0.6705729171875 0.31640625 0.6744791671875 0.3154296875
2 0.76171875 0.279296875 0.69921875 0.294921875 0.6822916671875 0.3095703125 0.6809895828125 0.330078125 0.69140625 0.330078125 0.7044270828125 0.3359375 0.7486979171875 0.333984375 0.7565104171875 0.345703125 0.765625 0.3447265625 0.77734375 0.341796875 0.7890625 0.3330078125 0.7942708328125 0.3173828125 0.7903645828125 0.3125 0.7799479171875 0.30859375 0.7643229171875 0.306640625 0.7630208328125 0.3017578125 0.78515625 0.2890625 0.8111979171874999 0.283203125 0.8203125 0.2763671875 0.81640625 0.2734375 0.8033854171874999 0.2734375 0.7825520828125 0.279296875 0.76171875 0.279296875
2 0.6653645828125 0.421875 0.671875 0.4208984375 0.6888020828125 0.404296875 0.6966145828125 0.40234375 0.73828125 0.369140625 0.7604166671875 0.3564453125 0.76171875 0.349609375 0.73828125 0.353515625 0.71484375 0.3671875 0.70703125 0.365234375 0.7005208328125 0.3759765625 0.6861979171875 0.38671875 0.6653645828125 0.396484375 0.65625 0.3974609375 0.6614583328125 0.4189453125 0.6653645828125 0.421875
5 0.6692708328125 0.3349609375 0.6692708328125 0.3466796875 0.6731770828125 0.349609375 0.6940104171875 0.353515625 0.7057291671875 0.3525390625 0.7109375 0.3427734375 0.7044270828125 0.3359375 0.6940104171875 0.33203125 0.6731770828125 0.33203125 0.6692708328125 0.3349609375
2 0.7083333328125 0.4775390625 0.69140625 0.46484375 0.6809895828125 0.462890625 0.6744791671875 0.4697265625 0.6692708328125 0.4990234375 0.6783854171875 0.509765625 0.6848958328125 0.5087890625 0.71484375 0.5078125 0.7239583328125 0.4970703125 0.7135416671875 0.4892578125 0.7083333328125 0.4775390625
2 0.6770833328125 0.5458984375 0.671875 0.5517578125 0.6744791671875 0.5751953125 0.7369791671875 0.5771484375 0.7552083328125 0.5693359375 0.7604166671875 0.5615234375 0.7552083328125 0.5400390625 0.7708333328125 0.5283203125 0.7734375 0.5224609375 0.7669270828125 0.517578125 0.74609375 0.51171875 0.7330729171875 0.5 0.72265625 0.49609375 0.70703125 0.5 0.69140625 0.5 0.6848958328125 0.5029296875 0.6796875 0.5107421875 0.6770833328125 0.5458984375
2 0.6953125 0.7939453125 0.6979166671875 0.7646484375 0.6927083328125 0.7509765625 0.7005208328125 0.7373046875 0.6940104171875 0.732421875 0.6888020828125 0.732421875 0.6796875 0.7412109375 0.6692708328125 0.7705078125 0.671875 0.8076171875 0.6783854171875 0.814453125 0.6875 0.8134765625 0.6979166671875 0.8017578125 0.6953125 0.7939453125
2 0.4127604171875 0.798828125 0.4049479171875 0.796875 0.3736979171875 0.798828125 0.3619791671875 0.8056640625 0.3567708328125 0.8212890625 0.359375 0.8330078125 0.3697916671875 0.8388671875 0.3776041671875 0.8525390625 0.3776041671875 0.8701171875 0.3723958328125 0.8759765625 0.3697916671875 0.8955078125 0.3619791671875 0.9111328125 0.359375 0.9462890625 0.3697916671875 0.9970703125 0.3736979171875 1 0.46875 0.9990234375 0.4817708328125 0.9755859375 0.4817708328125 0.9560546875 0.4921875 0.9287109375 0.4921875 0.9169921875 0.4869791671875 0.9052734375 0.4895833328125 0.8525390625 0.4817708328125 0.8486328125 0.4778645828125 0.841796875 0.4700520828125 0.841796875 0.4544270828125 0.833984375 0.44140625 0.822265625 0.42578125 0.8203125 0.4192708328125 0.8154296875 0.4127604171875 0.798828125
2 0.43359375 0.515625 0.4270833328125 0.5205078125 0.42578125 0.52734375 0.4205729171875 0.529296875 0.4127604171875 0.52734375 0.3984375 0.5400390625 0.3880208328125 0.5771484375 0.390625 0.5830078125 0.4036458328125 0.5888671875 0.4036458328125 0.5927734375 0.390625 0.5986328125 0.390625 0.6044921875 0.40234375 0.607421875 0.4127604171875 0.6171875 0.4231770828125 0.6171875 0.4466145828125 0.62890625 0.4622395828125 0.62890625 0.4700520828125 0.634765625 0.484375 0.6357421875 0.5065104171875 0.634765625 0.5260416671875 0.6103515625 0.5260416671875 0.6044921875 0.5052083328125 0.5810546875 0.4895833328125 0.5771484375 0.484375 0.5498046875 0.4765625 0.5361328125 0.4791666671875 0.5341796875 0.4674479171875 0.529296875 0.4622395828125 0.53125 0.4557291671875 0.5263671875 0.4583333328125 0.5205078125 0.4544270828125 0.517578125 0.43359375 0.515625
2 0.4088541671875 0.4052734375 0.4075520828125 0.4140625 0.39453125 0.4140625 0.3815104171875 0.41015625 0.375 0.4013671875 0.3776041671875 0.3896484375 0.3684895828125 0.384765625 0.3645833328125 0.3896484375 0.3619791671875 0.4111328125 0.3619791671875 0.4306640625 0.3671875 0.4501953125 0.375 0.4541015625 0.3776041671875 0.4697265625 0.390625 0.4892578125 0.3932291671875 0.5068359375 0.41015625 0.515625 0.4192708328125 0.5166015625 0.4466145828125 0.51171875 0.4557291671875 0.4970703125 0.4453125 0.4677734375 0.4479166671875 0.4365234375 0.4361979171875 0.4296875 0.41796875 0.427734375 0.4166666671875 0.4228515625 0.4114583328125 0.4208984375 0.4127604171875 0.412109375 0.4153645828125 0.416015625 0.4244791671875 0.4130859375 0.4244791671875 0.4052734375 0.4205729171875 0.40234375 0.4088541671875 0.4052734375
2 0.3958333328125 0.2041015625 0.3997395828125 0.201171875 0.41796875 0.203125 0.421875 0.2001953125 0.421875 0.1962890625 0.4140625 0.1904296875 0.421875 0.1572265625 0.4036458328125 0.1455078125 0.4088541671875 0.1396484375 0.3919270828125 0.134765625 0.3854166671875 0.1416015625 0.3802083328125 0.1611328125 0.3802083328125 0.1826171875 0.3854166671875 0.2041015625 0.3958333328125 0.2041015625
2 0.43359375 0.326171875 0.4713541671875 0.3271484375 0.4817708328125 0.3212890625 0.4869791671875 0.3017578125 0.4765625 0.2861328125 0.4661458328125 0.2783203125 0.46875 0.2724609375 0.4622395828125 0.267578125 0.42578125 0.26953125 0.4166666671875 0.2783203125 0.4192708328125 0.2900390625 0.4166666671875 0.3037109375 0.421875 0.3115234375 0.4153645828125 0.3125 0.4140625 0.3154296875 0.43359375 0.326171875
2 0.1484375 0.2451171875 0.1484375 0.2373046875 0.1432291671875 0.2314453125 0.1458333328125 0.2099609375 0.1393229171875 0.19921875 0.1158854171875 0.20703125 0.1015625 0.2236328125 0.1067708328125 0.2392578125 0.11328125 0.240234375 0.1263020828125 0.25390625 0.1354166671875 0.2548828125 0.14453125 0.25390625 0.1484375 0.2451171875
2 0.1510416671875 0.3701171875 0.1640625 0.3662109375 0.1640625 0.3505859375 0.1549479171875 0.337890625 0.1145833328125 0.3525390625 0.1145833328125 0.3583984375 0.1263020828125 0.37109375 0.1510416671875 0.3701171875
5 0.13671875 0.58203125 0.1276041671875 0.5908203125 0.1302083328125 0.5986328125 0.1393229171875 0.60546875 0.15625 0.6044921875 0.1666666671875 0.6005859375 0.1744791671875 0.5888671875 0.1744791671875 0.5791015625 0.16796875 0.572265625 0.13671875 0.58203125
5 0.390625 0.0166015625 0.3958333328125 0.0244140625 0.4088541671875 0.0302734375 0.4231770828125 0.02734375 0.4453125 0.0107421875 0.4505208328125 0.0009765625 0.39453125 0 0.390625 0.0029296875 0.390625 0.0166015625
2 0.7005208328125 0.1689453125 0.7057291671875 0.1630859375 0.7057291671875 0.1533203125 0.6940104171875 0.146484375 0.6901041671875 0.1494140625 0.6901041671875 0.1611328125 0.6953125 0.1689453125 0.7005208328125 0.1689453125
2 0.7044270828125 0.091796875 0.7005208328125 0.1083984375 0.7083333328125 0.1103515625 0.7135416671875 0.0986328125 0.7044270828125 0.091796875
2 0.6822916671875 0.6240234375 0.6953125 0.6142578125 0.6875 0.6005859375 0.6901041671875 0.5947265625 0.6783854171875 0.5859375 0.6692708328125 0.5966796875 0.6692708328125 0.6162109375 0.6744791671875 0.6220703125 0.671875 0.6279296875 0.67578125 0.630859375 0.6848958328125 0.6298828125 0.6875 0.6279296875 0.6822916671875 0.6240234375
2 0.15234375 0.861328125 0.1380208328125 0.8505859375 0.1263020828125 0.833984375 0.11328125 0.826171875 0.1080729171875 0.826171875 0.1002604171875 0.81640625 0.09244791718749999 0.81640625 0.0859375 0.8232421875 0.1067708328125 0.8369140625 0.1223958328125 0.8564453125 0.1588541671875 0.8740234375 0.1614583328125 0.8642578125 0.15234375 0.861328125
2 0.09895833281250001 0.8603515625 0.1015625 0.8544921875 0.1015625 0.8466796875 0.09505208281250001 0.845703125 0.09114583281250001 0.8388671875 0.08723958281250001 0.8203125 0.07161458281250001 0.83203125 0.06380208281250001 0.83203125 0.05729166718749999 0.8369140625 0.0703125 0.8583984375 0.0703125 0.8662109375 0.07421875 0.869140625 0.0859375 0.8681640625 0.09895833281250001 0.8603515625