4 0.8776041671874999 0.8212890625 0.8802083328125001 0.8154296875 0.8776041671874999 0.8076171875 0.8684895828125001 0.80078125 0.859375 0.8017578125 0.8567708328125001 0.8076171875 0.8671875 0.8232421875 0.87109375 0.82421875 0.8776041671874999 0.8212890625
4 0.8216145828125001 0.564453125 0.8151041671874999 0.5654296875 0.8125 0.5732421875 0.81640625 0.578125 0.8216145828125001 0.578125 0.8255208328125001 0.5751953125 0.8255208328125001 0.5673828125 0.8216145828125001 0.564453125
4 0.9934895828125001 0.1328125 0.9973958328125001 0.1279296875 0.9973958328125001 0.1181640625 0.9856770828125001 0.11328125 0.9765625 0.1142578125 0.9661458328125001 0.1201171875 0.96875 0.1318359375 0.97265625 0.134765625 0.9934895828125001 0.1328125
5 0.1875 0.8056640625 0.1848958328125 0.8134765625 0.19140625 0.814453125 0.1953125 0.8076171875 0.1875 0.8056640625
4 0.1575520828125 0.111328125 0.1510416671875 0.1123046875 0.1458333328125 0.1162109375 0.1458333328125 0.1279296875 0.1575520828125 0.12890625 0.1614583328125 0.1259765625 0.1614583328125 0.1162109375 0.1575520828125 0.111328125
5 0.3645833328125 0.6591796875 0.3619791671875 0.6728515625 0.3684895828125 0.677734375 0.3736979171875 0.677734375 0.3723958328125 0.6611328125 0.3645833328125 0.6591796875
5 0.1276041671875 0.0146484375 0.125 0.0166015625 0.1341145828125 0.021484375 0.1354166671875 0.0166015625 0.1276041671875 0.0146484375
4 0.8736979171874999 0.75390625 0.8645833328125001 0.7548828125 0.8541666671874999 0.7607421875 0.8645833328125001 0.7783203125 0.8736979171874999 0.78125 0.8854166671874999 0.7705078125 0.8854166671874999 0.7607421875 0.8736979171874999 0.75390625
4 0.10546875 0.802734375 0.11328125 0.80078125 0.1223958328125 0.7919921875 0.1184895828125 0.787109375 0.1015625 0.7880859375 0.09895833281250001 0.7978515625 0.10546875 0.802734375
4 0.9908854171874999 0.087890625 0.9791666671874999 0.0888671875 0.9713541671874999 0.0966796875 0.9713541671874999 0.1044921875 0.9778645828125001 0.109375 0.99609375 0.107421875 1 0.0947265625 0.9908854171874999 0.087890625
4 0.8111979171874999 0.078125 0.8255208328125001 0.0673828125 0.8255208328125001 0.0556640625 0.8138020828125001 0.046875 0.8020833328125001 0.0478515625 0.7916666671875 0.0517578125 0.7916666671875 0.0595703125 0.7994791671875 0.0732421875 0.8111979171874999 0.078125
4 0.9908854171874999 0.84375 1 0.8388671875 0.9973958328125001 0.8154296875 1 0.7822265625 0.9947916671874999 0.7822265625 0.9817708328125001 0.7939453125 0.9817708328125001 0.8056640625 0.9895833328125001 0.8115234375 0.97265625 0.814453125 0.9609375 0.8232421875 0.9609375 0.8349609375 0.9752604171874999 0.84375 0.9908854171874999 0.84375
4 1 0.8193359375 0.98828125 0.814453125 0.9739583328125001 0.8154296875 0.9609375 0.8232421875 0.9609375 0.8349609375 0.9778645828125001 0.84375 0.99609375 0.841796875 1 0.8388671875 1 0.8193359375
5 0.1770833328125 0.0068359375 0.18359375 0.017578125 0.1901041671875 0.0126953125 0.1888020828125 0 0.1666666671875 0.0009765625 0.1705729171875 0.005859375 0.1770833328125 0.0068359375
5 0.1848958328125 0.6630859375 0.1822916671875 0.6669921875 0.19140625 0.669921875 0.1927083328125 0.6630859375 0.1848958328125 0.6630859375
5 0.1692708328125 0.2001953125 0.17578125 0.201171875 0.1796875 0.1943359375 0.17578125 0.19140625 0.1692708328125 0.1923828125 0.1666666671875 0.1962890625 0.1692708328125 0.2001953125
4 1 0.7802734375 0.9973958328125001 0.7802734375 0.9895833328125001 0.7841796875 0.9817708328125001 0.7939453125 0.9817708328125001 0.8056640625 0.9934895828125001 0.8125 1 0.8115234375 1 0.7802734375
5 0.0260416671875 0.3330078125 0.0234375 0.3408203125 0.03515625 0.34375 0.0390625 0.3408203125 0.0364583328125 0.3330078125 0.0260416671875 0.3330078125
5 0.7161458328125 0.4775390625 0.7174479171875 0.484375 0.7265625 0.4814453125 0.72265625 0.4765625 0.7161458328125 0.4775390625
4 0.8893229171874999 0.912109375 0.8984375 0.9072265625 0.8958333328125001 0.8935546875 0.88671875 0.88671875 0.8619791671874999 0.8857421875 0.8567708328125001 0.8876953125 0.8541666671874999 0.8935546875 0.8658854171874999 0.908203125 0.8893229171874999 0.912109375
4 0.85546875 0.658203125 0.8645833328125001 0.6533203125 0.8619791671874999 0.6337890625 0.8502604171874999 0.625 0.8385416671874999 0.6220703125 0.8333333328125001 0.6259765625 0.8359375 0.6396484375 0.84375 0.6513671875 0.85546875 0.658203125
4 0.9309895828125001 0.42578125 0.9479166671874999 0.4228515625 0.9479166671874999 0.4169921875 0.9440104171874999 0.4140625 0.9375 0.4150390625 0.9270833328125001 0.4189453125 0.9309895828125001 0.42578125
4 0.8854166671874999 0.5615234375 0.8763020828125001 0.5546875 0.8606770828125001 0.552734375 0.85546875 0.548828125 0.8463541671874999 0.5498046875 0.8411458328125001 0.5517578125 0.8385416671874999 0.5576171875 0.8385416671874999 0.5654296875 0.8463541671874999 0.5810546875 0.86328125 0.58984375 0.8815104171874999 0.58984375 0.8880208328125001 0.5849609375 0.8854166671874999 0.5615234375
4 0.8606770828125001 0.375 0.8671875 0.3701171875 0.8671875 0.3642578125 0.8606770828125001 0.359375 0.8567708328125001 0.3603515625 0.8502604171874999 0.361328125 0.8463541671874999 0.3681640625 0.85546875 0.375 0.8606770828125001 0.375
2 0.3645833328125 0.4013671875 0.3671875 0.3115234375 0.3645833328125 0.2900390625 0.359375 0.2802734375 0.3502604171875 0.267578125 0.3411458328125 0.2685546875 0.3359375 0.2978515625 0.3359375 0.3095703125 0.3411458328125 0.3154296875 0.3359375 0.3310546875 0.3411458328125 0.3388671875 0.3385416671875 0.3603515625 0.34375 0.3916015625 0.3411458328125 0.4052734375 0.3515625 0.4462890625 0.3489583328125 0.4541015625 0.3580729171875 0.4609375 0.3541666671875 0.4541015625 0.3619791671875 0.4501953125 0.359375 0.4482421875 0.3619791671875 0.4423828125 0.3567708328125 0.4404296875 0.359375 0.4365234375 0.3567708328125 0.4267578125 0.3671875 0.4150390625 0.3645833328125 0.4013671875
5 0.1901041671875 0.4462890625 0.1875 0.4482421875 0.1901041671875 0.4560546875 0.20182291718749998 0.458984375 0.20052083281250002 0.4462890625 0.1901041671875 0.4462890625
4 1 0.0732421875 0.9973958328125001 0.0732421875 0.9895833328125001 0.0791015625 0.9934895828125001 0.0859375 1 0.0849609375 1 0.0732421875
4 0.8268229171874999 0.55078125 0.8359375 0.5478515625 0.8359375 0.5439453125 0.8268229171874999 0.537109375 0.8177083328125001 0.5380859375 0.8177083328125001 0.5439453125 0.8268229171874999 0.55078125
4 0.9661458328125001 0.0166015625 0.9596354171874999 0.017578125 0.9479166671874999 0.0283203125 0.9505208328125001 0.0576171875 0.95703125 0.0625 0.96875 0.0595703125 0.9921875 0.0322265625 0.9921875 0.0244140625 0.98828125 0.021484375 0.9752604171874999 0.015625 0.9661458328125001 0.0166015625
4 0.8463541671874999 0.7021484375 0.8580729171874999 0.71484375 0.8763020828125001 0.720703125 0.8828125 0.7119140625 0.8828125 0.6982421875 0.8802083328125001 0.6923828125 0.8684895828125001 0.68359375 0.8645833328125001 0.6845703125 0.8463541671874999 0.6923828125 0.8463541671874999 0.7021484375
4 0.8255208328125001 0.1591796875 0.8098958328125001 0.1806640625 0.8125 0.1923828125 0.8190104171874999 0.19921875 0.83984375 0.19921875 0.8567708328125001 0.1884765625 0.859375 0.1845703125 0.8567708328125001 0.1748046875 0.8515625 0.1650390625 0.8424479171874999 0.158203125 0.8255208328125001 0.1591796875
4 0.8033854171874999 0.23828125 0.8125 0.2314453125 0.8125 0.2197265625 0.80859375 0.212890625 0.796875 0.2119140625 0.7916666671875 0.2138671875 0.7916666671875 0.2275390625 0.7942708328125 0.2353515625 0.8033854171874999 0.23828125
4 0.796875 0.0322265625 0.83203125 0.046875 0.8450520828125001 0.046875 0.8541666671874999 0.0361328125 0.8541666671874999 0.0283203125 0.8489583328125001 0.0205078125 0.83984375 0.015625 0.8151041671874999 0.0146484375 0.796875 0.0224609375 0.796875 0.0322265625
4 0.8854166671874999 0.3349609375 0.8880208328125001 0.3251953125 0.8828125 0.3095703125 0.8580729171874999 0.291015625 0.8489583328125001 0.2900390625 0.8372395828125001 0.291015625 0.8203125 0.2998046875 0.8177083328125001 0.3232421875 0.8307291671874999 0.3466796875 0.8450520828125001 0.357421875 0.8606770828125001 0.359375 0.875 0.3486328125 0.8854166671874999 0.3349609375
4 0.8919270828125001 0.6796875 0.8984375 0.6728515625 0.8984375 0.6611328125 0.8893229171874999 0.6484375 0.8776041671874999 0.6474609375 0.8723958328125001 0.6513671875 0.8697916671874999 0.6611328125 0.8802083328125001 0.6767578125 0.8919270828125001 0.6796875
4 0.8333333328125001 0.6767578125 0.83984375 0.68359375 0.8502604171874999 0.685546875 0.8645833328125001 0.6767578125 0.8645833328125001 0.6708984375 0.8580729171874999 0.6640625 0.84765625 0.66015625 0.8385416671874999 0.6611328125 0.8307291671874999 0.6669921875 0.8333333328125001 0.6767578125
4 0.96875 0.7841796875 0.9713541671874999 0.7724609375 0.96484375 0.765625 0.9544270828125001 0.76171875 0.9270833328125001 0.7626953125 0.91796875 0.763671875 0.9114583328125001 0.7685546875 0.9114583328125001 0.7822265625 0.91796875 0.787109375 0.9309895828125001 0.79296875 0.9466145828125001 0.794921875 0.9596354171874999 0.791015625 0.96875 0.7841796875
4 0.5911458328125 0.1357421875 0.578125 0.1435546875 0.5703125 0.1552734375 0.5677083328125 0.1728515625 0.5794270828125 0.181640625 0.5846354171875 0.181640625 0.59375 0.1708984375 0.5859375 0.1611328125 0.5911458328125 0.1572265625 0.5989583328125 0.1376953125 0.5911458328125 0.1357421875
4 0.5078125 0.1279296875 0.5143229171875 0.1328125 0.5286458328125 0.1279296875 0.5247395828125 0.12109375 0.5130208328125 0.1220703125 0.5078125 0.1240234375 0.5078125 0.1279296875
5 0.3763020828125 0.798828125 0.3880208328125 0.7919921875 0.3880208328125 0.7861328125 0.3763020828125 0.775390625 0.3671875 0.7763671875 0.3697916671875 0.7783203125 0.3671875 0.7939453125 0.37109375 0.798828125 0.3763020828125 0.798828125
5 0.28515625 0.1328125 0.2942708328125 0.1279296875 0.2942708328125 0.1201171875 0.2877604171875 0.1171875 0.2786458328125 0.1181640625 0.2760416671875 0.1279296875 0.28515625 0.1328125
5 0.21875 0.1591796875 0.21875 0.1689453125 0.22265625 0.171875 0.23567708281250002 0.171875 0.23958333281250002 0.1689453125 0.23958333281250002 0.1591796875 0.23567708281250002 0.154296875 0.22916666718749998 0.1533203125 0.22265625 0.154296875 0.21875 0.1591796875
5 0.4778645828125 0.072265625 0.4908854171875 0.072265625 0.4947916671875 0.0615234375 0.4856770828125 0.056640625 0.4765625 0.0576171875 0.4739583328125 0.0693359375 0.4778645828125 0.072265625
5 0.5234375 0.0400390625 0.5377604171875 0.0390625 0.5416666671875 0.0361328125 0.5390625 0.0263671875 0.5260416671875 0.0263671875 0.5208333328125 0.0283203125 0.5234375 0.0400390625
5 0.3229166671875 0.8447265625 0.3203125 0.8525390625 0.33203125 0.85546875 0.3359375 0.8466796875 0.33203125 0.84375 0.3229166671875 0.8447265625
5 0.34375 0.7822265625 0.33203125 0.775390625 0.3098958328125 0.7744140625 0.30078125 0.77734375 0.2890625 0.7900390625 0.2864583328125 0.8056640625 0.2903645828125 0.80859375 0.2981770828125 0.8046875 0.31640625 0.80859375 0.3372395828125 0.806640625 0.3541666671875 0.7958984375 0.34375 0.7822265625
5 0.2890625 0.8271484375 0.29296875 0.826171875 0.2981770828125 0.830078125 0.3268229171875 0.828125 0.3333333328125 0.8212890625 0.3333333328125 0.8154296875 0.31640625 0.806640625 0.3072916671875 0.8076171875 0.2890625 0.8095703125 0.2890625 0.8271484375
5 0.22135416718749998 0.8486328125 0.21875 0.8916015625 0.22526041718749998 0.921875 0.23177083281250002 0.9189453125 0.22916666718749998 0.9169921875 0.23307291718749998 0.9140625 0.23828125 0.921875 0.26171875 0.919921875 0.28125 0.9013671875 0.2890625 0.8818359375 0.2916666671875 0.8330078125 0.2877604171875 0.828125 0.2682291671875 0.8271484375 0.2591145828125 0.828125 0.2513020828125 0.833984375 0.23307291718749998 0.83984375 0.22135416718749998 0.8486328125