5 0.8919270828125001 0.2421875 0.8763020828125001 0.2421875 0.8671875 0.2490234375 0.8645833328125001 0.2587890625 0.87109375 0.265625 0.8841145828125001 0.265625 0.8984375 0.2587890625 0.8984375 0.2470703125 0.8919270828125001 0.2421875
5 0.953125 0.3798828125 0.9505208328125001 0.3916015625 0.9544270828125001 0.396484375 0.9817708328125001 0.3935546875 0.984375 0.3818359375 0.9778645828125001 0.375 0.9622395828125001 0.375 0.953125 0.3798828125
5 0.5403645828125 0.099609375 0.5494791671875 0.0947265625 0.5494791671875 0.0888671875 0.54296875 0.083984375 0.53515625 0.083984375 0.53125 0.0947265625 0.5403645828125 0.099609375
5 0.50390625 0.171875 0.49609375 0.171875 0.4895833328125 0.1767578125 0.4869791671875 0.1884765625 0.4934895828125 0.193359375 0.50390625 0.193359375 0.5130208328125 0.1865234375 0.5130208328125 0.1787109375 0.50390625 0.171875
5 0.6302083328125 0.1552734375 0.62109375 0.150390625 0.6106770828125 0.150390625 0.5950520828125 0.154296875 0.578125 0.1650390625 0.5755208328125 0.1787109375 0.5846354171875 0.185546875 0.6002604171875 0.185546875 0.6302083328125 0.1650390625 0.6302083328125 0.1552734375
5 0.3763020828125 0.169921875 0.390625 0.1630859375 0.3932291671875 0.1494140625 0.37890625 0.140625 0.3658854171875 0.142578125 0.3671875 0.1650390625 0.3763020828125 0.169921875
5 0.15234375 0.349609375 0.1236979171875 0.345703125 0.1145833328125 0.3525390625 0.1119791671875 0.3603515625 0.1236979171875 0.369140625 0.1497395828125 0.37109375 0.1588541671875 0.3642578125 0.1588541671875 0.3564453125 0.15234375 0.349609375
5 0.33203125 0.4453125 0.3216145828125 0.4453125 0.3125 0.4541015625 0.3098958328125 0.4619140625 0.3190104171875 0.470703125 0.33203125 0.46875 0.3411458328125 0.4599609375 0.3411458328125 0.4521484375 0.33203125 0.4453125
5 0.52734375 0.455078125 0.53125 0.4443359375 0.5234375 0.4326171875 0.51953125 0.4296875 0.5052083328125 0.4306640625 0.5052083328125 0.4521484375 0.52734375 0.455078125
5 0.07942708281250001 0.568359375 0.1106770828125 0.580078125 0.1184895828125 0.580078125 0.1302083328125 0.5732421875 0.1354166671875 0.5380859375 0.12890625 0.517578125 0.1106770828125 0.51171875 0.07682291718749999 0.51171875 0.05729166718749999 0.5283203125 0.0546875 0.5380859375 0.05989583281250001 0.5537109375 0.07942708281250001 0.568359375
5 0.03515625 0.83984375 0.05338541718749999 0.837890625 0.07161458281250001 0.830078125 0.09114583281250001 0.8134765625 0.09635416718749999 0.8056640625 0.09635416718749999 0.7919921875 0.08203125 0.77734375 0.0169270828125 0.740234375 0.0013020828125 0.736328125 0 0.8271484375 0.009114582812499999 0.8359375 0.03515625 0.83984375