5 0.6296875 0.95703125 0.0109375 0.0125
5 0.37734375 0.1859375 0.0203125 0.0171875
5 0.3059895828125 0.09765625 0.34765625 0.09375 0.375 0.0693359375 0.3723958328125 0.0576171875 0.3502604171875 0.048828125 0.30859375 0.05078125 0.2864583328125 0.0654296875 0.2864583328125 0.0869140625 0.3059895828125 0.09765625
5 0.0169270828125 0.24609375 0.0455729171875 0.244140625 0.05989583281250001 0.2314453125 0.0625 0.2138671875 0.05729166718749999 0.2041015625 0.0325520828125 0.19140625 0.0013020828125 0.19140625 0 0.2412109375 0.0169270828125 0.24609375
5 0.0013020828125 0.005859375 0.0013020828125 0.029296875 0.01953125 0.02734375 0.0338541671875 0.0146484375 0.0299479171875 0.00390625 0.01953125 0.001953125 0.0013020828125 0.005859375
5 0.23697916718749998 0.0302734375 0.24609375 0.03515625 0.26171875 0.03515625 0.2734375 0.0244140625 0.2708333328125 0.0146484375 0.26171875 0.009765625 0.24088541718749998 0.009765625 0.234375 0.0146484375 0.23697916718749998 0.0302734375
5 0.1458333328125 0.0751953125 0.1432291671875 0.0830078125 0.1471354171875 0.0859375 0.1640625 0.0849609375 0.1640625 0.0771484375 0.1575520828125 0.072265625 0.1458333328125 0.0751953125
5 0.09895833281250001 0.0791015625 0.08984375 0.072265625 0.08463541718749999 0.07421875 0.08333333281250001 0.0810546875 0.08984375 0.083984375 0.09895833281250001 0.0791015625
5 0.23307291718749998 0.064453125 0.2421875 0.0615234375 0.23828125 0.0546875 0.23177083281250002 0.0595703125 0.23307291718749998 0.064453125
5 0.5520833328125 0.0166015625 0.5546875 0.0087890625 0.5481770828125 0.00390625 0.5403645828125 0.00390625 0.5338541671875 0.0087890625 0.5338541671875 0.0166015625 0.54296875 0.021484375 0.5520833328125 0.0166015625
5 0.5729166671875 0.0517578125 0.5638020828125 0.046875 0.5559895828125 0.044921875 0.5520833328125 0.0478515625 0.5494791671875 0.0595703125 0.5533854171875 0.0625 0.5729166671875 0.0576171875 0.5729166671875 0.0517578125
5 0.83203125 0.06640625 0.8528645828125001 0.06640625 0.8645833328125001 0.0576171875 0.8645833328125001 0.0517578125 0.84765625 0.04296875 0.8346354171874999 0.044921875 0.828125 0.0498046875 0.8255208328125001 0.0576171875 0.83203125 0.06640625
5 0.9244791671874999 0.0537109375 0.9244791671874999 0.0478515625 0.91796875 0.04296875 0.8971354171874999 0.04296875 0.8932291671874999 0.0537109375 0.8997395828125001 0.05859375 0.9153645828125001 0.05859375 0.9244791671874999 0.0537109375
5 0.8841145828125001 0.0546875 0.8841145828125001 0.060546875 0.8958333328125001 0.0576171875 0.8841145828125001 0.0546875
5 0.6106770828125 0.076171875 0.6171875 0.0693359375 0.6080729171875 0.06640625 0.6041666671875 0.0732421875 0.6106770828125 0.076171875
5 0.7005208328125 0.0595703125 0.6966145828125 0.0546875 0.6888020828125 0.0546875 0.6875 0.0615234375 0.69140625 0.064453125 0.7005208328125 0.0595703125
5 0.6471354171875 0.064453125 0.6536458328125 0.0556640625 0.63671875 0.05078125 0.6354166671875 0.0595703125 0.6471354171875 0.064453125
5 0.1783854171875 0.056640625 0.1848958328125 0.0517578125 0.1731770828125 0.048828125 0.1705729171875 0.056640625 0.1783854171875 0.056640625
5 0.08854166718749999 0.1748046875 0.08463541718749999 0.16796875 0.07682291718749999 0.169921875 0.07682291718749999 0.177734375 0.08854166718749999 0.1748046875
5 0.006510417187500001 0.30859375 0 0.3134765625 0.0013020828125 0.322265625 0.01171875 0.322265625 0.0182291671875 0.3173828125 0.0182291671875 0.3095703125 0.006510417187500001 0.30859375
5 0.0234375 0.2685546875 0.0169270828125 0.265625 0.0013020828125 0.267578125 0.0013020828125 0.27734375 0.0234375 0.2724609375 0.0234375 0.2685546875
5 0.1015625 0.3955078125 0.09765625 0.38671875 0.08854166718749999 0.3896484375 0.0859375 0.3974609375 0.08984375 0.400390625 0.1015625 0.3955078125
5 0.171875 0.4130859375 0.16796875 0.40625 0.1510416671875 0.4091796875 0.1484375 0.4130859375 0.1549479171875 0.419921875 0.171875 0.4130859375
5 0.22395833281250002 0.4345703125 0.22005208281250002 0.4296875 0.20963541718749998 0.427734375 0.20572916718749998 0.4365234375 0.21744791718749998 0.44140625 0.22395833281250002 0.4345703125
5 0.23958333281250002 0.4619140625 0.23567708281250002 0.45703125 0.22786458281250002 0.45703125 0.22395833281250002 0.4677734375 0.23307291718749998 0.46875 0.23958333281250002 0.4619140625
5 0.3125 0.5009765625 0.30859375 0.494140625 0.30078125 0.494140625 0.2981770828125 0.501953125 0.3125 0.5009765625
5 0.3333333328125 0.4599609375 0.3333333328125 0.4560546875 0.3216145828125 0.44921875 0.30859375 0.451171875 0.3072916671875 0.4580078125 0.3111979171875 0.4609375 0.3294270828125 0.462890625 0.3333333328125 0.4599609375
5 0.4088541671875 0.4677734375 0.4075520828125 0.462890625 0.3971354171875 0.4609375 0.3932291671875 0.4638671875 0.3971354171875 0.470703125 0.4088541671875 0.4677734375
5 0.4375 0.4755859375 0.4361979171875 0.46875 0.4231770828125 0.470703125 0.421875 0.4775390625 0.42578125 0.48046875 0.4375 0.4755859375
5 0.4453125 0.5087890625 0.4453125 0.5048828125 0.4348958328125 0.5048828125 0.4322916671875 0.5107421875 0.4361979171875 0.513671875 0.4453125 0.5087890625
5 0.3880208328125 0.4853515625 0.3776041671875 0.4951171875 0.3815104171875 0.501953125 0.3919270828125 0.501953125 0.40625 0.4833984375 0.3971354171875 0.48046875 0.3880208328125 0.4853515625
5 0.6354166671875 0.4599609375 0.6315104171875 0.451171875 0.6184895828125 0.453125 0.6171875 0.4560546875 0.6263020828125 0.462890625 0.6354166671875 0.4599609375
5 0.6809895828125 0.474609375 0.6822916671875 0.4619140625 0.66796875 0.462890625 0.6640625 0.4736328125 0.6809895828125 0.474609375
5 0.6927083328125 0.4423828125 0.6888020828125 0.439453125 0.6809895828125 0.44140625 0.6770833328125 0.4482421875 0.6888020828125 0.451171875 0.6927083328125 0.4423828125
5 0.71484375 0.44921875 0.7083333328125 0.4541015625 0.7109375 0.4619140625 0.7252604171875 0.46484375 0.7265625 0.4521484375 0.7200520828125 0.447265625 0.71484375 0.44921875
5 0.91796875 0.451171875 0.9140625 0.4580078125 0.9231770828125001 0.4609375 0.93359375 0.458984375 0.9401041671874999 0.4521484375 0.93359375 0.447265625 0.91796875 0.451171875
5 0.8971354171874999 0.48046875 0.890625 0.4853515625 0.8919270828125001 0.4921875 0.90234375 0.4921875 0.90625 0.4873046875 0.90625 0.4833984375 0.8971354171874999 0.48046875
5 0.22395833281250002 0.5595703125 0.22265625 0.572265625 0.23567708281250002 0.572265625 0.24739583281250002 0.5654296875 0.24479166718749998 0.5556640625 0.23828125 0.552734375 0.22395833281250002 0.5595703125
5 0.4765625 0.7802734375 0.4765625 0.7724609375 0.4674479171875 0.765625 0.4479166671875 0.7685546875 0.4453125 0.7822265625 0.4518229171875 0.7890625 0.46484375 0.787109375 0.4765625 0.7802734375
5 0.5169270828125 0.96875 0.5130208328125 0.9794921875 0.5221354171875 0.990234375 0.53515625 0.98828125 0.5442708328125 0.9814453125 0.5377604171875 0.97265625 0.5169270828125 0.96875
5 0.4244791671875 0.9482421875 0.4153645828125 0.9375 0.4075520828125 0.9375 0.3984375 0.9443359375 0.3958333328125 0.9619140625 0.3997395828125 0.96484375 0.421875 0.9580078125 0.4244791671875 0.9482421875
5 0.3932291671875 0.9482421875 0.3932291671875 0.9404296875 0.38671875 0.9375 0.375 0.9423828125 0.3697916671875 0.9501953125 0.3736979171875 0.955078125 0.3841145828125 0.955078125 0.3932291671875 0.9482421875
5 0.1484375 0.9501953125 0.1484375 0.9423828125 0.13671875 0.939453125 0.1276041671875 0.9462890625 0.1315104171875 0.955078125 0.1484375 0.9501953125
5 0.09114583281250001 0.8173828125 0.08203125 0.810546875 0.07161458281250001 0.810546875 0.0625 0.8173828125 0.0625 0.8271484375 0.07161458281250001 0.830078125 0.08463541718749999 0.826171875 0.09114583281250001 0.8173828125
5 0.1484375 0.6416015625 0.1536458328125 0.6220703125 0.14453125 0.609375 0.1328125 0.6162109375 0.1223958328125 0.6318359375 0.1223958328125 0.6474609375 0.13671875 0.65234375 0.1484375 0.6416015625
5 0.80859375 0.693359375 0.8020833328125001 0.6982421875 0.8020833328125001 0.7041015625 0.8111979171874999 0.70703125 0.8203125 0.7021484375 0.8203125 0.6962890625 0.80859375 0.693359375
5 0.85546875 0.59375 0.8489583328125001 0.6005859375 0.8528645828125001 0.60546875 0.8606770828125001 0.60546875 0.8671875 0.6005859375 0.8671875 0.5947265625 0.85546875 0.59375
5 0.8606770828125001 0.498046875 0.88671875 0.48828125 0.8958333328125001 0.4794921875 0.9036458328125001 0.4541015625 0.8997395828125001 0.44140625 0.8450520828125001 0.431640625 0.80859375 0.439453125 0.8020833328125001 0.4443359375 0.8020833328125001 0.4755859375 0.8072916671874999 0.4892578125 0.81640625 0.49609375 0.8450520828125001 0.5 0.8606770828125001 0.498046875
2 0.5755208328125 0.5361328125 0.5794270828125 0.5390625 0.6458333328125 0.5400390625 0.6484375 0.5322265625 0.62890625 0.513671875 0.61328125 0.5078125 0.5794270828125 0.51171875 0.5755208328125 0.5146484375 0.5755208328125 0.5361328125
5 0.7825520828125 0.896484375 0.7864583328125 0.8896484375 0.77734375 0.884765625 0.7734375 0.8935546875 0.7825520828125 0.896484375
5 0.34765625 0.904296875 0.3515625 0.8935546875 0.34375 0.8955078125 0.3411458328125 0.9033203125 0.34765625 0.904296875
5 0.4036458328125 0.8955078125 0.40234375 0.888671875 0.390625 0.8916015625 0.3893229171875 0.8984375 0.4036458328125 0.8955078125
5 0.5286458328125 0.8623046875 0.5286458328125 0.8798828125 0.5455729171875 0.87890625 0.5520833328125 0.8720703125 0.546875 0.8623046875 0.5377604171875 0.857421875 0.5286458328125 0.8623046875
5 0.60546875 0.873046875 0.6067708328125 0.8876953125 0.6158854171875 0.890625 0.62890625 0.88671875 0.6380208328125 0.8779296875 0.6341145828125 0.869140625 0.60546875 0.873046875
5 0.6341145828125 0.912109375 0.6458333328125 0.9033203125 0.6419270828125 0.896484375 0.6328125 0.9033203125 0.6341145828125 0.912109375
5 0.9479166671874999 0.8974609375 0.94140625 0.888671875 0.93359375 0.888671875 0.9322916671874999 0.9052734375 0.94140625 0.908203125 0.9479166671874999 0.8974609375