5 0.87890625 1 0.8854166671874999 0.9990234375 0.8854166671874999 0.9951171875 0.8932291671874999 0.9892578125 0.8932291671874999 0.9716796875 0.8893229171874999 0.96875 0.87890625 0.96875 0.875 0.9716796875 0.875 0.9951171875 0.87890625 1
5 0.1432291671875 0.4716796875 0.1315104171875 0.46484375 0.12109375 0.466796875 0.1171875 0.4697265625 0.1171875 0.4814453125 0.1236979171875 0.486328125 0.140625 0.4853515625 0.1432291671875 0.4716796875
5 0 0.8486328125 0.009114582812499999 0.857421875 0.0338541671875 0.8583984375 0.04296875 0.857421875 0.0703125 0.8330078125 0.0703125 0.8134765625 0.07552083281250001 0.8076171875 0.07552083281250001 0.7998046875 0.06770833281250001 0.7900390625 0.05338541718749999 0.78125 0.0377604171875 0.78125 0.0247395828125 0.78515625 0 0.8076171875 0 0.8486328125
5 0.96484375 0.9921875 0.9739583328125001 0.9892578125 0.9713541671874999 0.9814453125 0.9778645828125001 0.978515625 0.9791666671874999 0.9951171875 0.9817708328125001 0.9951171875 0.9869791671874999 0.9892578125 0.9895833328125001 0.9716796875 0.9791666671874999 0.9619140625 0.9622395828125001 0.95703125 0.9388020828125001 0.958984375 0.9348958328125001 0.9638671875 0.9375 0.9736328125 0.96484375 0.9921875
5 0.1979166671875 0.0498046875 0.20442708281250002 0.048828125 0.20833333281250002 0.0439453125 0.20442708281250002 0.02734375 0.1861979171875 0.029296875 0.1770833328125 0.0361328125 0.1783854171875 0.046875 0.1861979171875 0.05078125 0.1979166671875 0.0498046875
5 0.8736979171874999 0.26171875 0.9036458328125001 0.2626953125 0.9114583328125001 0.2568359375 0.9140625 0.2451171875 0.9114583328125001 0.2373046875 0.90234375 0.23046875 0.87890625 0.232421875 0.8619791671874999 0.2451171875 0.8645833328125001 0.2548828125 0.8736979171874999 0.26171875
5 0.8880208328125001 0.7646484375 0.8984375 0.7861328125 0.91015625 0.794921875 0.9322916671874999 0.7958984375 0.9479166671874999 0.7919921875 0.9557291671874999 0.7783203125 0.9583333328125001 0.7626953125 0.9479166671874999 0.7470703125 0.93359375 0.736328125 0.9205729171874999 0.734375 0.8880208328125001 0.7470703125 0.8880208328125001 0.7646484375
5 0.90625 0.1259765625 0.9010416671874999 0.1142578125 0.8893229171874999 0.111328125 0.8802083328125001 0.1181640625 0.8776041671874999 0.1259765625 0.88671875 0.13671875 0.8958333328125001 0.1376953125 0.90625 0.1259765625
2 0.8645833328125001 0.2431640625 0.8723958328125001 0.2353515625 0.8619791671874999 0.2314453125 0.8645833328125001 0.2236328125 0.8463541671874999 0.2099609375 0.8411458328125001 0.2001953125 0.8411458328125001 0.1845703125 0.8359375 0.1728515625 0.8333333328125001 0.1337890625 0.8359375 0.1279296875 0.828125 0.1162109375 0.8138020828125001 0.10546875 0.8059895828125001 0.107421875 0.7955729171875 0.10546875 0.7552083328125 0.1279296875 0.7526041671875 0.1416015625 0.765625 0.1728515625 0.7682291671875 0.2021484375 0.7760416671875 0.2216796875 0.7760416671875 0.2587890625 0.7838541671875 0.2763671875 0.7864583328125 0.2978515625 0.79296875 0.3046875 0.8059895828125001 0.3046875 0.8190104171874999 0.296875 0.83203125 0.298828125 0.8346354171874999 0.3046875 0.8463541671874999 0.3056640625 0.8463541671874999 0.3017578125 0.8528645828125001 0.296875 0.8606770828125001 0.296875 0.8671875 0.2919921875 0.8645833328125001 0.2705078125 0.8723958328125001 0.2626953125 0.8645833328125001 0.2529296875 0.8645833328125001 0.2431640625
5 0.8932291671874999 0.0126953125 0.8919270828125001 0 0.859375 0.0009765625 0.8567708328125001 0.0048828125 0.859375 0.0087890625 0.87109375 0.017578125 0.8880208328125001 0.0166015625 0.8932291671874999 0.0126953125
2 0.9140625 0.4833984375 0.9140625 0.4716796875 0.9244791671874999 0.4619140625 0.9140625 0.4482421875 0.8997395828125001 0.443359375 0.8997395828125001 0.439453125 0.8854166671874999 0.4404296875 0.8802083328125001 0.4189453125 0.8828125 0.4091796875 0.8763020828125001 0.40234375 0.87109375 0.40234375 0.8528645828125001 0.4140625 0.8450520828125001 0.4140625 0.8372395828125001 0.40625 0.8307291671874999 0.4189453125 0.8203125 0.4248046875 0.81640625 0.435546875 0.8151041671874999 0.4228515625 0.80859375 0.416015625 0.8059895828125001 0.41796875 0.80078125 0.416015625 0.796875 0.4189453125 0.7994791671875 0.4287109375 0.796875 0.4423828125 0.8046875 0.4873046875 0.8151041671874999 0.5087890625 0.8177083328125001 0.5263671875 0.828125 0.5458984375 0.8528645828125001 0.544921875 0.86328125 0.548828125 0.8671875 0.5556640625 0.875 0.5595703125 0.9036458328125001 0.5380859375 0.9010416671874999 0.5224609375 0.90625 0.5166015625 0.90625 0.5087890625 0.9140625 0.5068359375 0.9140625 0.4931640625 0.9088541671874999 0.4873046875 0.9140625 0.4833984375
5 1 0.1611328125 0.99609375 0.16015625 0.984375 0.1728515625 0.9817708328125001 0.1865234375 0.9856770828125001 0.189453125 1 0.1884765625 1 0.1611328125
5 0.5299479171875 0.359375 0.5494791671875 0.3603515625 0.5572916671875 0.3564453125 0.5598958328125 0.3466796875 0.5520833328125 0.3349609375 0.5455729171875 0.330078125 0.5403645828125 0.330078125 0.5234375 0.3369140625 0.5208333328125 0.3486328125 0.5299479171875 0.359375
5 0.6223958328125 0.2841796875 0.6223958328125 0.2783203125 0.61328125 0.2734375 0.60546875 0.2734375 0.6015625 0.2763671875 0.6015625 0.2900390625 0.6145833328125 0.2900390625 0.6223958328125 0.2841796875
5 0.5833333328125 0.1767578125 0.5963541671875 0.1728515625 0.5963541671875 0.1611328125 0.5924479171875 0.158203125 0.5690104171875 0.15625 0.5625 0.1611328125 0.5677083328125 0.1748046875 0.5716145828125 0.177734375 0.5833333328125 0.1767578125
5 0.6731770828125 0.8515625 0.6796875 0.8505859375 0.6888020828125 0.84765625 0.6927083328125 0.8427734375 0.6901041671875 0.8291015625 0.68359375 0.82421875 0.6705729171875 0.826171875 0.6666666671875 0.8330078125 0.6692708328125 0.8486328125 0.6731770828125 0.8515625
5 0.6796875 0.7197265625 0.6848958328125 0.7314453125 0.6888020828125 0.734375 0.703125 0.7333984375 0.734375 0.6728515625 0.734375 0.6650390625 0.7200520828125 0.650390625 0.6940104171875 0.640625 0.671875 0.6767578125 0.671875 0.6982421875 0.6796875 0.7060546875 0.6796875 0.7197265625
5 0.71484375 0.5859375 0.7018229171875 0.5859375 0.703125 0.6005859375 0.70703125 0.603515625 0.7135416671875 0.6025390625 0.7213541671875 0.5908203125 0.71484375 0.5859375
5 0.45703125 0.607421875 0.46875 0.6083984375 0.4817708328125 0.5966796875 0.4817708328125 0.5908203125 0.4713541671875 0.5830078125 0.4713541671875 0.5791015625 0.46484375 0.578125 0.4505208328125 0.5888671875 0.4505208328125 0.6005859375 0.45703125 0.607421875