5 0.06901041718749999 0.115234375 0.05338541718749999 0.11328125 0.0455729171875 0.1171875 0.0442708328125 0.1337890625 0.05598958281250001 0.142578125 0.06640625 0.140625 0.078125 0.1318359375 0.078125 0.1220703125 0.06901041718749999 0.115234375
5 0.1158854171875 0.306640625 0.1119791671875 0.3095703125 0.1145833328125 0.3193359375 0.1263020828125 0.32421875 0.1315104171875 0.322265625 0.1354166671875 0.3134765625 0.1236979171875 0.306640625 0.1158854171875 0.306640625
5 0.09765625 0.376953125 0.09895833281250001 0.3681640625 0.08723958281250001 0.3671875 0.0859375 0.3740234375 0.09765625 0.376953125
5 0.2721354171875 0.314453125 0.2643229171875 0.3125 0.2604166671875 0.3193359375 0.28515625 0.3359375 0.2838541671875 0.3251953125 0.2721354171875 0.314453125
5 0.27734375 0.2734375 0.2734375 0.2822265625 0.2799479171875 0.287109375 0.3059895828125 0.287109375 0.3125 0.2841796875 0.3125 0.2763671875 0.30078125 0.26953125 0.27734375 0.2734375
5 0.22005208281250002 0.23828125 0.22526041718749998 0.23828125 0.22916666718749998 0.2275390625 0.22265625 0.220703125 0.21744791718749998 0.220703125 0.21614583281250002 0.2333984375 0.22005208281250002 0.23828125
5 0.2877604171875 0.21875 0.2916666671875 0.2099609375 0.28515625 0.20703125 0.2786458328125 0.2158203125 0.2877604171875 0.21875
5 0.1653645828125 0.283203125 0.1731770828125 0.283203125 0.1796875 0.2783203125 0.1731770828125 0.2734375 0.1575520828125 0.2734375 0.1536458328125 0.2783203125 0.1653645828125 0.283203125
5 0.16015625 0.234375 0.1614583328125 0.2255859375 0.15234375 0.21875 0.1510416671875 0.2275390625 0.16015625 0.234375
5 0.3841145828125 0.376953125 0.3932291671875 0.3720703125 0.3932291671875 0.3623046875 0.3815104171875 0.35546875 0.3736979171875 0.35546875 0.3697916671875 0.3681640625 0.3841145828125 0.376953125
5 0.42578125 0.341796875 0.4192708328125 0.3466796875 0.4192708328125 0.3525390625 0.4309895828125 0.359375 0.44921875 0.359375 0.4609375 0.3525390625 0.4544270828125 0.34375 0.42578125 0.341796875
5 0.4518229171875 0.384765625 0.4583333328125 0.3798828125 0.4583333328125 0.3740234375 0.4518229171875 0.369140625 0.4440104171875 0.369140625 0.4375 0.3779296875 0.4518229171875 0.384765625
5 0.4127604171875 0.21484375 0.39453125 0.212890625 0.390625 0.2158203125 0.3880208328125 0.2236328125 0.3919270828125 0.2265625 0.4049479171875 0.232421875 0.4166666671875 0.2314453125 0.4192708328125 0.2216796875 0.4127604171875 0.21484375
5 0.4596354171875 0.171875 0.4700520828125 0.171875 0.4713541671875 0.1630859375 0.46484375 0.158203125 0.4544270828125 0.158203125 0.4505208328125 0.1669921875 0.4596354171875 0.171875
5 0.5091145828125 0.12890625 0.4986979171875 0.12890625 0.4947916671875 0.1318359375 0.4986979171875 0.13671875 0.5104166671875 0.1357421875 0.5091145828125 0.12890625
5 0.4075520828125 0.083984375 0.4114583328125 0.0751953125 0.3971354171875 0.068359375 0.3984375 0.0830078125 0.4075520828125 0.083984375
5 0.3684895828125 0.07421875 0.35546875 0.07421875 0.3541666671875 0.0791015625 0.36328125 0.0859375 0.3723958328125 0.0849609375 0.3684895828125 0.07421875
5 0.4322916671875 0.0751953125 0.4283854171875 0.06640625 0.4205729171875 0.068359375 0.4205729171875 0.07421875 0.4322916671875 0.0751953125
5 0.48046875 0.095703125 0.48828125 0.095703125 0.4895833328125 0.0888671875 0.4830729171875 0.083984375 0.4778645828125 0.0859375 0.4739583328125 0.0908203125 0.48046875 0.095703125
5 0.51171875 0.099609375 0.5625 0.1005859375 0.5611979171875 0.09765625 0.5247395828125 0.087890625 0.4856770828125 0.087890625 0.4830729171875 0.09375 0.51171875 0.099609375
5 0.59765625 0.033203125 0.5963541671875 0.0419921875 0.6028645828125 0.046875 0.6106770828125 0.046875 0.6171875 0.0400390625 0.6145833328125 0.0361328125 0.6080729171875 0.03125 0.59765625 0.033203125
5 0.62109375 0.0078125 0.6080729171875 0.009765625 0.6067708328125 0.0146484375 0.61328125 0.017578125 0.6223958328125 0.0146484375 0.62109375 0.0078125
5 0.6458333328125 0.1162109375 0.6432291671875 0.1240234375 0.6497395828125 0.12890625 0.66015625 0.12890625 0.6692708328125 0.1240234375 0.6692708328125 0.1181640625 0.6627604171875 0.11328125 0.6458333328125 0.1162109375
5 0.5846354171875 0.12109375 0.5859375 0.1162109375 0.5768229171875 0.11328125 0.5729166671875 0.1181640625 0.5846354171875 0.12109375
5 0.6927083328125 0.1455078125 0.6783854171875 0.142578125 0.6744791671875 0.1513671875 0.6861979171875 0.15625 0.6927083328125 0.1513671875 0.6927083328125 0.1455078125
5 0.6223958328125 0.1845703125 0.6080729171875 0.17578125 0.6015625 0.1845703125 0.60546875 0.189453125 0.6158854171875 0.19140625 0.6223958328125 0.1845703125
5 0.5859375 0.2099609375 0.57421875 0.20703125 0.5703125 0.2138671875 0.57421875 0.21875 0.5794270828125 0.21875 0.5859375 0.2099609375
5 0.5690104171875 0.208984375 0.5559895828125 0.2109375 0.5546875 0.2177734375 0.55859375 0.220703125 0.5729166671875 0.2177734375 0.5690104171875 0.208984375
5 0.5611979171875 0.205078125 0.5651041671875 0.1962890625 0.55859375 0.1953125 0.5546875 0.2021484375 0.5611979171875 0.205078125
5 0.8880208328125001 0.0712890625 0.8854166671874999 0.0810546875 0.89453125 0.087890625 0.9075520828125001 0.087890625 0.9140625 0.0830078125 0.91015625 0.07421875 0.8997395828125001 0.0703125 0.8880208328125001 0.0712890625
5 0.7877604171875 0.080078125 0.7890625 0.0712890625 0.77734375 0.068359375 0.7734375 0.0771484375 0.7877604171875 0.080078125
5 0.7174479171875 0.306640625 0.7317708328125 0.3037109375 0.7278645828125 0.294921875 0.72265625 0.29296875 0.7161458328125 0.2958984375 0.7135416671875 0.3017578125 0.7174479171875 0.306640625
5 0.6783854171875 0.298828125 0.6692708328125 0.2998046875 0.66796875 0.310546875 0.6783854171875 0.3125 0.6848958328125 0.3095703125 0.6783854171875 0.298828125
5 0.6471354171875 0.248046875 0.6393229171875 0.248046875 0.6354166671875 0.2587890625 0.64453125 0.26171875 0.6510416671875 0.2529296875 0.6471354171875 0.248046875
5 0.6809895828125 0.22265625 0.6927083328125 0.2119140625 0.6783854171875 0.208984375 0.6770833328125 0.2197265625 0.6809895828125 0.22265625
5 0.48828125 0.169921875 0.47265625 0.169921875 0.46875 0.1728515625 0.48046875 0.177734375 0.4921875 0.1748046875 0.48828125 0.169921875
5 0.5638020828125 0.3046875 0.5677083328125 0.2939453125 0.5559895828125 0.291015625 0.5520833328125 0.2998046875 0.5638020828125 0.3046875
5 0.5533854171875 0.283203125 0.5572916671875 0.2783203125 0.5481770828125 0.275390625 0.5442708328125 0.2802734375 0.5533854171875 0.283203125
5 0.5247395828125 0.3046875 0.5286458328125 0.2978515625 0.5182291671875 0.2958984375 0.5182291671875 0.3037109375 0.5247395828125 0.3046875
5 0.5716145828125 0.341796875 0.5559895828125 0.341796875 0.5546875 0.3486328125 0.5611979171875 0.353515625 0.5755208328125 0.3505859375 0.5716145828125 0.341796875
5 0.640625 0.3408203125 0.6471354171875 0.34375 0.6575520828125 0.341796875 0.6588541671875 0.3310546875 0.64453125 0.328125 0.6380208328125 0.3330078125 0.640625 0.3408203125
5 0.6888020828125 0.328125 0.6966145828125 0.328125 0.703125 0.3232421875 0.703125 0.3173828125 0.6888020828125 0.31640625 0.6848958328125 0.3232421875 0.6888020828125 0.328125
5 0.7486979171875 0.39453125 0.7526041671875 0.3876953125 0.7408854171875 0.384765625 0.7369791671875 0.3896484375 0.7486979171875 0.39453125
5 0.7721354171875 0.451171875 0.7760416671875 0.4443359375 0.7643229171875 0.439453125 0.7604166671875 0.4462890625 0.7721354171875 0.451171875
5 0.8893229171874999 0.44921875 0.8932291671874999 0.4326171875 0.8880208328125001 0.4150390625 0.87109375 0.41015625 0.8567708328125001 0.4169921875 0.8463541671874999 0.4326171875 0.8463541671874999 0.4404296875 0.85546875 0.447265625 0.87109375 0.451171875 0.8893229171874999 0.44921875
5 0.9856770828125001 0.43359375 0.9791666671874999 0.4384765625 0.9791666671874999 0.4482421875 0.98828125 0.455078125 0.9986979171874999 0.45703125 1 0.4345703125 0.99609375 0.431640625 0.9856770828125001 0.43359375
5 0.1796875 0.3271484375 0.16796875 0.32421875 0.1614583328125 0.3291015625 0.1614583328125 0.3349609375 0.1731770828125 0.337890625 0.1796875 0.3271484375
5 0.1419270828125 0.357421875 0.1458333328125 0.3486328125 0.13671875 0.345703125 0.1328125 0.3544921875 0.1419270828125 0.357421875
5 0.20703125 0.419921875 0.21354166718749998 0.4150390625 0.21354166718749998 0.4052734375 0.20442708281250002 0.404296875 0.20052083281250002 0.4072265625 0.1979166671875 0.4130859375 0.20703125 0.419921875
5 0.0325520828125 0.6171875 0.0286458328125 0.6240234375 0.0455729171875 0.630859375 0.08984375 0.6328125 0.1015625 0.6279296875 0.09244791718749999 0.62109375 0.0403645828125 0.615234375 0.0325520828125 0.6171875
5 0.140625 0.7451171875 0.1315104171875 0.736328125 0.1080729171875 0.728515625 0.09765625 0.728515625 0.0859375 0.7392578125 0.0859375 0.7548828125 0.1002604171875 0.7734375 0.11328125 0.775390625 0.1380208328125 0.7685546875 0.140625 0.7451171875
5 0.0390625 0.7216796875 0.0325520828125 0.71875 0.014322917187500001 0.720703125 0.013020832812499999 0.7255859375 0.0208333328125 0.7373046875 0.0299479171875 0.744140625 0.0377604171875 0.744140625 0.0442708328125 0.7373046875 0.0390625 0.7216796875
5 0 0.7216796875 0.00390625 0.724609375 0.014322917187500001 0.7265625 0.0390625 0.7216796875 0.0169270828125 0.705078125 0.00390625 0.703125 0 0.7060546875 0 0.7216796875
5 0.1705729171875 0.861328125 0.1861979171875 0.861328125 0.1927083328125 0.8564453125 0.19140625 0.849609375 0.1705729171875 0.84765625 0.1666666671875 0.8505859375 0.1705729171875 0.861328125
5 0.16796875 0.80078125 0.1861979171875 0.80078125 0.1901041671875 0.7978515625 0.1809895828125 0.787109375 0.1614583328125 0.7880859375 0.15625 0.7939453125 0.16796875 0.80078125
5 0.1497395828125 0.798828125 0.1536458328125 0.7919921875 0.1419270828125 0.787109375 0.1380208328125 0.7939453125 0.1497395828125 0.798828125
5 0.7578125 0.6943359375 0.7486979171875 0.69140625 0.7421875 0.6982421875 0.7473958328125 0.7099609375 0.7591145828125 0.71484375 0.7578125 0.6943359375
5 0.8424479171874999 0.80078125 0.8489583328125001 0.7939453125 0.8463541671874999 0.7880859375 0.83984375 0.78515625 0.8294270828125001 0.787109375 0.8255208328125001 0.7958984375 0.8424479171874999 0.80078125
5 0.73046875 0.720703125 0.7317708328125 0.7138671875 0.7200520828125 0.7109375 0.71875 0.7177734375 0.73046875 0.720703125
2 0.4192708328125 0.5263671875 0.3919270828125 0.513671875 0.3854166671875 0.5166015625 0.3697916671875 0.5517578125 0.3697916671875 0.5615234375 0.3841145828125 0.5703125 0.4153645828125 0.5703125 0.4244791671875 0.5615234375 0.4192708328125 0.5263671875
2 0.6822916671875 0.7373046875 0.6549479171875 0.71875 0.6315104171875 0.71875 0.6276041671875 0.7216796875 0.6171875 0.7509765625 0.6171875 0.7705078125 0.6549479171875 0.7890625 0.6770833328125 0.7744140625 0.6875 0.7548828125 0.6822916671875 0.7373046875
5 0.55859375 0.68359375 0.5481770828125 0.681640625 0.5403645828125 0.685546875 0.5208333328125 0.7001953125 0.5208333328125 0.7080078125 0.5377604171875 0.720703125 0.59375 0.7099609375 0.59375 0.7060546875 0.55859375 0.68359375
5 0.9388020828125001 0.93359375 0.9479166671874999 0.9267578125 0.9479166671874999 0.9150390625 0.9361979171874999 0.900390625 0.9283854171874999 0.896484375 0.9127604171874999 0.896484375 0.9036458328125001 0.9013671875 0.8984375 0.9072265625 0.8984375 0.9228515625 0.9153645828125001 0.939453125 0.9388020828125001 0.93359375
5 0.8346354171874999 0.921875 0.8190104171874999 0.923828125 0.8125 0.9287109375 0.8098958328125001 0.9404296875 0.8216145828125001 0.94921875 0.8450520828125001 0.951171875 0.8567708328125001 0.9404296875 0.8567708328125001 0.9345703125 0.8346354171874999 0.921875
5 0.671875 0.8544921875 0.6796875 0.8388671875 0.65234375 0.822265625 0.6080729171875 0.837890625 0.5963541671875 0.8466796875 0.59375 0.8544921875 0.6080729171875 0.86328125 0.6184895828125 0.8671875 0.6497395828125 0.8671875 0.671875 0.8544921875
5 0.5364583328125 0.8408203125 0.5338541671875 0.8486328125 0.5377604171875 0.853515625 0.56640625 0.8515625 0.5807291671875 0.8330078125 0.5768229171875 0.826171875 0.5481770828125 0.826171875 0.5364583328125 0.8408203125
5 0.5533854171875 0.806640625 0.5403645828125 0.8046875 0.5390625 0.8134765625 0.54296875 0.81640625 0.5546875 0.8134765625 0.5533854171875 0.806640625
5 0.65234375 0.81640625 0.65625 0.8076171875 0.6497395828125 0.8046875 0.6432291671875 0.8115234375 0.65234375 0.81640625
5 0.5169270828125 0.7578125 0.5338541671875 0.7587890625 0.5364583328125 0.7529296875 0.5299479171875 0.74609375 0.5143229171875 0.748046875 0.5130208328125 0.7548828125 0.5169270828125 0.7578125
5 0.46484375 0.697265625 0.4596354171875 0.69921875 0.4583333328125 0.7060546875 0.4674479171875 0.708984375 0.4713541671875 0.7021484375 0.46484375 0.697265625
5 0.49609375 0.701171875 0.5078125 0.6904296875 0.5078125 0.6826171875 0.50390625 0.67578125 0.4921875 0.6767578125 0.4895833328125 0.6865234375 0.49609375 0.701171875
5 0.50390625 0.705078125 0.5052083328125 0.6923828125 0.4934895828125 0.689453125 0.4895833328125 0.7021484375 0.50390625 0.705078125
2 0.1328125 0.8291015625 0.1263020828125 0.828125 0.08723958281250001 0.83984375 0.0859375 0.8466796875 0.09505208281250001 0.8515625 0.12109375 0.8515625 0.1328125 0.8466796875 0.1354166671875 0.8349609375 0.1328125 0.8291015625
5 0.1341145828125 0.705078125 0.1549479171875 0.708984375 0.1614583328125 0.7060546875 0.14453125 0.6953125 0.12890625 0.693359375 0.1276041671875 0.7001953125 0.1341145828125 0.705078125
5 0.3502604171875 0.63671875 0.3541666671875 0.6298828125 0.3424479171875 0.625 0.3385416671875 0.6298828125 0.3502604171875 0.63671875
5 0.4036458328125 0.6123046875 0.40234375 0.607421875 0.39453125 0.607421875 0.39453125 0.61328125 0.4036458328125 0.6123046875
5 0.27734375 0.62109375 0.28125 0.6142578125 0.26953125 0.611328125 0.265625 0.6181640625 0.27734375 0.62109375
5 0.2994791671875 0.5419921875 0.2981770828125 0.53515625 0.2825520828125 0.533203125 0.2825520828125 0.54296875 0.2994791671875 0.5419921875
5 0.1888020828125 0.513671875 0.1927083328125 0.5068359375 0.18359375 0.50390625 0.1796875 0.5087890625 0.1888020828125 0.513671875
5 0.16796875 0.564453125 0.1575520828125 0.5625 0.1536458328125 0.5712890625 0.16015625 0.578125 0.171875 0.5693359375 0.16796875 0.564453125
5 0.2591145828125 0.41796875 0.265625 0.4130859375 0.25390625 0.408203125 0.2526041671875 0.4150390625 0.2591145828125 0.41796875
5 0.8567708328125001 0.2919921875 0.8567708328125001 0.3056640625 0.8658854171874999 0.30859375 0.87109375 0.306640625 0.875 0.2998046875 0.8723958328125001 0.2919921875 0.8684895828125001 0.2890625 0.8567708328125001 0.2919921875
5 0.41796875 0.583984375 0.4140625 0.5908203125 0.4205729171875 0.595703125 0.44140625 0.59765625 0.453125 0.5927734375 0.453125 0.5869140625 0.4440104171875 0.580078125 0.41796875 0.583984375
2 0.4244791671875 0.4482421875 0.4244791671875 0.4697265625 0.4309895828125 0.4765625 0.4388020828125 0.4765625 0.4505208328125 0.4677734375 0.4505208328125 0.4560546875 0.4361979171875 0.443359375 0.4244791671875 0.4482421875
2 0.52734375 0.880859375 0.5768229171875 0.91015625 0.6184895828125 0.9296875 0.6236979171875 0.931640625 0.6354166671875 0.9287109375 0.6223958328125 0.8876953125 0.5924479171875 0.86328125 0.5638020828125 0.8515625 0.52734375 0.8515625 0.5208333328125 0.8564453125 0.5208333328125 0.8740234375 0.52734375 0.880859375
5 0.7109375 0.9658203125 0.7057291671875 0.9755859375 0.72265625 0.984375 0.7578125 0.9833984375 0.7552083328125 0.9677734375 0.7434895828125 0.95703125 0.7252604171875 0.95703125 0.7109375 0.9658203125