5 0.1171875 0.37109375 0.115234375 0.3815104171875 0.107421875 0.3919270828125 0.107421875 0.4075520828125 0.1181640625 0.4270833328125 0.1416015625 0.4348958328125 0.150390625 0.4153645828125 0.158203125 0.4075520828125 0.1572265625 0.3854166671875 0.1513671875 0.3671875 0.1318359375 0.3567708328125 0.1171875 0.37109375
5 0 0.48046875 0.0068359375 0.484375 0.0205078125 0.4817708328125 0.02734375 0.4700520828125 0.0263671875 0.4557291671875 0.017578125 0.43359375 0.0126953125 0.4270833328125 0.0068359375 0.4270833328125 0 0.4388020828125 0 0.48046875
5 0.0556640625 0.5963541671875 0.064453125 0.5794270828125 0.0654296875 0.5677083328125 0.0556640625 0.5572916671875 0.0419921875 0.5598958328125 0.033203125 0.5768229171875 0.033203125 0.5950520828125 0.0380859375 0.5989583328125 0.0556640625 0.5963541671875
5 0.1708984375 0.5859375 0.1796875 0.5768229171875 0.1787109375 0.5651041671875 0.1728515625 0.5546875 0.1630859375 0.5546875 0.15625 0.56640625 0.15625 0.57421875 0.1611328125 0.5833333328125 0.1708984375 0.5859375
5 0.259765625 0.8528645828125001 0.263671875 0.8606770828125001 0.2724609375 0.8645833328125001 0.283203125 0.8502604171874999 0.2841796875 0.8359375 0.2783203125 0.8229166671874999 0.2744140625 0.8203125 0.2666015625 0.8229166671874999 0.259765625 0.83203125 0.259765625 0.8528645828125001
5 0.298828125 0.60546875 0.3076171875 0.6171875 0.3134765625 0.6171875 0.322265625 0.60546875 0.3212890625 0.59375 0.3173828125 0.5859375 0.3095703125 0.5807291671875 0.3037109375 0.5833333328125 0.296875 0.59765625 0.298828125 0.60546875
5 0.3671875 0.6705729171875 0.3720703125 0.6796875 0.3779296875 0.6796875 0.3828125 0.6731770828125 0.3818359375 0.6666666671875 0.3740234375 0.6614583328125 0.3671875 0.6705729171875
5 0.4248046875 0.6822916671875 0.4248046875 0.671875 0.4169921875 0.6692708328125 0.412109375 0.6783854171875 0.4150390625 0.6822916671875 0.4248046875 0.6822916671875
5 0.4375 0.76171875 0.4423828125 0.78125 0.4462890625 0.78125 0.451171875 0.7747395828125 0.4521484375 0.7552083328125 0.4443359375 0.7526041671875 0.4375 0.76171875
5 0.3662109375 0.9088541671874999 0.37109375 0.8997395828125001 0.3701171875 0.8880208328125001 0.3671875 0.8736979171874999 0.3583984375 0.8723958328125001 0.34375 0.8841145828125001 0.337890625 0.90234375 0.3408203125 0.9088541671874999 0.3662109375 0.9088541671874999
5 0.3818359375 0.984375 0.3974609375 0.9713541671874999 0.3994140625 0.9635416671874999 0.3984375 0.95703125 0.3916015625 0.9505208328125001 0.3720703125 0.9505208328125001 0.365234375 0.9700520828125001 0.3720703125 0.984375 0.3818359375 0.984375
5 0.611328125 0.6263020828125 0.6103515625 0.6145833328125 0.599609375 0.61328125 0.599609375 0.62890625 0.6025390625 0.6328125 0.611328125 0.6263020828125
5 0.6826171875 0.7447916671875 0.6767578125 0.7421875 0.6630859375 0.7447916671875 0.662109375 0.7486979171875 0.6689453125 0.7578125 0.6787109375 0.7604166671875 0.68359375 0.75390625 0.6826171875 0.7447916671875
5 0.7314453125 0.3671875 0.736328125 0.36328125 0.7373046875 0.3515625 0.7314453125 0.3411458328125 0.7255859375 0.3411458328125 0.720703125 0.34765625 0.720703125 0.3580729171875 0.7275390625 0.3671875 0.7314453125 0.3671875
5 0.7177734375 0 0.71484375 0.00390625 0.716796875 0.006510417187500001 0.71484375 0.0169270828125 0.7197265625 0.0234375 0.7275390625 0.0234375 0.732421875 0.0169270828125 0.7314453125 0.0052083328125 0.7294921875 0 0.7177734375 0