5 0.08984375 0.076171875 0.07552083281250001 0.0849609375 0.0703125 0.0947265625 0.08072916718749999 0.1064453125 0.09244791718749999 0.11328125 0.1028645828125 0.11328125 0.1145833328125 0.1025390625 0.1145833328125 0.0888671875 0.1002604171875 0.076171875 0.08984375 0.076171875
5 0.21354166718749998 0.0810546875 0.22786458281250002 0.083984375 0.23177083281250002 0.0712890625 0.22526041718749998 0.06640625 0.21484375 0.06640625 0.2109375 0.0693359375 0.21354166718749998 0.0810546875
5 0.1575520828125 0.337890625 0.1510416671875 0.3427734375 0.1510416671875 0.3525390625 0.16015625 0.361328125 0.16796875 0.361328125 0.1770833328125 0.3564453125 0.1796875 0.3466796875 0.1731770828125 0.33984375 0.1575520828125 0.337890625
5 0.13671875 0.52734375 0.1510416671875 0.5244140625 0.1510416671875 0.5146484375 0.14453125 0.509765625 0.1302083328125 0.5126953125 0.1276041671875 0.5185546875 0.13671875 0.52734375
2 0.27734375 0.25390625 0.265625 0.2666015625 0.2604166671875 0.3662109375 0.2630208328125 0.3720703125 0.2747395828125 0.376953125 0.3020833328125 0.3564453125 0.3046875 0.2666015625 0.3020833328125 0.2587890625 0.2903645828125 0.251953125 0.27734375 0.25390625
2 0.5703125 0.4697265625 0.5677083328125 0.4853515625 0.5729166671875 0.5048828125 0.5794270828125 0.509765625 0.5924479171875 0.51171875 0.6041666671875 0.5029296875 0.6041666671875 0.4873046875 0.5794270828125 0.466796875 0.5703125 0.4697265625
2 0.59765625 0.34375 0.5520833328125 0.3798828125 0.5494791671875 0.4111328125 0.55859375 0.419921875 0.57421875 0.41796875 0.5833333328125 0.4130859375 0.6171875 0.3701171875 0.6197916671875 0.3642578125 0.6145833328125 0.3486328125 0.59765625 0.34375
2 0.5872395828125 0.314453125 0.5885416671875 0.3271484375 0.6028645828125 0.34375 0.6106770828125 0.34375 0.6328125 0.3310546875 0.6328125 0.3193359375 0.62890625 0.31640625 0.5950520828125 0.3125 0.5872395828125 0.314453125
2 0.5924479171875 0.111328125 0.5885416671875 0.1142578125 0.5859375 0.1318359375 0.5950520828125 0.138671875 0.6158854171875 0.14453125 0.6236979171875 0.14453125 0.6302083328125 0.1396484375 0.6328125 0.1279296875 0.6158854171875 0.11328125 0.5924479171875 0.111328125
2 0.2552083328125 0.0654296875 0.2552083328125 0.0888671875 0.265625 0.1044921875 0.2630208328125 0.1298828125 0.2708333328125 0.1435546875 0.2760416671875 0.1435546875 0.2786458328125 0.1142578125 0.2890625 0.0927734375 0.2838541671875 0.0458984375 0.2864583328125 0.0302734375 0.2825520828125 0.0234375 0.27734375 0.0234375 0.265625 0.0322265625 0.2552083328125 0.0654296875
2 0.5859375 0.0517578125 0.6041666671875 0.0673828125 0.609375 0.0771484375 0.6158854171875 0.08203125 0.625 0.0810546875 0.6354166671875 0.0654296875 0.6354166671875 0.0537109375 0.625 0.0439453125 0.625 0.0341796875 0.61328125 0.025390625 0.5950520828125 0.025390625 0.5859375 0.0380859375 0.5859375 0.0517578125
2 0.7447916671875 0.2041015625 0.7473958328125 0.2080078125 0.7447916671875 0.2607421875 0.7552083328125 0.2724609375 0.7630208328125 0.2978515625 0.7682291671875 0.2998046875 0.7760416671875 0.2939453125 0.78125 0.2841796875 0.7890625 0.2412109375 0.7890625 0.2001953125 0.77734375 0.177734375 0.7565104171875 0.1796875 0.7526041671875 0.1826171875 0.7447916671875 0.2041015625
2 0.7135416671875 0.3583984375 0.7174479171875 0.365234375 0.72265625 0.361328125 0.73046875 0.36328125 0.7408854171875 0.361328125 0.7486979171875 0.3671875 0.765625 0.3662109375 0.7708333328125 0.3486328125 0.765625 0.3291015625 0.7682291671875 0.3115234375 0.7565104171875 0.30859375 0.7408854171875 0.3125 0.7135416671875 0.3271484375 0.7161458328125 0.3466796875 0.7135416671875 0.3583984375
2 0.7604166671875 0.4560546875 0.7734375 0.4697265625 0.7864583328125 0.4951171875 0.7955729171875 0.501953125 0.8046875 0.5029296875 0.8098958328125001 0.4970703125 0.796875 0.4716796875 0.7942708328125 0.4619140625 0.796875 0.4560546875 0.7721354171875 0.43359375 0.76171875 0.43359375 0.7552083328125 0.4384765625 0.7604166671875 0.4560546875
2 0.7421875 0.0498046875 0.7369791671875 0.0517578125 0.7369791671875 0.0595703125 0.7486979171875 0.060546875 0.7486979171875 0.056640625 0.7565104171875 0.056640625 0.7591145828125 0.060546875 0.7682291671875 0.0615234375 0.7747395828125 0.060546875 0.7786458328125 0.0537109375 0.7760416671875 0.0146484375 0.7786458328125 0.0009765625 0.7330729171875 0 0.7291666671875 0.0283203125 0.7421875 0.0458984375 0.7421875 0.0498046875
2 0.9752604171874999 0.1328125 0.97265625 0.130859375 0.9609375 0.1337890625 0.9583333328125001 0.1533203125 0.9635416671874999 0.1572265625 0.9609375 0.1611328125 0.9635416671874999 0.1708984375 0.9609375 0.1806640625 0.9661458328125001 0.1826171875 0.9635416671874999 0.1923828125 0.9778645828125001 0.19921875 0.98828125 0.197265625 0.9908854171874999 0.203125 0.9973958328125001 0.2021484375 0.9973958328125001 0.1552734375 1 0.1533203125 0.99609375 0.12109375 0.98828125 0.125 0.9752604171874999 0.125 0.9713541671874999 0.1279296875 0.9765625 0.1298828125 0.9752604171874999 0.1328125
2 0.9466145828125001 0 0.9401041671874999 0.0068359375 0.9453125 0.0087890625 0.9505208328125001 0.0205078125 0.9505208328125001 0.0361328125 0.9596354171874999 0.044921875 0.9739583328125001 0.0458984375 0.98046875 0.044921875 0.984375 0.0400390625 0.9869791671874999 0.0283203125 0.984375 0.0126953125 0.9739583328125001 0.0107421875 0.9765625 0.0048828125 0.97265625 0 0.9466145828125001 0
2 0.7317708328125 0.0771484375 0.7369791671875 0.0810546875 0.7317708328125 0.0927734375 0.734375 0.1181640625 0.74609375 0.126953125 0.7565104171875 0.12890625 0.76171875 0.138671875 0.78125 0.1396484375 0.7864583328125 0.1357421875 0.7890625 0.1240234375 0.7864583328125 0.0888671875 0.76953125 0.060546875 0.7591145828125 0.05859375 0.74609375 0.060546875 0.7317708328125 0.0712890625 0.7317708328125 0.0771484375
5 0.1273247140625 0.2893454125 0.1273247140625 0.285048203125 0.12032185468750001 0.279796059375 0.1120457484375 0.2812284609375 0.1120457484375 0.2874355421875 0.1190486078125 0.293642621875 0.1273247140625 0.2893454125
2 0.2890625 0.5126953125 0.3138020828125 0.529296875 0.3268229171875 0.53125 0.3606770828125 0.55859375 0.3684895828125 0.5625 0.3776041671875 0.5615234375 0.3880208328125 0.5537109375 0.3854166671875 0.5419921875 0.37890625 0.53515625 0.3580729171875 0.529296875 0.3346354171875 0.51171875 0.3216145828125 0.505859375 0.2981770828125 0.5078125 0.2890625 0.5126953125
2 0.72265625 0.353515625 0.7161458328125 0.3564453125 0.7109375 0.3681640625 0.71875 0.4052734375 0.75390625 0.431640625 0.7682291671875 0.4326171875 0.7708333328125 0.4072265625 0.765625 0.3896484375 0.765625 0.3701171875 0.7708333328125 0.3623046875 0.76171875 0.3515625 0.7356770828125 0.3515625 0.73046875 0.35546875 0.72265625 0.353515625
2 0.6927083328125 0.9619140625 0.6953125 0.9619140625 0.703125 0.9501953125 0.7395833328125 0.9267578125 0.7317708328125 0.9111328125 0.7174479171875 0.90234375 0.7044270828125 0.904296875 0.6927083328125 0.9150390625 0.6901041671875 0.9267578125 0.6927083328125 0.9619140625
2 0.3723958328125 0.8857421875 0.3645833328125 0.8994140625 0.3723958328125 0.8994140625 0.3828125 0.8896484375 0.3815104171875 0.8828125 0.3723958328125 0.8857421875
2 0.359375 0.9111328125 0.3671875 0.9189453125 0.375 0.9365234375 0.3880208328125 0.9501953125 0.3958333328125 0.9521484375 0.40625 0.9365234375 0.4036458328125 0.9169921875 0.3971354171875 0.916015625 0.3841145828125 0.923828125 0.3697916671875 0.9169921875 0.3658854171875 0.908203125 0.3606770828125 0.908203125 0.359375 0.9111328125
2 0.4479166671875 0.9990234375 0.4453125 0.9912109375 0.4283854171875 0.9765625 0.40234375 0.96875 0.390625 0.9716796875 0.3932291671875 0.9853515625 0.3984375 0.9892578125 0.39453125 1 0.4479166671875 0.9990234375
2 0.20182291718749998 0.845703125 0.19140625 0.849609375 0.1822916671875 0.8564453125 0.1796875 0.8662109375 0.1875 0.8759765625 0.20572916718749998 0.8876953125 0.22005208281250002 0.875 0.23567708281250002 0.869140625 0.2591145828125 0.869140625 0.2604166671875 0.8662109375 0.24348958281250002 0.859375 0.23828125 0.853515625 0.21223958281250002 0.845703125 0.20182291718749998 0.845703125
2 0.3111979171875 0.8359375 0.2994791671875 0.8447265625 0.3072916671875 0.8701171875 0.3294270828125 0.888671875 0.3372395828125 0.888671875 0.3619791671875 0.9111328125 0.3645833328125 0.9013671875 0.3828125 0.8896484375 0.3854166671875 0.8857421875 0.3828125 0.8818359375 0.3528645828125 0.873046875 0.3359375 0.8427734375 0.3268229171875 0.837890625 0.3111979171875 0.8359375
2 0.1067708328125 0.9208984375 0.1067708328125 0.9111328125 0.08854166718749999 0.9013671875 0.08854166718749999 0.8955078125 0.09635416718749999 0.8876953125 0.09635416718749999 0.8818359375 0.08984375 0.876953125 0.0481770828125 0.876953125 0.0494791671875 0.8818359375 0.0442708328125 0.8837890625 0.05208333281250001 0.8876953125 0.0546875 0.8935546875 0.05208333281250001 0.9990234375 0.08854166718749999 0.9990234375 0.09635416718749999 0.9833984375 0.09375 0.9736328125 0.1067708328125 0.9599609375 0.1015625 0.9521484375 0.1015625 0.9423828125 0.09635416718749999 0.9384765625 0.1015625 0.9248046875 0.1067708328125 0.9208984375
2 0.5455729171875 0.8515625 0.5559895828125 0.8515625 0.55859375 0.845703125 0.5950520828125 0.841796875 0.60546875 0.84375 0.61328125 0.8515625 0.62890625 0.857421875 0.6432291671875 0.8564453125 0.6302083328125 0.8525390625 0.6145833328125 0.8232421875 0.5950520828125 0.8125 0.56640625 0.814453125 0.5520833328125 0.8291015625 0.5338541671875 0.8408203125 0.5338541671875 0.8466796875 0.5455729171875 0.8515625
2 0.4296875 0.9248046875 0.4322916671875 0.9443359375 0.4479166671875 0.9541015625 0.453125 0.9638671875 0.4583333328125 0.9658203125 0.4635416671875 0.9599609375 0.4609375 0.9501953125 0.4661458328125 0.9443359375 0.4635416671875 0.9345703125 0.4674479171875 0.900390625 0.4466145828125 0.90625 0.4348958328125 0.9150390625 0.4296875 0.9248046875
5 0.859375 0.8486328125 0.8619791671874999 0.8623046875 0.87109375 0.8671875 0.8802083328125001 0.8603515625 0.8802083328125001 0.8466796875 0.8736979171874999 0.837890625 0.8645833328125001 0.8408203125 0.859375 0.8486328125
5 0.6861979171875 0.705078125 0.6927083328125 0.7001953125 0.6927083328125 0.6943359375 0.6861979171875 0.69140625 0.6783854171875 0.693359375 0.6744791671875 0.7021484375 0.6861979171875 0.705078125
5 0.7109375 0.5205078125 0.7135416671875 0.5283203125 0.7200520828125 0.533203125 0.7278645828125 0.533203125 0.7317708328125 0.5224609375 0.7252604171875 0.517578125 0.71484375 0.517578125 0.7109375 0.5205078125
5 0.277103809375 0.470591103125 0.2832812828125 0.471914846875 0.285928771875 0.4672817421875 0.2841637796875 0.46397238124999995 0.2806337953125 0.45933927656250007 0.273573825 0.4600011484375 0.273573825 0.46397238124999995 0.27533881718750003 0.46794361406249996 0.277103809375 0.470591103125
5 0.2585713890625 0.4229363078125 0.26474886249999996 0.42161256406250003 0.26474886249999996 0.41764133125 0.2621013734375 0.4143319703125 0.2576888921875 0.4130082265625 0.252393915625 0.4156557140625 0.2532764109375 0.418965075 0.2585713890625 0.4229363078125
5 0.1879716921875 0.243568953125 0.189736684375 0.250187675 0.195914159375 0.250849546875 0.198561646875 0.250187675 0.20209163125 0.2442308265625 0.200326640625 0.240921465625 0.1923841734375 0.2395977203125 0.1879716921875 0.243568953125
5 0.1164895 0.21113721875000002 0.1217844765625 0.214446578125 0.12796195 0.214446578125 0.12884444687500002 0.21246096250000002 0.12884444687500002 0.20981347343749998 0.12707945468749998 0.2065041125 0.1217844765625 0.20518036875 0.1173719953125 0.207165984375 0.1164895 0.21113721875000002