5 0.4166666671875 0.6669921875 0.4192708328125 0.6826171875 0.4283854171875 0.6875 0.43359375 0.6875 0.4453125 0.6787109375 0.4479166671875 0.6708984375 0.4453125 0.6650390625 0.4322916671875 0.6591796875 0.4231770828125 0.66015625 0.4166666671875 0.6669921875
5 0.82421875 0.046875 0.8294270828125001 0.046875 0.8567708328125001 0.0244140625 0.85546875 0.01953125 0.8489583328125001 0.0205078125 0.8229166671874999 0.0439453125 0.82421875 0.046875
5 0.9765625 0.3623046875 0.9856770828125001 0.36328125 0.9895833328125001 0.3603515625 0.9869791671874999 0.3525390625 0.9765625 0.3525390625 0.9739583328125001 0.3564453125 0.9765625 0.3623046875
5 0.8776041671874999 0.3349609375 0.8841145828125001 0.341796875 0.8984375 0.3349609375 0.8958333328125001 0.3212890625 0.8880208328125001 0.3212890625 0.8802083328125001 0.3271484375 0.8776041671874999 0.3349609375
5 0.2578125 0.2666015625 0.2565104171875 0.2734375 0.2682291671875 0.2705078125 0.2669270828125 0.265625 0.2578125 0.2666015625
2 0.9166666671874999 0.1201171875 0.9140625 0.1025390625 0.90625 0.1025390625 0.9036458328125001 0.1689453125 0.8932291671874999 0.2431640625 0.9127604171874999 0.24609375 0.9140625 0.2392578125 0.9192708328125001 0.2353515625 0.9270833328125001 0.1748046875 0.9244791671874999 0.1474609375 0.9270833328125001 0.1220703125 0.9166666671874999 0.1201171875
5 0.953125 0.4033203125 0.9505208328125001 0.4111328125 0.9596354171874999 0.4140625 0.9635416671874999 0.4072265625 0.9596354171874999 0.40234375 0.953125 0.4033203125
5 0.4635416671875 0.0380859375 0.4609375 0.0458984375 0.4700520828125 0.046875 0.4713541671875 0.0400390625 0.4635416671875 0.0380859375
5 0.6979166671875 0.1435546875 0.6901041671875 0.1494140625 0.6940104171875 0.15625 0.7057291671875 0.1533203125 0.7057291671875 0.1474609375 0.6979166671875 0.1435546875
5 0.9596354171874999 0.158203125 0.9635416671874999 0.1533203125 0.9609375 0.1474609375 0.9518229171874999 0.142578125 0.9427083328125001 0.1435546875 0.9348958328125001 0.1513671875 0.9375 0.1572265625 0.9440104171874999 0.16015625 0.9596354171874999 0.158203125
5 0.4205729171875 0.154296875 0.4270833328125 0.1494140625 0.4270833328125 0.1416015625 0.4205729171875 0.138671875 0.4088541671875 0.1396484375 0.4036458328125 0.1435546875 0.4036458328125 0.1494140625 0.41015625 0.154296875 0.4205729171875 0.154296875
5 0.4973958328125 0.8740234375 0.4895833328125 0.8779296875 0.48828125 0.884765625 0.4934895828125 0.884765625 0.5026041671875 0.8779296875 0.4973958328125 0.8740234375
5 0.9791666671874999 0.9345703125 0.9765625 0.9541015625 0.9856770828125001 0.955078125 0.9921875 0.9384765625 0.9856770828125001 0.93359375 0.9791666671874999 0.9345703125
5 0.8841145828125001 0.44140625 0.8932291671874999 0.4365234375 0.8932291671874999 0.4306640625 0.8841145828125001 0.42578125 0.8776041671874999 0.4267578125 0.875 0.4384765625 0.8841145828125001 0.44140625
5 0.6901041671875 0.5185546875 0.69140625 0.52734375 0.7083333328125 0.5283203125 0.70703125 0.517578125 0.6901041671875 0.5185546875
5 0.8802083328125001 0.0595703125 0.8841145828125001 0.064453125 0.8880208328125001 0.0634765625 0.88671875 0.05859375 0.8802083328125001 0.0595703125
5 0.75 0.4990234375 0.75 0.5048828125 0.7591145828125 0.509765625 0.7630208328125 0.5009765625 0.7591145828125 0.498046875 0.75 0.4990234375
5 0.71875 0.2626953125 0.7161458328125 0.2705078125 0.72265625 0.2734375 0.7239583328125 0.2646484375 0.71875 0.2626953125
2 0.08854166718749999 0.0732421875 0.0859375 0.0869140625 0.09505208281250001 0.095703125 0.1080729171875 0.095703125 0.1236979171875 0.10546875 0.1197916671875 0.0927734375 0.1223958328125 0.0869140625 0.1171875 0.0771484375 0.1223958328125 0.0693359375 0.1145833328125 0.0634765625 0.1171875 0.0244140625 0.109375 0.0146484375 0.1015625 0.0126953125 0.1067708328125 0.0263671875 0.1067708328125 0.0400390625 0.09635416718749999 0.0654296875 0.08854166718749999 0.0732421875
2 0.6184895828125 0.140625 0.6145833328125 0.1416015625 0.6171875 0.1513671875 0.61328125 0.15234375 0.6028645828125 0.142578125 0.5846354171875 0.134765625 0.5677083328125 0.1318359375 0.5677083328125 0.1455078125 0.578125 0.1591796875 0.5963541671875 0.1708984375 0.6041666671875 0.1845703125 0.6067708328125 0.2001953125 0.6236979171875 0.2109375 0.6419270828125 0.21484375 0.65234375 0.224609375 0.6575520828125 0.224609375 0.6666666671875 0.2080078125 0.6692708328125 0.1669921875 0.6796875 0.1533203125 0.6822916671875 0.1396484375 0.6731770828125 0.1328125 0.6627604171875 0.134765625 0.6458333328125 0.1435546875 0.6484375 0.1455078125 0.6419270828125 0.154296875 0.6263020828125 0.15625 0.6184895828125 0.140625
2 0.8372395828125001 0.81640625 0.8684895828125001 0.83984375 0.8736979171874999 0.83984375 0.87890625 0.845703125 0.88671875 0.84765625 0.8854166671874999 0.8408203125 0.8932291671874999 0.8310546875 0.890625 0.8271484375 0.8932291671874999 0.8095703125 0.8880208328125001 0.8017578125 0.890625 0.7939453125 0.8854166671874999 0.7900390625 0.8697916671874999 0.7607421875 0.8138020828125001 0.724609375 0.7877604171875 0.716796875 0.7552083328125 0.7138671875 0.7122395828125 0.720703125 0.69140625 0.728515625 0.6536458328125 0.7529296875 0.6276041671875 0.7822265625 0.6276041671875 0.7939453125 0.6328125 0.8056640625 0.6302083328125 0.8115234375 0.6497395828125 0.8203125 0.6809895828125 0.80078125 0.69140625 0.798828125 0.7122395828125 0.787109375 0.7721354171875 0.78515625 0.7864583328125 0.7939453125 0.77734375 0.798828125 0.7825520828125 0.80078125 0.7955729171875 0.798828125 0.80859375 0.806640625 0.82421875 0.810546875 0.8294270828125001 0.81640625 0.8372395828125001 0.81640625
2 0.37109375 0.806640625 0.3736979171875 0.80078125 0.3763020828125 0.8046875 0.3815104171875 0.8046875 0.3854166671875 0.8017578125 0.3828125 0.7998046875 0.3932291671875 0.7958984375 0.3880208328125 0.7880859375 0.3958333328125 0.7802734375 0.3763020828125 0.759765625 0.3606770828125 0.751953125 0.3502604171875 0.751953125 0.3450520828125 0.74609375 0.3190104171875 0.7421875 0.3046875 0.7431640625 0.2981770828125 0.74609375 0.2643229171875 0.744140625 0.23828125 0.748046875 0.20572916718749998 0.7744140625 0.20052083281250002 0.7841796875 0.1875 0.7919921875 0.1875 0.8017578125 0.20833333281250002 0.8095703125 0.19921875 0.8125 0.1979166671875 0.8173828125 0.21223958281250002 0.818359375 0.21875 0.8134765625 0.21744791718749998 0.806640625 0.24088541718749998 0.8046875 0.24609375 0.80078125 0.3059895828125 0.796875 0.3294270828125 0.80078125 0.3580729171875 0.810546875 0.3606770828125 0.806640625 0.37109375 0.806640625
5 0.5924479171875 0.326171875 0.6028645828125 0.326171875 0.6067708328125 0.3232421875 0.6041666671875 0.3134765625 0.5989583328125 0.3134765625 0.5885416671875 0.3193359375 0.5924479171875 0.326171875
5 0.6653645828125 0.421875 0.65625 0.4228515625 0.6484375 0.4248046875 0.6484375 0.4326171875 0.66015625 0.4375 0.6666666671875 0.4326171875 0.6692708328125 0.4248046875 0.6653645828125 0.421875
5 0.6276041671875 0.3701171875 0.6328125 0.3798828125 0.64453125 0.38671875 0.6510416671875 0.3779296875 0.6276041671875 0.3701171875
5 0.8671875 0.3779296875 0.859375 0.3759765625 0.84375 0.3798828125 0.8411458328125001 0.3857421875 0.8450520828125001 0.390625 0.8606770828125001 0.392578125 0.8671875 0.3876953125 0.8671875 0.3779296875
5 0.1770833328125 0.3583984375 0.1640625 0.3662109375 0.18359375 0.369140625 0.1875 0.3623046875 0.1809895828125 0.357421875 0.1770833328125 0.3583984375
5 0.31640625 0.478515625 0.3268229171875 0.478515625 0.3307291671875 0.4755859375 0.3294270828125 0.470703125 0.3151041671875 0.4716796875 0.3125 0.4755859375 0.31640625 0.478515625
5 0.1979166671875 0.4384765625 0.1927083328125 0.4443359375 0.20442708281250002 0.447265625 0.20833333281250002 0.4404296875 0.20442708281250002 0.4375 0.1979166671875 0.4384765625
5 0.4192708328125 0.8408203125 0.4114583328125 0.8388671875 0.3971354171875 0.83984375 0.3880208328125 0.8564453125 0.3997395828125 0.869140625 0.41015625 0.8671875 0.421875 0.8544921875 0.4192708328125 0.8408203125