5 0.9440104171874999 0.828125 0.9244791671874999 0.8291015625 0.91796875 0.83984375 0.90234375 0.83984375 0.8932291671874999 0.8466796875 0.8971354171874999 0.853515625 0.9231770828125001 0.865234375 0.95703125 0.86328125 0.9739583328125001 0.8544921875 0.9739583328125001 0.8447265625 0.9622395828125001 0.833984375 0.9440104171874999 0.828125
5 0.5755208328125 0.8955078125 0.5716145828125 0.890625 0.5598958328125 0.8896484375 0.5546875 0.8916015625 0.5546875 0.8994140625 0.5690104171875 0.904296875 0.5755208328125 0.8955078125
4 0.9453125 0.7197265625 0.9544270828125001 0.724609375 0.9700520828125001 0.724609375 0.9765625 0.7158203125 0.96875 0.7021484375 0.96484375 0.69921875 0.9479166671874999 0.7001953125 0.9401041671874999 0.7080078125 0.9453125 0.7197265625
4 0.9674479171874999 0.7578125 0.9791666671874999 0.7509765625 0.9817708328125001 0.7451171875 0.97265625 0.736328125 0.9635416671874999 0.7353515625 0.953125 0.7412109375 0.953125 0.7529296875 0.9674479171874999 0.7578125
4 0.9427083328125001 0.7236328125 0.9348958328125001 0.7294921875 0.9388020828125001 0.732421875 0.94921875 0.732421875 0.9505208328125001 0.7255859375 0.9427083328125001 0.7236328125
4 0.9049479171874999 0.732421875 0.9140625 0.7236328125 0.9140625 0.7158203125 0.90234375 0.70703125 0.8958333328125001 0.7080078125 0.8880208328125001 0.7197265625 0.8932291671874999 0.7294921875 0.9049479171874999 0.732421875
4 0.8567708328125001 0.7216796875 0.86328125 0.7265625 0.8763020828125001 0.7265625 0.8854166671874999 0.7216796875 0.8880208328125001 0.7119140625 0.8763020828125001 0.69921875 0.8671875 0.6982421875 0.8567708328125001 0.7021484375 0.8567708328125001 0.7216796875
4 0.8307291671874999 0.7392578125 0.8424479171874999 0.751953125 0.85546875 0.751953125 0.8645833328125001 0.7470703125 0.8619791671874999 0.7314453125 0.8528645828125001 0.724609375 0.8385416671874999 0.7255859375 0.8307291671874999 0.7294921875 0.8307291671874999 0.7392578125
4 0.796875 0.7041015625 0.796875 0.7138671875 0.8033854171874999 0.720703125 0.8138020828125001 0.720703125 0.8203125 0.7177734375 0.8229166671874999 0.7119140625 0.8203125 0.7001953125 0.8138020828125001 0.697265625 0.8020833328125001 0.6982421875 0.796875 0.7041015625
4 0.7734375 0.7197265625 0.7825520828125 0.728515625 0.7877604171875 0.728515625 0.796875 0.7216796875 0.796875 0.7119140625 0.7877604171875 0.705078125 0.7838541671875 0.7060546875 0.7734375 0.7119140625 0.7734375 0.7197265625
4 0.796875 0.6904296875 0.7994791671875 0.6806640625 0.7890625 0.6767578125 0.7734375 0.6865234375 0.7747395828125 0.693359375 0.7825520828125 0.6953125 0.796875 0.6904296875
4 0.7994791671875 0.6708984375 0.8059895828125001 0.6796875 0.8190104171874999 0.6796875 0.8255208328125001 0.6748046875 0.8255208328125001 0.6630859375 0.8216145828125001 0.66015625 0.8151041671874999 0.6611328125 0.8033854171874999 0.666015625 0.7994791671875 0.6708984375
4 0.6380208328125 0.7021484375 0.64453125 0.708984375 0.6549479171875 0.708984375 0.6588541671875 0.7060546875 0.6614583328125 0.6923828125 0.6549479171875 0.685546875 0.6458333328125 0.6865234375 0.6380208328125 0.6923828125 0.6380208328125 0.7021484375
4 0.6458333328125 0.7314453125 0.65234375 0.736328125 0.66796875 0.736328125 0.671875 0.7333984375 0.671875 0.7236328125 0.66015625 0.716796875 0.6536458328125 0.7177734375 0.6458333328125 0.7216796875 0.6458333328125 0.7314453125
4 0.6197916671875 0.6982421875 0.6197916671875 0.6884765625 0.609375 0.6865234375 0.6015625 0.6982421875 0.6080729171875 0.703125 0.61328125 0.703125 0.6197916671875 0.6982421875
4 0.66015625 0.673828125 0.6705729171875 0.677734375 0.68359375 0.677734375 0.6927083328125 0.6728515625 0.6953125 0.6630859375 0.69140625 0.66015625 0.6640625 0.6591796875 0.65625 0.6669921875 0.66015625 0.673828125
4 0.7565104171875 0.7890625 0.7669270828125 0.791015625 0.7747395828125 0.791015625 0.7734375 0.7880859375 0.7825520828125 0.783203125 0.7981770828125 0.783203125 0.8033854171874999 0.791015625 0.8372395828125001 0.791015625 0.8359375 0.7802734375 0.828125 0.7763671875 0.8333333328125001 0.7705078125 0.8307291671874999 0.7548828125 0.7955729171875 0.73828125 0.7838541671875 0.7392578125 0.7734375 0.7470703125 0.7721354171875 0.755859375 0.7643229171875 0.7578125 0.7565104171875 0.75390625 0.7369791671875 0.7587890625 0.7369791671875 0.7646484375 0.7447916671875 0.7705078125 0.7395833328125 0.7744140625 0.7395833328125 0.7802734375 0.7565104171875 0.7890625
4 0.6588541671875 0.7802734375 0.6536458328125 0.7822265625 0.6575520828125 0.78515625 0.6783854171875 0.783203125 0.6822916671875 0.7802734375 0.6783854171875 0.76953125 0.6588541671875 0.7685546875 0.65625 0.7705078125 0.6588541671875 0.7802734375
4 0.65625 0.7451171875 0.65234375 0.7421875 0.6458333328125 0.7431640625 0.640625 0.7509765625 0.64453125 0.75390625 0.6549479171875 0.75390625 0.65625 0.7451171875
4 0.6223958328125 0.7197265625 0.6197916671875 0.7216796875 0.6223958328125 0.7353515625 0.6341145828125 0.736328125 0.6328125 0.7197265625 0.6223958328125 0.7197265625
4 0.640625 0.7646484375 0.6393229171875 0.7578125 0.6276041671875 0.7587890625 0.6315104171875 0.765625 0.640625 0.7646484375
4 0.6197916671875 0.7294921875 0.6158854171875 0.7265625 0.6015625 0.7275390625 0.5963541671875 0.7333984375 0.5989583328125 0.7470703125 0.5963541671875 0.7509765625 0.6028645828125 0.755859375 0.6080729171875 0.75390625 0.6184895828125 0.755859375 0.6223958328125 0.7529296875 0.6197916671875 0.7470703125 0.625 0.7431640625 0.6197916671875 0.7294921875
5 0.6640625 0.8017578125 0.6809895828125 0.814453125 0.69140625 0.814453125 0.703125 0.8076171875 0.703125 0.8017578125 0.69140625 0.794921875 0.6692708328125 0.7958984375 0.6640625 0.7978515625 0.6640625 0.8017578125
4 0.9453125 0.2802734375 0.94921875 0.287109375 0.9596354171874999 0.287109375 0.9739583328125001 0.2763671875 0.9739583328125001 0.2705078125 0.9674479171874999 0.265625 0.9583333328125001 0.2666015625 0.9479166671874999 0.2744140625 0.9453125 0.2802734375
4 0.9153645828125001 0.28515625 0.9192708328125001 0.2822265625 0.9192708328125001 0.2744140625 0.9127604171874999 0.267578125 0.9088541671874999 0.2685546875 0.9036458328125001 0.2763671875 0.9036458328125001 0.2841796875 0.9153645828125001 0.28515625
4 0.8541666671874999 0.2744140625 0.8515625 0.2861328125 0.85546875 0.2890625 0.8723958328125001 0.2841796875 0.8684895828125001 0.275390625 0.8541666671874999 0.2744140625
4 0.8033854171874999 0.30859375 0.8098958328125001 0.3056640625 0.8098958328125001 0.2978515625 0.80078125 0.29296875 0.796875 0.2939453125 0.7890625 0.2998046875 0.7890625 0.3037109375 0.8033854171874999 0.30859375
4 0.7578125 0.3095703125 0.7552083328125 0.3154296875 0.7721354171875 0.322265625 0.7734375 0.3134765625 0.7643229171875 0.30859375 0.7578125 0.3095703125
4 0.7682291671875 0.2724609375 0.765625 0.2822265625 0.7799479171875 0.2890625 0.7838541671875 0.2802734375 0.7747395828125 0.2734375 0.7682291671875 0.2724609375
4 0.78125 0.2587890625 0.7760416671875 0.2666015625 0.7877604171875 0.26953125 0.7942708328125 0.2646484375 0.7942708328125 0.2587890625 0.78125 0.2587890625
4 0.7239583328125 0.2509765625 0.7200520828125 0.244140625 0.703125 0.2451171875 0.7005208328125 0.2509765625 0.7096354171875 0.2578125 0.71484375 0.2578125 0.7239583328125 0.2509765625
4 0.7291666671875 0.2666015625 0.7278645828125 0.27734375 0.7408854171875 0.27734375 0.7447916671875 0.2744140625 0.7408854171875 0.265625 0.7291666671875 0.2666015625
4 0.7252604171875 0.3203125 0.7291666671875 0.3173828125 0.7291666671875 0.3095703125 0.7174479171875 0.302734375 0.7109375 0.3037109375 0.6953125 0.3134765625 0.70703125 0.3203125 0.7252604171875 0.3203125
4 0.6848958328125 0.2998046875 0.6809895828125 0.296875 0.6692708328125 0.2978515625 0.6666666671875 0.2998046875 0.6692708328125 0.3056640625 0.68359375 0.3125 0.6848958328125 0.2998046875
4 0.65625 0.3095703125 0.65625 0.2998046875 0.6458333328125 0.2998046875 0.6380208328125 0.3037109375 0.6380208328125 0.3076171875 0.6497395828125 0.3125 0.65625 0.3095703125
4 0.6770833328125 0.3251953125 0.671875 0.3310546875 0.6809895828125 0.333984375 0.6875 0.3271484375 0.68359375 0.32421875 0.6770833328125 0.3251953125
4 0.6588541671875 0.3154296875 0.65625 0.3212890625 0.6627604171875 0.326171875 0.6770833328125 0.3232421875 0.6705729171875 0.31640625 0.6588541671875 0.3154296875
4 0.6614583328125 0.3349609375 0.66015625 0.328125 0.6432291671875 0.3271484375 0.640625 0.3310546875 0.6471354171875 0.337890625 0.6549479171875 0.33984375 0.6614583328125 0.3349609375
5 0.85546875 0.0234375 0.8645833328125001 0.0166015625 0.8645833328125001 0.0107421875 0.8502604171874999 0 0.8177083328125001 0.0009765625 0.8177083328125001 0.0048828125 0.8424479171874999 0.0234375 0.85546875 0.0234375
2 1 0.1626826125 0.9942710796875 0.1750355953125 0.9799487812500001 0.17664685468750002 0.971355403125 0.1750355953125 0.9527364140625 0.168053475 0.9412785749999999 0.16966473437500001 0.9376980015624999 0.17610976875 0.9219434718749999 0.1793322859375 0.9083372890625 0.1755726828125 0.9004600234375 0.172350165625 0.8911505296875 0.1739614234375 0.8847054953125 0.17986937187500002 0.8710993109375 0.183628975 0.861073703125 0.1804064578125 0.8789765765625001 0.172350165625 0.87682823125 0.1637567859375 0.8710993109375 0.156774665625 0.8589253578125 0.156774665625 0.8560608984375 0.168053475 0.8424547140625 0.1750355953125 0.8252679562499999 0.1712759921875 0.7944750140625 0.171813078125 0.77370768125 0.1691276484375 0.7457791984375 0.1610713546875 0.741482509375 0.16966473437500001 0.7142701406249999 0.172350165625 0.701380071875 0.16644221718750002 0.6949350375 0.161608440625 0.686341659375 0.1653680453125 0.6798966234375 0.171813078125 0.672019359375 0.1675163890625 0.673451590625 0.156774665625 0.672735475 0.15140380312499999 0.6648582109375 0.15032963125 0.65626483125 0.161608440625 0.649819796875 0.16859056249999999 0.6312008078125 0.172350165625 0.6161623953124999 0.1728872515625 0.6025562109375 0.1675163890625 0.5878378921875 0.1738596703125 0.5687209109375 0.1807417828125 0.553809665625 0.1919252171875 0.523987175 0.2165861234375 0.5098406093750001 0.2352251796875 0.49110596875 0.26762846093750003 0.491558396875 0.29480581875 0.500664459375 0.31809729062500003 0.5201637796874999 0.3378833671875 0.605043175 0.3857714046875 0.6409830984375 0.399248875 0.6474828718750001 0.4067044984375 0.65818838125 0.41243959218750004 0.6715702671875 0.4112925734375 0.68562554375 0.41672438593749994 0.7055984937499999 0.41157932812500003 0.722039096875 0.4012561578125 0.7373326828125 0.3892124609375 0.753390946875 0.3966680828125 0.756832003125 0.3923667625 0.76868453125 0.39638132812500004 0.77786068125 0.3983886109375 0.79009555 0.3966680828125 0.8000363796875 0.39408729062500003 0.8141829453125 0.4029766875 0.8225944171874999 0.3969548375 0.8310058890625 0.38634491249999997 0.8470641531249999 0.3860581578125 0.8535639265625001 0.384624384375 0.8692398499999999 0.384624384375 0.8856804546875001 0.384624384375 0.8986800015625 0.38978596875 0.9116795484375 0.3920800078125 0.9239144156249999 0.3960945734375 0.930796528125 0.3923667625 0.930796528125 0.3874919328125 0.9239144156249999 0.371720421875 0.93117886875 0.382330346875 0.937296303125 0.3794628 0.9430313968749999 0.38663166875 1 0.39738928281249997 1 0.3533482140625 0.9240918171875 0.34421775 0.8775443468749999 0.3469031796875 0.8130940015625001 0.3549594734375 0.7744237953125 0.36355285312499996 0.741482509375 0.36999788749999996 0.6670065562499999 0.3640899375 0.60470455625 0.3409952328125 0.5746277296875 0.316826353125 0.5653182343750001 0.2695627671875 0.5746277296875 0.24324554375 0.624755775 0.2190766640625 0.695651153125 0.2061865953125 0.7601014968750001 0.20672368125 0.8095134281249999 0.2126316296875 0.8653703921875 0.2131687171875 0.9298207359375 0.21746540625000002 0.9735037468750001 0.21746540625000002 1 0.21746540625000002 1 0.1626826125