5 0.9296875 0.9052734375 0.9192708328125001 0.8935546875 0.9075520828125001 0.88671875 0.8971354171874999 0.88671875 0.8854166671874999 0.8974609375 0.8854166671874999 0.9111328125 0.8997395828125001 0.923828125 0.91015625 0.923828125 0.9244791671874999 0.9150390625 0.9296875 0.9052734375
5 0.7682291671875 0.9287109375 0.7747395828125 0.93359375 0.78515625 0.93359375 0.7890625 0.9306640625 0.7864583328125 0.9189453125 0.7721354171875 0.916015625 0.7682291671875 0.9287109375
5 0.8489583328125001 0.6474609375 0.83984375 0.638671875 0.83203125 0.638671875 0.8229166671874999 0.6435546875 0.8203125 0.6533203125 0.8268229171874999 0.66015625 0.8424479171874999 0.662109375 0.8489583328125001 0.6572265625 0.8489583328125001 0.6474609375
5 0.8489583328125001 0.4853515625 0.85546875 0.490234375 0.8697916671874999 0.4873046875 0.8723958328125001 0.4814453125 0.86328125 0.47265625 0.8489583328125001 0.4755859375 0.8489583328125001 0.4853515625
2 0.7395833328125 0.6337890625 0.7369791671875 0.6279296875 0.7252604171875 0.623046875 0.6979166671875 0.6435546875 0.6953125 0.7333984375 0.6979166671875 0.7412109375 0.7096354171875 0.748046875 0.72265625 0.74609375 0.734375 0.7333984375 0.7395833328125 0.6337890625
2 0.4270833328125 0.4951171875 0.4205729171875 0.490234375 0.4075520828125 0.48828125 0.3958333328125 0.4970703125 0.3958333328125 0.5126953125 0.4205729171875 0.533203125 0.4296875 0.5302734375 0.4322916671875 0.5146484375 0.4270833328125 0.4951171875
2 0.4505208328125 0.5888671875 0.44140625 0.580078125 0.42578125 0.58203125 0.4166666671875 0.5869140625 0.3828125 0.6298828125 0.3802083328125 0.6357421875 0.3854166671875 0.6513671875 0.40234375 0.65625 0.4479166671875 0.6201171875 0.4505208328125 0.5888671875
2 0.3971354171875 0.65625 0.3893229171875 0.65625 0.3671875 0.6689453125 0.3671875 0.6806640625 0.37109375 0.68359375 0.4049479171875 0.6875 0.4127604171875 0.685546875 0.4114583328125 0.6728515625 0.3971354171875 0.65625
2 0.4140625 0.8681640625 0.4049479171875 0.861328125 0.3841145828125 0.85546875 0.3763020828125 0.85546875 0.3697916671875 0.8603515625 0.3671875 0.8720703125 0.3841145828125 0.88671875 0.4075520828125 0.888671875 0.4114583328125 0.8857421875 0.4140625 0.8681640625
2 0.734375 0.8955078125 0.7369791671875 0.8701171875 0.7291666671875 0.8564453125 0.7239583328125 0.8564453125 0.7213541671875 0.8857421875 0.7109375 0.9072265625 0.7161458328125 0.9541015625 0.7135416671875 0.9697265625 0.7174479171875 0.9765625 0.72265625 0.9765625 0.734375 0.9677734375 0.7447916671875 0.9345703125 0.7447916671875 0.9111328125 0.734375 0.8955078125
2 0.390625 0.9228515625 0.3841145828125 0.91796875 0.375 0.9189453125 0.3645833328125 0.9345703125 0.3645833328125 0.9462890625 0.375 0.9560546875 0.375 0.9658203125 0.38671875 0.974609375 0.4049479171875 0.974609375 0.4140625 0.9619140625 0.4140625 0.9482421875 0.3958333328125 0.9326171875 0.390625 0.9228515625
2 0.2552083328125 0.7392578125 0.24479166718749998 0.7275390625 0.23697916718749998 0.7021484375 0.23177083281250002 0.7001953125 0.22395833281250002 0.7060546875 0.21875 0.7158203125 0.2109375 0.7587890625 0.2109375 0.7998046875 0.22265625 0.822265625 0.24348958281250002 0.8203125 0.24739583281250002 0.8173828125 0.2552083328125 0.7958984375 0.2526041671875 0.7919921875 0.2552083328125 0.7392578125
2 0.27734375 0.638671875 0.26953125 0.63671875 0.2591145828125 0.638671875 0.2513020828125 0.6328125 0.234375 0.6337890625 0.22916666718749998 0.6513671875 0.234375 0.6708984375 0.23177083281250002 0.6884765625 0.24348958281250002 0.69140625 0.2591145828125 0.6875 0.2864583328125 0.6728515625 0.2838541671875 0.6533203125 0.2864583328125 0.6416015625 0.2825520828125 0.634765625 0.27734375 0.638671875
2 0.21354166718749998 0.5048828125 0.20442708281250002 0.498046875 0.1953125 0.4970703125 0.1901041671875 0.5029296875 0.203125 0.5283203125 0.20572916718749998 0.5380859375 0.203125 0.5439453125 0.22786458281250002 0.56640625 0.23828125 0.56640625 0.24479166718749998 0.5615234375 0.23958333281250002 0.5439453125 0.2265625 0.5302734375 0.21354166718749998 0.5048828125
2 0.2630208328125 0.9404296875 0.2513020828125 0.939453125 0.2513020828125 0.943359375 0.24348958281250002 0.943359375 0.24088541718749998 0.939453125 0.23177083281250002 0.9384765625 0.22526041718749998 0.939453125 0.22135416718749998 0.9462890625 0.22395833281250002 0.9853515625 0.22135416718749998 0.9990234375 0.2669270828125 1 0.2708333328125 0.9716796875 0.2578125 0.9541015625 0.2578125 0.9501953125 0.2630208328125 0.9482421875 0.2630208328125 0.9404296875
2 0.0390625 0.8662109375 0.0416666671875 0.8466796875 0.0364583328125 0.8427734375 0.0390625 0.8388671875 0.0364583328125 0.8291015625 0.0390625 0.8193359375 0.0338541671875 0.8173828125 0.0364583328125 0.8076171875 0.0221354171875 0.80078125 0.01171875 0.802734375 0.009114582812499999 0.796875 0.0026041671875 0.7978515625 0.0026041671875 0.8447265625 0 0.8466796875 0.00390625 0.87890625 0.01171875 0.875 0.0247395828125 0.875 0.0286458328125 0.8720703125 0.0234375 0.8701171875 0.0247395828125 0.8671875 0.02734375 0.869140625 0.0390625 0.8662109375
2 0.05338541718749999 1 0.05989583281250001 0.9931640625 0.0546875 0.9912109375 0.0494791671875 0.9794921875 0.0494791671875 0.9638671875 0.0403645828125 0.955078125 0.0260416671875 0.9541015625 0.01953125 0.955078125 0.015625 0.9599609375 0.013020832812499999 0.9716796875 0.015625 0.9873046875 0.0260416671875 0.9892578125 0.0234375 0.9951171875 0.02734375 1 0.05338541718749999 1
2 0.2682291671875 0.9072265625 0.265625 0.8818359375 0.25390625 0.873046875 0.24348958281250002 0.87109375 0.23828125 0.861328125 0.21875 0.8603515625 0.21354166718749998 0.8642578125 0.2109375 0.8759765625 0.21354166718749998 0.9111328125 0.23046875 0.939453125 0.24088541718749998 0.94140625 0.25390625 0.939453125 0.2682291671875 0.9287109375 0.2682291671875 0.9228515625 0.2630208328125 0.9189453125 0.2682291671875 0.9072265625
5 0.8796781453125 0.720203940625 0.8879542515625 0.7187715390625 0.8879542515625 0.7125644578125 0.8809513921875001 0.706357378125 0.8726752859375001 0.7106545875 0.8726752859375001 0.714951796875 0.8796781453125 0.720203940625
2 0.6731770828125 0.46875 0.6393229171875 0.44140625 0.6315104171875 0.4375 0.6223958328125 0.4384765625 0.6119791671875 0.4462890625 0.6145833328125 0.4580078125 0.62109375 0.46484375 0.6419270828125 0.470703125 0.6653645828125 0.48828125 0.6783854171875 0.494140625 0.7018229171875 0.4921875 0.7109375 0.4873046875 0.6861979171875 0.470703125 0.6731770828125 0.46875
2 0.2890625 0.6318359375 0.28125 0.5947265625 0.24609375 0.568359375 0.23177083281250002 0.5673828125 0.22916666718749998 0.5927734375 0.234375 0.6103515625 0.234375 0.6298828125 0.22916666718749998 0.6376953125 0.23828125 0.6484375 0.2643229171875 0.6484375 0.26953125 0.64453125 0.27734375 0.646484375 0.2838541671875 0.6435546875 0.2890625 0.6318359375
2 0.296875 0.0498046875 0.2604166671875 0.0732421875 0.2682291671875 0.0888671875 0.2825520828125 0.09765625 0.2955729171875 0.095703125 0.3072916671875 0.0849609375 0.3098958328125 0.0732421875 0.3072916671875 0.0380859375 0.3046875 0.0380859375 0.296875 0.0498046875
2 0.6276041671875 0.1005859375 0.6171875 0.1103515625 0.6184895828125 0.1171875 0.6276041671875 0.1142578125 0.6354166671875 0.1005859375 0.6276041671875 0.1005859375
2 0.625 0.0634765625 0.6119791671875 0.0498046875 0.6041666671875 0.0478515625 0.59375 0.0634765625 0.5963541671875 0.0830078125 0.6028645828125 0.083984375 0.6158854171875 0.076171875 0.6302083328125 0.0830078125 0.6341145828125 0.091796875 0.6393229171875 0.091796875 0.640625 0.0888671875 0.6328125 0.0810546875 0.625 0.0634765625
2 0.5716145828125 0.0234375 0.59765625 0.03125 0.609375 0.0283203125 0.6067708328125 0.0146484375 0.6015625 0.0107421875 0.60546875 0 0.5520833328125 0.0009765625 0.5546875 0.0087890625 0.5716145828125 0.0234375
2 0.8177083328125001 0.1435546875 0.8203125 0.1337890625 0.8125 0.1240234375 0.7942708328125 0.1123046875 0.7799479171875 0.125 0.7643229171875 0.130859375 0.7408854171875 0.130859375 0.7395833328125 0.1337890625 0.7565104171875 0.140625 0.76171875 0.146484375 0.7877604171875 0.154296875 0.7981770828125 0.154296875 0.80859375 0.150390625 0.8177083328125001 0.1435546875
2 0.6927083328125 0.1298828125 0.6705729171875 0.111328125 0.6627604171875 0.111328125 0.6380208328125 0.0888671875 0.6354166671875 0.0986328125 0.6171875 0.1103515625 0.6145833328125 0.1142578125 0.6171875 0.1181640625 0.6471354171875 0.126953125 0.6640625 0.1572265625 0.6731770828125 0.162109375 0.6888020828125 0.1640625 0.7005208328125 0.1552734375 0.6927083328125 0.1298828125
2 0.9114583328125001 0.0986328125 0.9114583328125001 0.1044921875 0.9036458328125001 0.1123046875 0.9036458328125001 0.1181640625 0.91015625 0.123046875 0.9518229171874999 0.123046875 0.9505208328125001 0.1181640625 0.9557291671874999 0.1162109375 0.9479166671874999 0.1123046875 0.9453125 0.1064453125 0.9479166671874999 0.0009765625 0.9114583328125001 0.0009765625 0.9036458328125001 0.0166015625 0.90625 0.0263671875 0.8932291671874999 0.0400390625 0.8984375 0.0478515625 0.8984375 0.0576171875 0.9036458328125001 0.0615234375 0.8984375 0.0751953125 0.8932291671874999 0.0791015625 0.8932291671874999 0.0888671875 0.9114583328125001 0.0986328125
2 0.44140625 0.154296875 0.4049479171875 0.158203125 0.39453125 0.15625 0.38671875 0.1484375 0.37109375 0.142578125 0.3567708328125 0.1435546875 0.3697916671875 0.1474609375 0.3854166671875 0.1767578125 0.4049479171875 0.1875 0.43359375 0.185546875 0.4479166671875 0.1708984375 0.4661458328125 0.1591796875 0.4661458328125 0.1533203125 0.4544270828125 0.1484375 0.4440104171875 0.1484375 0.44140625 0.154296875
2 0.5520833328125 0.0458984375 0.546875 0.0361328125 0.5416666671875 0.0341796875 0.5364583328125 0.0400390625 0.5390625 0.0498046875 0.5338541671875 0.0556640625 0.5364583328125 0.0654296875 0.5325520828125 0.099609375 0.5533854171875 0.09375 0.5651041671875 0.0849609375 0.5703125 0.0751953125 0.5677083328125 0.0556640625 0.5520833328125 0.0458984375
5 0.12890625 0.1328125 0.1197916671875 0.1396484375 0.1197916671875 0.1533203125 0.1263020828125 0.162109375 0.1354166671875 0.1591796875 0.140625 0.1513671875 0.1380208328125 0.1376953125 0.12890625 0.1328125
5 0.3072916671875 0.3056640625 0.3138020828125 0.30859375 0.3216145828125 0.306640625 0.3255208328125 0.2978515625 0.3138020828125 0.294921875 0.3072916671875 0.2998046875 0.3072916671875 0.3056640625
5 0.2799479171875 0.466796875 0.2721354171875 0.466796875 0.2682291671875 0.4775390625 0.2747395828125 0.482421875 0.28515625 0.482421875 0.2890625 0.4794921875 0.2864583328125 0.4716796875 0.2799479171875 0.466796875
5 0.714071228125 0.5327182578125 0.7158362203124999 0.53602761875 0.7193662046875 0.5406607234374999 0.7264261750000001 0.5399988515625 0.7264261750000001 0.53602761875 0.7246611828125 0.5320563859375 0.722896190625 0.5294088968749999 0.7167187171875 0.5280851531249999 0.714071228125 0.5327182578125
5 0.7352511374999999 0.58235866875 0.7378986265624999 0.5856680296875 0.7423111078125 0.5869917734375 0.747606084375 0.5843442859375 0.7467235890625 0.581034925 0.7414286109375 0.5770636921875 0.7352511374999999 0.5783874359375 0.7352511374999999 0.58235866875
5 0.8040858406250001 0.7491504531250001 0.8014383531249999 0.749812325 0.79790836875 0.7557691734375 0.7996733593750001 0.7590785343750001 0.8076158265625001 0.7604022796875001 0.8120283078125 0.756431046875 0.8102633156250001 0.749812325 0.8040858406250001 0.7491504531250001
5 0.8720380499999999 0.785553421875 0.8711555531249999 0.7875390375 0.8711555531249999 0.7901865265625 0.8729205453125 0.7934958875 0.8782155234375001 0.79481963125 0.8826280046875 0.792834015625 0.8835105000000001 0.78886278125 0.8782155234375001 0.785553421875 0.8720380499999999 0.785553421875