5 0.841796875 0.5924479171875 0.8427734375 0.6145833328125 0.8486328125 0.6328125 0.8681640625 0.6432291671875 0.8828125 0.62890625 0.884765625 0.6184895828125 0.892578125 0.6080729171875 0.892578125 0.5924479171875 0.8818359375 0.5729166671875 0.8583984375 0.5651041671875 0.849609375 0.5846354171875 0.841796875 0.5924479171875
5 1 0.51953125 0.9931640625 0.515625 0.9794921875 0.5182291671875 0.97265625 0.5299479171875 0.9736328125 0.5442708328125 0.982421875 0.56640625 0.9873046875 0.5729166671875 0.9931640625 0.5729166671875 1 0.5611979171875 1 0.51953125
5 0.9580078125 0.4401041671875 0.966796875 0.4231770828125 0.966796875 0.4049479171875 0.9619140625 0.4010416671875 0.9443359375 0.4036458328125 0.935546875 0.4205729171875 0.9345703125 0.4322916671875 0.9443359375 0.4427083328125 0.9580078125 0.4401041671875
5 0.8369140625 0.4453125 0.84375 0.43359375 0.84375 0.42578125 0.8388671875 0.4166666671875 0.8291015625 0.4140625 0.8203125 0.4231770828125 0.8212890625 0.4348958328125 0.8271484375 0.4453125 0.8369140625 0.4453125
5 0.7216796875 0.1770833328125 0.7255859375 0.1796875 0.7333984375 0.1770833328125 0.740234375 0.16796875 0.740234375 0.1471354171875 0.736328125 0.1393229171875 0.7275390625 0.1354166671875 0.716796875 0.1497395828125 0.7158203125 0.1640625 0.7216796875 0.1770833328125
5 0.6826171875 0.4140625 0.6904296875 0.4192708328125 0.6962890625 0.4166666671875 0.703125 0.40234375 0.701171875 0.39453125 0.6923828125 0.3828125 0.6865234375 0.3828125 0.677734375 0.39453125 0.6787109375 0.40625 0.6826171875 0.4140625
5 0.6220703125 0.3203125 0.6171875 0.3268229171875 0.6181640625 0.3333333328125 0.6259765625 0.3385416671875 0.6328125 0.3294270828125 0.6279296875 0.3203125 0.6220703125 0.3203125
5 0.5751953125 0.328125 0.5830078125 0.3307291671875 0.587890625 0.3216145828125 0.5849609375 0.3177083328125 0.5751953125 0.3177083328125 0.5751953125 0.328125
5 0.5537109375 0.21875 0.548828125 0.22526041718749998 0.5478515625 0.24479166718749998 0.5556640625 0.24739583281250002 0.5625 0.23828125 0.5576171875 0.21875 0.5537109375 0.21875
5 0.6416015625 0.1276041671875 0.65625 0.1158854171875 0.662109375 0.09765625 0.6591796875 0.09114583281250001 0.6337890625 0.09114583281250001 0.62890625 0.1002604171875 0.6298828125 0.1119791671875 0.6328125 0.1263020828125 0.6416015625 0.1276041671875
5 0.6083984375 0.0494791671875 0.6279296875 0.0494791671875 0.634765625 0.0299479171875 0.6279296875 0.015625 0.6181640625 0.015625 0.6025390625 0.0286458328125 0.6005859375 0.0364583328125 0.6015625 0.04296875 0.6083984375 0.0494791671875
5 0.3896484375 0.3854166671875 0.400390625 0.38671875 0.400390625 0.37109375 0.3974609375 0.3671875 0.388671875 0.3736979171875 0.3896484375 0.3854166671875
5 0.337890625 0.2513020828125 0.3310546875 0.2421875 0.3212890625 0.23958333281250002 0.31640625 0.24609375 0.3173828125 0.2552083328125 0.3232421875 0.2578125 0.3369140625 0.2552083328125 0.337890625 0.2513020828125
5 0.2744140625 0.6588541671875 0.279296875 0.65234375 0.279296875 0.6419270828125 0.2724609375 0.6328125 0.2685546875 0.6328125 0.263671875 0.63671875 0.2626953125 0.6484375 0.2685546875 0.6588541671875 0.2744140625 0.6588541671875
5 0.2822265625 1 0.28515625 0.99609375 0.283203125 0.9934895828125001 0.28515625 0.9830729171874999 0.2802734375 0.9765625 0.2724609375 0.9765625 0.267578125 0.9830729171874999 0.2685546875 0.9947916671874999 0.2705078125 1 0.2822265625 1