5 0.39453125 0.609375 0.3984375 0.6005859375 0.390625 0.5986328125 0.3880208328125 0.6064453125 0.39453125 0.609375
5 0.6015625 0.2138671875 0.5950520828125 0.205078125 0.5833333328125 0.2041015625 0.5755208328125 0.2099609375 0.5729166671875 0.2255859375 0.5768229171875 0.23046875 0.58984375 0.232421875 0.6015625 0.2216796875 0.6015625 0.2138671875
5 0.6471354171875 0.521484375 0.640625 0.5224609375 0.6380208328125 0.5302734375 0.6497395828125 0.533203125 0.6510416671875 0.5244140625 0.6471354171875 0.521484375
5 0.6302083328125 0.4794921875 0.6276041671875 0.4931640625 0.6341145828125 0.5 0.6393229171875 0.5 0.6458333328125 0.4931640625 0.6458333328125 0.4853515625 0.6393229171875 0.478515625 0.6302083328125 0.4794921875
5 0.5481770828125 0.505859375 0.5260416671875 0.5048828125 0.54296875 0.517578125 0.5494791671875 0.5166015625 0.5520833328125 0.5107421875 0.5481770828125 0.505859375
5 0.4361979171875 0.466796875 0.4296875 0.4677734375 0.4270833328125 0.4775390625 0.4388020828125 0.48046875 0.4427083328125 0.4716796875 0.4361979171875 0.466796875
5 0.7890625 0.7138671875 0.7864583328125 0.7216796875 0.7890625 0.7275390625 0.7955729171875 0.73046875 0.8046875 0.7216796875 0.8046875 0.7158203125 0.80078125 0.712890625 0.7890625 0.7138671875
5 0.71875 0.6494140625 0.7174479171875 0.673828125 0.7408854171875 0.671875 0.7578125 0.6669921875 0.75390625 0.654296875 0.73828125 0.65234375 0.7330729171875 0.6484375 0.71875 0.6494140625
5 0.5221354171875 0.791015625 0.5130208328125 0.7919921875 0.5130208328125 0.7998046875 0.5221354171875 0.802734375 0.5260416671875 0.7939453125 0.5221354171875 0.791015625
5 0.3307291671875 0.8095703125 0.3229166671875 0.8095703125 0.3229166671875 0.8173828125 0.3268229171875 0.8203125 0.3307291671875 0.8173828125 0.3307291671875 0.8095703125
5 0.20182291718749998 0.73046875 0.21223958281250002 0.73046875 0.21875 0.7138671875 0.21223958281250002 0.7109375 0.1979166671875 0.7119140625 0.1953125 0.7255859375 0.20182291718749998 0.73046875
5 0.1666666671875 0.6748046875 0.1627604171875 0.66796875 0.1536458328125 0.6689453125 0.1575520828125 0.677734375 0.1666666671875 0.6748046875
5 0.06380208281250001 0.544921875 0.07421875 0.544921875 0.07552083281250001 0.5380859375 0.06901041718749999 0.533203125 0.0625 0.5341796875 0.05989583281250001 0.5419921875 0.06380208281250001 0.544921875
5 0.3736979171875 0.3671875 0.3671875 0.3681640625 0.3645833328125 0.3779296875 0.3736979171875 0.3828125 0.3802083328125 0.3740234375 0.3736979171875 0.3671875
5 0.4635416671875 0.4228515625 0.453125 0.4189453125 0.4479166671875 0.4248046875 0.45703125 0.4296875 0.4635416671875 0.4267578125 0.4635416671875 0.4228515625
5 0.3033854171875 0.41796875 0.3098958328125 0.4169921875 0.3125 0.4130859375 0.30859375 0.408203125 0.296875 0.4091796875 0.296875 0.4130859375 0.3033854171875 0.41796875
5 0.33203125 0.076171875 0.3502604171875 0.078125 0.36328125 0.07421875 0.3697916671875 0.0673828125 0.3671875 0.0498046875 0.3450520828125 0.037109375 0.3333333328125 0.0380859375 0.3151041671875 0.0478515625 0.3125 0.0693359375 0.32421875 0.078125 0.33203125 0.076171875
5 0.1145833328125 0.0087890625 0.1106770828125 0 0.06510416718749999 0.0009765625 0.0625 0.0068359375 0.06510416718749999 0.0166015625 0.07942708281250001 0.03125 0.09244791718749999 0.033203125 0.1119791671875 0.0205078125 0.1145833328125 0.0087890625
5 0.08854166718749999 0.5517578125 0.07682291718749999 0.548828125 0.06510416718749999 0.5498046875 0.05338541718749999 0.552734375 0.0442708328125 0.5595703125 0.0234375 0.5869140625 0.0234375 0.6044921875 0.0325520828125 0.611328125 0.0481770828125 0.615234375 0.06119791718749999 0.625 0.06901041718749999 0.623046875 0.07942708281250001 0.611328125 0.09505208281250001 0.60546875 0.1041666671875 0.5927734375 0.1041666671875 0.5771484375 0.09375 0.5673828125 0.08854166718749999 0.5517578125
2 0.4088541671875 0.6630859375 0.3971354171875 0.654296875 0.3736979171875 0.64453125 0.3528645828125 0.638671875 0.3463541671875 0.6396484375 0.359375 0.6767578125 0.3567708328125 0.7119140625 0.34765625 0.720703125 0.3385416671875 0.7216796875 0.328125 0.7353515625 0.3255208328125 0.7470703125 0.3111979171875 0.763671875 0.3216145828125 0.76171875 0.3294270828125 0.755859375 0.3736979171875 0.73828125 0.40234375 0.72265625 0.4140625 0.7119140625 0.4166666671875 0.6787109375 0.4088541671875 0.6630859375