4 0.1359375 0.6361111109375 0.1578125 0.6611111109375 0.16953125 0.6541666671875 0.16171875 0.6138888890625 0.15859375 0.5833333328125 0.14140625 0.577777778125 0.13125 0.590277778125 0.13671875 0.6180555562500001 0.1359375 0.6361111109375
4 0.10546875 0.5861111109375 0.1078125 0.6111111109375 0.11953125 0.6208333328125 0.12578125 0.6152777781250001 0.13046875 0.5986111109375 0.12421875 0.575 0.1078125 0.58055555625 0.10546875 0.5861111109375
4 0.16953125 0.5916666671875 0.17421875 0.597222221875 0.19453125 0.6236111109375 0.21015625 0.6319444437499999 0.22421875 0.625 0.23515625 0.6333333328124999 0.26328125 0.6569444437499999 0.27734375 0.6416666671875 0.28125 0.60694444375 0.2703125 0.5888888890625 0.24921875 0.58055555625 0.23671875 0.5833333328125 0.22109375 0.5736111109375 0.20625 0.5541666671875001 0.17421875 0.5513888890625 0.1671875 0.5708333328124999 0.16953125 0.5916666671875
4 0.27890625 0.6041666671875 0.2875 0.622222221875 0.3109375 0.63055555625 0.33515625 0.622222221875 0.3359375 0.6013888890625 0.33125 0.58194444375 0.31328125 0.55694444375 0.3 0.5513888890625 0.28125 0.5611111109375 0.2734375 0.5708333328124999 0.27890625 0.6041666671875
4 0.3359375 0.58194444375 0.34140625 0.5875 0.3546875 0.60694444375 0.3640625 0.6291666671875 0.38125 0.6583333328125 0.40234375 0.675 0.42109375 0.66805555625 0.421875 0.6375 0.41640625 0.6180555562500001 0.40546875 0.5888888890625 0.3875 0.5736111109375 0.3796875 0.5736111109375 0.36484375 0.5625 0.334375 0.5555555562500001 0.3359375 0.58194444375
4 0.41328125 0.55694444375 0.40859375 0.5694444437499999 0.4046875 0.5763888890625 0.39921875 0.60555555625 0.40625 0.6138888890625 0.42109375 0.6125 0.446875 0.6111111109375 0.465625 0.5986111109375 0.46484375 0.5708333328124999 0.45625 0.5583333328125 0.43828125 0.55694444375 0.41640625 0.559722221875 0.41328125 0.55694444375
4 0.4921875 0.625 0.4859375 0.647222221875 0.47421875 0.6875 0.49140625 0.7111111109375 0.51015625 0.69305555625 0.521875 0.690277778125 0.54140625 0.7013888890625 0.56796875 0.6944444437499999 0.57109375 0.6333333328124999 0.55703125 0.602777778125 0.53828125 0.590277778125 0.52578125 0.5791666671875 0.5046875 0.565277778125 0.4859375 0.5666666671875 0.47734375 0.577777778125 0.490625 0.6138888890625 0.4921875 0.625
4 0.6296875 0.675 0.6359375 0.6944444437499999 0.653125 0.69305555625 0.66875 0.6777777781250001 0.66796875 0.6513888890625 0.65703125 0.6138888890625 0.63359375 0.5888888890625 0.6265625 0.6125 0.62890625 0.65 0.6296875 0.675
4 0.671875 0.609722221875 0.69140625 0.60694444375 0.6984375 0.6013888890625 0.70703125 0.590277778125 0.71015625 0.575 0.70078125 0.5611111109375 0.69140625 0.5541666671875001 0.67734375 0.5638888890625 0.66875 0.58194444375 0.671875 0.60694444375 0.671875 0.609722221875
4 0.759375 0.60555555625 0.7671875 0.584722221875 0.7671875 0.575 0.759375 0.5666666671875 0.74765625 0.56805555625 0.740625 0.5736111109375 0.73359375 0.584722221875 0.73828125 0.6041666671875 0.75859375 0.609722221875 0.759375 0.60555555625
4 0.8078125 0.6152777781250001 0.809375 0.602777778125 0.81171875 0.584722221875 0.803125 0.5722222218749999 0.78984375 0.5708333328124999 0.78125 0.5763888890625 0.77578125 0.6 0.77578125 0.622222221875 0.790625 0.63055555625 0.80703125 0.6125 0.8078125 0.6152777781250001
4 0.79609375 0.66805555625 0.78125 0.70555555625 0.7890625 0.7208333328125 0.809375 0.7388888890625 0.83515625 0.747222221875 0.8484375 0.727777778125 0.8453125 0.7111111109375 0.8359375 0.7 0.821875 0.6888888890625 0.796875 0.68194444375 0.79609375 0.66805555625
4 0.8734375 0.6111111109375 0.88515625 0.6388888890625 0.909375 0.6708333328125 0.92421875 0.6625 0.928125 0.640277778125 0.92734375 0.60694444375 0.91640625 0.5861111109375 0.8984375 0.5625 0.88203125 0.5541666671875001 0.86484375 0.547222221875 0.84140625 0.5583333328125 0.8390625 0.5708333328124999 0.83671875 0.5944444437499999 0.86640625 0.6013888890625 0.8734375 0.6111111109375