3 0.08698241718750001 0.6770506546874999 0.17446786718750001 0.7317682984375 0.30257155 0.6770506546874999 0.4166151625 0.6582904265625 0.493164975 0.7083178796875 0.5884616296875 0.7036277484375 0.6884450515625 0.6770506546874999 0.76811941875 0.7098812171875 0.9118455078125001 0.7223881546875 0.9946443078125 0.7005010734375 0.9962064046875 0.43003958437499995 0.9024719687499999 0.41127923749999995 0.85560475 0.3893921546875 0.8181110703125001 0.3893921546875 0.7118786609375001 0.409715840625 0.646264484375 0.41127923749999995 0.6400156171875 0.40346243125000003 0.5494056140625 0.3862654203125 0.460357946875 0.38313874531250003 0.39318155312499997 0.3878288171875 0.335378696875 0.3721952046875 0.31506952187500004 0.33311117343749996 0.2291462890625 0.3174775609375 0.12760064843750002 0.37688527656250004 0.0760466609375 0.36437839843750003 0.0082030890625 0.3656250015625 0.007308168750000001 0.6504736203125 0.061986590625000004 0.653600234375 0.08698241718750001 0.6770506546874999
5 0.1453125 0.265625 0.0640625 0.05703125
5 0.1484375 0.065625 0.0265625 0.03203125
5 0.165625 0.1421875 0.01796875 0.04453125
5 0.41875 0.11015625 0.0359375 0.04296875
5 0.78046875 0.33671875 0.06875 0.0984375
5 0.68046875 0.08828125 0.03203125 0.04296875
5 0.49453125 0.34609375 0.0625 0.0703125
5 0.3546875 0.21796875 0.05234375 0.03984375
5 0.3328125 0.04140625 0.0328125 0.0203125
5 0.0453125 0.21171875 0.02734375 0.02734375
5 0.0578125 0.26171875 0.03671875 0.0265625
5 0.02890625 0.07890625 0.01875 0.00859375
5 0.67109375 0.60234375 0.040625 0.03984375
5 0.10859375 0.58046875 0.040625 0.03125
2 0.9671875 0.7265625 0.065625 0.03984375
2 0.60859375 0.70625 0.20078125 0.0109375
5 0.8671875 0.2265625 0.0265625 0.05703125