4 0.604005915625 0.21686382499999998 0.5954384562499999 0.23292781406250002 0.5965093890625 0.27844244218749997 0.614715240625 0.30789308593750003 0.63131469375 0.32663440312500003 0.6463077484374999 0.30789308593750003 0.6468432140625 0.25836246093750004 0.6372048234375 0.22489582187499998 0.6211408359374999 0.21150916406250003 0.604005915625 0.21686382499999998
4 0.7595373859375 0.4456554671875 0.7622129906249999 0.465722503125 0.7745876640625 0.4707392640625 0.7849556328125 0.460705746875 0.788300140625 0.4464915921875 0.7983336578125 0.408029771875 0.7959925046875 0.382945975 0.7899723921875 0.36873182187500003 0.780273325 0.3712402 0.7715776078125 0.382945975 0.7665608484375 0.4021768859375 0.76421969375 0.41304653281250003 0.7615440890625 0.42558842812500003 0.7595373859375 0.4456554671875
4 0.7234167171875 0.4272606828125 0.7150554515625 0.4197355421875 0.706359734375 0.41889941718749996 0.699001821875 0.4331135671875 0.6969951171875 0.45067222500000004 0.699336271875 0.474083771875 0.7103731421874999 0.4824450359375 0.719737759375 0.47910052812500004 0.7337846875 0.4732476421875 0.7301057296875 0.4464915921875 0.7234167171875 0.4272606828125
4 0.7317779828125001 0.5033482 0.7267612234375 0.49582306093749995 0.7204066609375 0.500003696875 0.71137649375 0.504184328125 0.7040185796875 0.5066927078125001 0.7036841296875 0.5200707328124999 0.7056908328125 0.5393016421875 0.7140520984375 0.5484990359374999 0.7264267734375001 0.5326126328125 0.73077463125 0.5217429859375 0.732781334375 0.5083649609374999 0.7317779828125001 0.5033482
4 0.8408088890625001 0.48160891093749997 0.8491701546874999 0.4807727828125 0.8545213640625 0.4707392640625 0.8568625187500001 0.448163846875 0.8488357046875 0.435621946875 0.8454911968750001 0.4280968109375 0.8408088890625001 0.41806328906249995 0.8260930609375 0.43060518906249995 0.8197384984375 0.43896645312500004 0.81037388125 0.44398321406249996 0.806360475 0.46655863281250004 0.807363825 0.488297921875 0.8177317953125 0.5025120750000001 0.8327820750000001 0.49164242812500003 0.8408088890625001 0.48160891093749997
4 0.7309204484375 0.583788921875 0.730641790625 0.590755375 0.7339856890625 0.5991151218749999 0.7367722703124999 0.594238603125 0.739837509375 0.5858788578125 0.74011616875 0.578912403125 0.7356576375 0.5740358828125001 0.73203508125 0.5733392390625001 0.7309204484375 0.583788921875
4 0.7234751953125 0.6213050359375 0.7214669375 0.6146108390625 0.7184545484375 0.6129372890625 0.7166136437499999 0.615029225 0.7161115796875 0.6187947109375 0.716446290625 0.6229785828125001 0.7166136437499999 0.6246521328125 0.719458678125 0.6292543921875 0.7197741203125 0.6290708781250001 0.7226384218749999 0.6259072921875 0.7234751953125 0.6213050359375
4 0.804140253125 0.5957834140625 0.80213199375 0.5886708328125 0.7989522515624999 0.585742121875 0.794768378125 0.5861605078125 0.792927475 0.59452825 0.7920907015624999 0.5982937359375 0.7959398625 0.6058247078125001 0.8002910906249999 0.6083350281250001 0.803136125 0.601222446875 0.804140253125 0.5957834140625
4 0.8480164546875001 0.635282625 0.8529956953125 0.641292053125 0.8574598437500001 0.6357118671875 0.8600353140625 0.6279854578124999 0.8602070124999999 0.6172543328125 0.8608938046875 0.604806228125 0.8579749390625 0.5966505718749999 0.8543692796875 0.5867779359374999 0.8471579640625 0.5846317109375 0.8418353249999999 0.594075103125 0.83925985625 0.6108156578124999 0.8433806078125 0.6232637640625 0.8480164546875001 0.635282625
4 0.8550560734375001 0.652452425 0.85539946875 0.669622225 0.860378709375 0.676490146875 0.8648428578124999 0.6794948609375 0.8665598390625 0.6760609 0.8675900265625 0.6687637359374999 0.8672466312499999 0.658461853125 0.8667315375 0.6558863859375 0.8641560671875 0.6464429921875 0.8584900328125 0.6468722390625 0.8550560734375001 0.652452425
4 0.7884372453124999 0.7623391500000001 0.79187120625 0.7421646328125 0.7877504546874999 0.730145771875 0.78105423125 0.7310042640625001 0.7767617812500001 0.7318627531249999 0.774873103125 0.7357259578125 0.77470140625 0.7477448171875001 0.7741863109375 0.7563297171875 0.7731561234375001 0.7619099031250001 0.779165553125 0.768348578125 0.7884372453124999 0.7623391500000001
4 0.7389882203125 0.7215608718750001 0.742765575 0.7284287921875 0.746886328125 0.729716528125 0.753410853125 0.7052495609375 0.7513504765625 0.6928014578125 0.7443108578125 0.6906552328125 0.7381297296875 0.6953769249999999 0.7365844484374999 0.7091127671875 0.7389882203125 0.7215608718750001
4 0.8480164546875001 0.7567589640625 0.844925890625 0.747315575 0.83925985625 0.7370136921875 0.833593821875 0.736584446875 0.8274126921875 0.7567589640625 0.8250089218750001 0.784230646875 0.8232919421875 0.7945325249999999 0.8287862765625 0.8044051609375 0.8354825 0.8091268578124999 0.8452692859375001 0.8091268578124999 0.850591925 0.7988249749999999 0.8555711671875 0.7846598890625 0.8533390921875 0.768348578125 0.8480164546875001 0.7567589640625
4 0.6592429171874999 0.0938589421875 0.6568267453125001 0.10082866718750001 0.6568267453125001 0.1143034640625 0.662588384375 0.1226671359375 0.666491428125 0.11523276093749998 0.668350021875 0.1087276859375 0.6646328359375 0.091535703125 0.6592429171874999 0.0938589421875
4 0.6880511078125 0.37357718281249996 0.6848915 0.3777590140625 0.6871218109375 0.389839871875 0.691210715625 0.3972742421875 0.6971582125 0.394021703125 0.69901680625 0.38565803593750003 0.6938127453125 0.3731125328125 0.6880511078125 0.37357718281249996
4 0.6718813484374999 0.4102843921875 0.6750409578125 0.4181834109375 0.6795015796875 0.4163248171875 0.682847046875 0.407031853125 0.68191775 0.39913283593750004 0.680430875 0.394021703125 0.675970253125 0.389839871875 0.6729965046874999 0.3912338140625 0.6739258015625 0.3926277609375 0.6718813484374999 0.400526778125 0.6718813484374999 0.4102843921875
4 0.6732962296875 0.2627263328125 0.6886566000000001 0.257606209375 0.6976168171875 0.2476859703125 0.7100971171875 0.2524860859375 0.7100971171875 0.268486471875 0.7024169328125 0.281926796875 0.6995368625 0.28960698125 0.6963367859375 0.2995272203125 0.697936825 0.31872768281249997 0.702096925 0.3289679296875 0.7088170859375 0.3356880921875 0.726097503125 0.3369681234375 0.7324976578125 0.33024796093750003 0.7382577968749999 0.32032772187499997 0.7411378656250001 0.30560736718750003 0.747858028125 0.3036873203125 0.758098275 0.31552760625 0.768338521875 0.31392756718750003 0.776658721875 0.30464734375 0.7740986609375 0.2886469578125 0.766418475 0.2816067890625 0.7606583359375 0.2768066734375 0.753938175 0.261446303125 0.7481780359375 0.2508860484375 0.7443379421875 0.2406458015625 0.73089761875 0.228805515625 0.7264175109375001 0.22816550000000002 0.7257774953125 0.20448492968749998 0.7126571796875 0.20096484375 0.6854565234375001 0.1996848140625 0.6729762234375001 0.205444953125 0.6668960765625 0.23456565468749999 0.6684961140625 0.250566040625 0.6732962296875 0.2627263328125