0 0.9950264984375 0.49155356875 0.7375169953125 0.48432889843750004 0.5012238421874999 0.48881464374999994 0.0030232296874999997 0.4933003875 0.0100671875 0.52149645625 0.228430196875 0.53110875625 0.5384492828125 0.524876215625 0.993745796875 0.5287211265625 0.9950264984375 0.49155356875
4 0.257124471875 0.499884225 0.24559798437499997 0.497320959375 0.24033523125 0.5045278890625 0.2347118484375 0.518468015625 0.2590455484375 0.5171864187499999 0.257124471875 0.499884225
4 0.321160540625 0.49860257968750005 0.29877784687500003 0.4997243875 0.30130936875000003 0.51782718125 0.32436234375 0.5133414593750001 0.321160540625 0.49860257968750005
4 0.44921875 0.50859375 0.01015625 0.0125
4 0.5796875 0.50625 0.0484375 0.01796875
4 0.50546875 0.50703125 0.0203125 0.01953125
4 0.66015625 0.50625 0.03125 0.02109375
4 0.74140625 0.503125 0.01484375 0.0140625
4 0.79921875 0.5078125 0.0203125 0.01796875
4 0.94453125 0.50546875 0.01953125 0.015625
4 0.98046875 0.5078125 0.015625 0.0171875