4 0.1246014328125 0.6526353874999999 0.1316877703125 0.6964159203125 0.1499941421875 0.7330693890625 0.18542582968750002 0.750377971875 0.22026698906250003 0.7463053656249999 0.2556986765625 0.73816015 0.2769576875 0.7371419984375 0.29467353125 0.730014934375 0.310617790625 0.7289967828125 0.330695746875 0.710670046875 0.3360105 0.667907665625 0.3289241625 0.6434720203125 0.3053030375 0.6119093109375 0.28758719374999997 0.6159819171875001 0.28168191249999996 0.6526353874999999 0.2745955765625 0.6536535390625 0.25333656250000003 0.631254196875 0.2438881125 0.6261634375 0.22676279843749997 0.618018221875 0.2125901234375 0.61700006875 0.18896899843749998 0.6088548546875 0.1712531546875 0.5935825765625 0.1482225578125 0.5915462703125 0.13109724375 0.6159819171875001 0.1246014328125 0.6526353874999999
4 0.351954759375 0.74223275625 0.37734746874999997 0.766668403125 0.4015591203125 0.75445058125 0.423999190625 0.7289967828125 0.42577077343749997 0.7259423265625 0.41514126874999996 0.6943796171875001 0.3997875375 0.6719802734375 0.37970958125 0.6791073375 0.36553690625 0.6882707046875 0.354316871875 0.7065974390624999 0.351954759375 0.74223275625
4 0.48364252968750004 0.5935825765625 0.46179299062499995 0.6078367015625 0.44053397656250004 0.6587442984375 0.4493918984375 0.6933614640625 0.47419407968750005 0.7320512375 0.5066731265625 0.7585231875 0.5226173859375 0.7473235171875 0.5391521734375 0.7177971109375 0.5497816796875 0.6913251609375 0.5574585453124999 0.674016578125 0.55509643125 0.6393994125 0.5421048140625 0.6088548546875 0.5131689359375 0.59663703125 0.48364252968750004 0.5935825765625
4 0.7487896562499999 0.75445058125 0.7611907453125 0.7310330859375 0.7907171515625 0.7198334156249999 0.80784246875 0.7157608062499999 0.81256669375 0.70863374375 0.8167003890625001 0.674016578125 0.80784246875 0.6505990828125 0.7859929265625001 0.6353268046875 0.764733915625 0.6383812609375 0.745837015625 0.644490171875 0.719853778125 0.644490171875 0.6950515968750001 0.6465264765625001 0.67320205625 0.6526353874999999 0.65902938125 0.6526353874999999 0.648399875 0.6495809312499999 0.6295029750000001 0.6455083234375001 0.608834490625 0.6495809312499999 0.594661815625 0.6648532109375 0.5810796703125 0.6831799453125 0.574583859375 0.713724503125 0.5763554453124999 0.7412146046875 0.5858038953125 0.7585231875 0.60942501875 0.7605594906250001 0.6271408625 0.756486884375 0.643085121875 0.7493598203125 0.661982021875 0.7361238453125 0.68146945 0.72797863125 0.692689484375 0.7361238453125 0.705090575 0.75445058125 0.7169011375000001 0.76870470625 0.729302228125 0.7707410125 0.7487896562499999 0.75445058125
4 0.8544941890625 0.7116882 0.8556752453125 0.6852162484375001 0.8450457390624999 0.6648532109375 0.8178814453125 0.660780603125 0.8096140515625001 0.6831799453125 0.8255583109375 0.7188152624999999 0.8409120421875 0.7249241734375 0.8544941890625 0.7116882
4 0.9271291484375 0.7218697187500001 0.938939709375 0.7015066796875 0.9336249562500001 0.6831799453125 0.9218143953125001 0.667907665625 0.9094133046874999 0.6536535390625 0.8922879890625 0.6393994125 0.8722100328125 0.6495809312499999 0.8739816171875001 0.67605288125 0.8893353484375 0.6984522234375 0.9076417203125 0.713724503125 0.9271291484375 0.7218697187500001
4 0.9566555546875 0.6353268046875 0.9466165765625 0.60274594375 0.9247670343750001 0.5956188796874999 0.9094133046874999 0.5813647515625 0.8916974609375 0.5884918156250001 0.8899258765625 0.614963765625 0.9088227765625 0.6373631093750001 0.9277196765625 0.6434720203125 0.9513408015625 0.644490171875 0.9566555546875 0.6353268046875
4 0 0.47344064843749994 0.016534787500000002 0.49583998906250004 0.023621125 0.4938036859375 0.04842330625 0.4887129265625 0.045470665625000004 0.4327145703125 0.035431687499999996 0.40624262031249997 0.012401090625 0.423551203125 0 0.439841634375 0 0.47344064843749994
4 0.1204677359375 0.41846044375 0.1352309390625 0.42049674687499994 0.13641199531249998 0.4194785953125 0.1387741078125 0.37773436562499996 0.1192866796875 0.364498390625 0.1086571734375 0.407260771875 0.1204677359375 0.41846044375
4 0.1293256578125 0.48260401562500005 0.1411362203125 0.49176738281250004 0.14231727656249998 0.48973107968749996 0.16416681718749998 0.46631358437500003 0.1618047046875 0.436787178125 0.1464509734375 0.42456935468749996 0.13641199531249998 0.42456935468749996 0.11869615156249999 0.4347508734375 0.11692456874999999 0.4622409765625 0.1293256578125 0.48260401562500005
4 0.1683005140625 0.5386023703125 0.1824731890625 0.5274027 0.18070160468750002 0.50500335625 0.1683005140625 0.492785534375 0.1553088953125 0.506021509375 0.1564899515625 0.5263845484375 0.1683005140625 0.5386023703125
4 0.21613329218750002 0.45918652031249996 0.21022801093750001 0.4459505453125 0.1995985046875 0.4215149 0.1931026953125 0.40522446875 0.1747963234375 0.41540598749999996 0.1694815703125 0.443914240625 0.1818826609375 0.46834988749999995 0.1901500546875 0.48667662187499994 0.1984174484375 0.50093075 0.2108185390625 0.515184878125 0.2125901234375 0.523330090625 0.1984174484375 0.551838346875 0.21613329218750002 0.5691469296875 0.23266807968749997 0.5671106265625 0.2450691703125 0.5508201953125 0.2503839234375 0.5304571546875 0.2545176203125 0.5172211812499999 0.257470259375 0.50500335625 0.2450691703125 0.47344064843749994 0.21613329218750002 0.45918652031249996
4 0.348411590625 0.525366396875 0.33955366875 0.4805677109375 0.33010521875 0.46427728124999995 0.3171136 0.44493239375 0.31357043125 0.44085978593749997 0.30648409375 0.4286419625 0.286996665625 0.40522446875 0.26396606875 0.4011518609375 0.2438881125 0.4286419625 0.25687973125 0.4510413046875 0.26396606875 0.46631358437500003 0.25333656250000003 0.479549559375 0.2545176203125 0.5162030296875 0.2598323734375 0.5406386765625 0.26396606875 0.5599835625 0.285815609375 0.5528564984375001 0.29467353125 0.545729434375 0.307074621875 0.5477657375 0.318885184375 0.551838346875 0.33955366875 0.557947259375 0.347230534375 0.5508201953125 0.348411590625 0.525366396875
4 0.395653840625 0.364498390625 0.386205390625 0.3298812265625 0.37085165937500003 0.32784492187500003 0.3619937375 0.3420990484375 0.359631625 0.37264360625 0.368489546875 0.380788821875 0.38679591874999997 0.3960611015625 0.395653840625 0.364498390625
4 0.386205390625 0.479549559375 0.387976975 0.4622409765625 0.3856148625 0.44289608906250005 0.37439482812499997 0.4347508734375 0.360222153125 0.43373272187499995 0.354316871875 0.4490050015625 0.35549792812500003 0.47140434375 0.36140320937500003 0.4836221671875 0.379119053125 0.48973107968749996 0.386205390625 0.479549559375
4 0.41750338124999997 0.492785534375 0.42163707656250005 0.479549559375 0.42281813437500004 0.4459505453125 0.405102290625 0.439841634375 0.3950633125 0.44493239375 0.38974855937499997 0.46020467187499997 0.388567503125 0.49074923125 0.390929615625 0.506021509375 0.4110075703125 0.506021509375 0.41750338124999997 0.492785534375
4 0.4204560203125 0.3787525171875 0.427542359375 0.40624262031249997 0.4399434484375 0.40624262031249997 0.44821084375 0.3899521890625 0.4470297875 0.3665346953125 0.4204560203125 0.3787525171875
4 0.4966341484375 0.5324934609375 0.5043110140625 0.5284208515625 0.5208458015625 0.49889444687499995 0.5285226671875 0.4805677109375 0.5356090046875 0.45205945625000005 0.5226173859375 0.42456935468749996 0.5102162953125 0.42966011406250004 0.4984057328125 0.436787178125 0.4883667546875 0.4143878359375 0.48364252968750004 0.3950429484375 0.46828879843750004 0.394024796875 0.4541161234375 0.397079253125 0.44525820156249996 0.41744229062500005 0.44407714531250003 0.423551203125 0.4411245046875 0.4276238109375 0.4328571125 0.42966011406250004 0.4328571125 0.4347508734375 0.42872341562500005 0.4551139125 0.4281328875 0.4693680390625 0.42872341562500005 0.4754769515625 0.43521922343749997 0.496858140625 0.442896090625 0.5080578140625 0.457068765625 0.5141667234375 0.47006038281249996 0.513148571875 0.4842330578125 0.523330090625 0.4966341484375 0.5324934609375
4 0.5456479828125 0.3787525171875 0.5356090046875 0.394024796875 0.5426953421875 0.410315228125 0.5503722062499999 0.41744229062500005 0.5615922421875 0.407260771875 0.5615922421875 0.3879158859375 0.5574585453124999 0.37467991093749997 0.5456479828125 0.370607303125 0.5456479828125 0.3787525171875
4 0.5308847796875 0.496858140625 0.5397427015625 0.506021509375 0.5403332296875 0.5019489015625 0.5421048140625 0.47038619062500003 0.5350184765625 0.4673317359375 0.5273416109375 0.4856584703125 0.5308847796875 0.496858140625
4 0.647809346875 0.40827892343750005 0.65194304375 0.38384327812499996 0.64367565 0.3665346953125 0.6247787515625001 0.3787525171875 0.619463996875 0.3980974046875 0.618282940625 0.4143878359375 0.631274559375 0.4225330515625 0.647809346875 0.40827892343750005
4 0.663163078125 0.4887129265625 0.647809346875 0.4622409765625 0.6247787515625001 0.443914240625 0.6147397734375 0.44798685000000005 0.6153303015625 0.4754769515625 0.633636671875 0.5080578140625 0.65430515625 0.5202756359375 0.661982021875 0.5172211812499999 0.663163078125 0.4887129265625
4 0.679697865625 0.41642413906250003 0.672021 0.44493239375 0.68265050625 0.4622409765625 0.7027284625 0.443914240625 0.70627163125 0.41540598749999996 0.679697865625 0.41642413906250003
4 0.7428843734374999 0.3634802390625 0.7428843734374999 0.3787525171875 0.7499707124999999 0.39198849375 0.7617812734375 0.38587958125 0.7659149703125 0.35940763124999997 0.7558759937499999 0.3502442640625 0.7428843734374999 0.3634802390625
4 0.749380184375 0.525366396875 0.760009690625 0.5172211812499999 0.754104409375 0.49176738281250004 0.736388565625 0.492785534375 0.736388565625 0.5080578140625 0.73697909375 0.5263845484375 0.749380184375 0.525366396875
4 0.7883550406250001 0.40420631562500003 0.7812687015625001 0.43373272187499995 0.7812687015625001 0.46020467187499997 0.7824497578125 0.4887129265625 0.7854023984375 0.513148571875 0.7877645125 0.5345297640625 0.8001656015625 0.5569291046875 0.8102045796875 0.551838346875 0.8184719734374999 0.5335116125 0.8190625015625 0.49787629375 0.8143382765625 0.47242249531249997 0.8143382765625 0.4622409765625 0.8202435578125 0.4286419625 0.8066614109374999 0.39911555625 0.7883550406250001 0.40420631562500003
4 0.8822490109375 0.4469686984375 0.8686668640624999 0.4490050015625 0.8704384484375 0.44493239375 0.8426836265625001 0.45002315312499996 0.8367783453125 0.4815858640625 0.8350067609374999 0.509075965625 0.8326446484375 0.5335116125 0.8415025703125 0.5589654109375 0.8745721453125 0.56405616875 0.8834300671875001 0.551838346875 0.8964216859375 0.5243482453125 0.9100038312500001 0.5263845484375 0.9336249562500001 0.50500335625 0.9501597437499999 0.502967053125 0.957836609375 0.496858140625 0.9407112953125001 0.45205945625000005 0.915318584375 0.44085978593749997 0.8916974609375 0.4459505453125 0.8822490109375 0.4469686984375