4 0.0376261625 0.49891800000000003 0.04169385625 0.5082326890625 0.047456421875 0.5134722015625 0.052541039062499996 0.5047396796875 0.0532189875 0.4995001671875 0.0538969375 0.4896033109375 0.0532189875 0.47854211874999997 0.0498292421875 0.46398791875 0.047117446875 0.45467322968749996 0.0420328296875 0.44885155 0.0372871890625 0.451762390625 0.032202571875 0.46165924687500004 0.032202571875 0.4750491109375 0.035592315624999996 0.48843897500000005 0.0376261625 0.49891800000000003
4 0.0755913 0.5047396796875 0.082031815625 0.5053218484374999 0.085082584375 0.4913498140625 0.08609950937500001 0.485528134375 0.0867774578125 0.4779599515625 0.0840656625 0.46165924687500004 0.081353865625 0.45467322968749996 0.0766082234375 0.45350889375000003 0.0715236078125 0.45874840624999996 0.0684728375 0.4698095984375 0.0684728375 0.48028862187500004 0.0691507859375 0.486692471875 0.0715236078125 0.4983358328125 0.0755913 0.5047396796875
4 0.3664313734375 0.46165924687500004 0.3576180375 0.462241415625 0.35422829375 0.470973934375 0.35694008906249997 0.48261729531249997 0.36880419375 0.48028862187500004 0.370838040625 0.47737778437499995 0.3715159890625 0.4680630953125 0.3664313734375 0.46165924687500004
4 0.39998984375 0.486692471875 0.40846420468750005 0.4896033109375 0.415921640625 0.486110303125 0.4179554890625 0.47854211874999997 0.41558266718750003 0.4674809265625 0.4118539484375 0.46398791875 0.397278046875 0.46340575 0.393549328125 0.4698095984375 0.3945662515625 0.48028862187500004 0.39998984375 0.486692471875
4 0.6762540140625 0.4325508453125 0.66913555 0.430222171875 0.663372984375 0.43080434062500006 0.65794939375 0.4441942046875 0.6637119593749999 0.4511802203125 0.66574580625 0.46165924687500004 0.6610001624999999 0.465152253125 0.6555765734375 0.47446694218749996 0.6538817 0.48319946406250003 0.6535427265625 0.49251415156249995 0.654220675 0.501828840625 0.663372984375 0.5012466703125 0.6704914484375 0.49658932968749997 0.6772709375 0.49658932968749997 0.6816776046874999 0.49600715937500006 0.6884570937500001 0.49251415156249995 0.689812990625 0.48319946406250003 0.6877791453125 0.46864526250000005 0.6871011953124999 0.462241415625 0.6867622203125 0.4581662390625 0.6826945281250001 0.4447763734375 0.6762540140625 0.4325508453125
4 0.70337196875 0.47621344531250004 0.7098124828125 0.48727464062500003 0.71116838125 0.4901854796875 0.7125242796875 0.49600715937500006 0.7165919734374999 0.501828840625 0.7230324875 0.501828840625 0.7274391546875 0.495424990625 0.728795053125 0.486110303125 0.729811975 0.48087079062500004 0.7311678734375 0.473884775 0.728795053125 0.46398791875 0.724727359375 0.4500158859375 0.71862581875 0.4441942046875 0.7087955609375001 0.4436120375 0.7030329953125001 0.4511802203125 0.7009991484375 0.4581662390625 0.70337196875 0.47621344531250004
4 0.7579468546875 0.48436379843750005 0.758624803125 0.47039176562499996 0.7582858296875 0.462241415625 0.7579468546875 0.457001903125 0.75692993125 0.4511802203125 0.7484555703125 0.4412833640625 0.743370953125 0.438372525 0.7372694140625 0.4436120375 0.7365914640625 0.457001903125 0.7386253109375 0.46922742968750003 0.7420150546875 0.4779599515625 0.7487945453125 0.48494596718749994 0.7542181359375 0.48727464062500003 0.7579468546875 0.48436379843750005
4 0.7765904484374999 0.4500158859375 0.7742176265625 0.445940709375 0.7711668578124999 0.4441942046875 0.7677771124999999 0.440119028125 0.7674381390625 0.4395368609375 0.7623535218749999 0.4436120375 0.762692496875 0.451762390625 0.7640483953125 0.46049490937500004 0.7691330109375001 0.4680630953125 0.770488909375 0.46864526250000005 0.777268396875 0.46398791875 0.7779463468750001 0.457001903125 0.7765904484374999 0.4500158859375
4 0.1688077484375 0.4850439015625 0.1696985546875 0.47479963124999996 0.16301750937499998 0.46010133125 0.147428403125 0.4552018984375 0.14163816406250002 0.46010133125 0.1385203421875 0.47168181093749995 0.13362090937499999 0.472572615625 0.130057684375 0.464109959375 0.1287214765625 0.4569835109375 0.1251582515625 0.4507478671875 0.11491398281250001 0.4534202859375 0.10823293593750001 0.46188294374999994 0.1100145484375 0.4792536625 0.11224156406250001 0.488607125 0.116250190625 0.49617897656250004 0.1269398640625 0.5006330078125 0.1291668796875 0.4984059921875 0.13807493906249999 0.4939519625 0.1447559859375 0.4939519625 0.15143703125000002 0.4943973640625 0.160345090625 0.5001876046875 0.1585634796875 0.5139950984375 0.160345090625 0.52067614375 0.1683623453125 0.5255755765625 0.17504339062500002 0.517558321875 0.1737071828125 0.50686865 0.1683623453125 0.4975151859375 0.1670261375 0.49217035 0.1688077484375 0.4850439015625
4 0.6333631109375 0.46010133125 0.6306906921875 0.45297488281250003 0.624009646875 0.4507478671875 0.61064755625 0.44852085312499995 0.606638928125 0.4507478671875 0.6030757046875 0.4574289125 0.597285465625 0.4676731828125 0.5919406281249999 0.460546734375 0.5901590171875 0.4507478671875 0.5848141796874999 0.4525294796875 0.578133134375 0.45876512187499996 0.5759061203125 0.4654461671875 0.5732337015625 0.472572615625 0.5732337015625 0.47880825937499993 0.5736791046875 0.48237148281250003 0.577242328125 0.4841530953125 0.580805553125 0.4850439015625 0.5852595828125 0.4850439015625 0.591049821875 0.48014446718750003 0.59238603125 0.47836285624999997 0.596394659375 0.4832622890625 0.5990670765624999 0.488607125 0.608420540625 0.49127954375 0.6191102140625 0.48593470781250003 0.62712746875 0.4805898703125 0.6306906921875 0.4712364078125 0.6333631109375 0.46010133125
4 0.994762440625 0.5087199546875001 0.99577785 0.49179647031249996 0.9940855015625001 0.413948440625 0.9883315171874999 0.40819445468750004 0.9791928343749999 0.40413281874999996 0.974454259375 0.40480975781249995 0.9714080328125 0.408532925 0.9683618046875001 0.414286909375 0.9683618046875001 0.41868701562500005 0.9683618046875001 0.42884110625 0.9673463953124999 0.43696437968749996 0.968700275 0.44881081875 0.970054153125 0.458964909375 0.9731003812499999 0.46573430312499997 0.974454259375 0.478596153125 0.972423440625 0.489765653125 0.9717465015625001 0.49484269843749995 0.9714080328125 0.5019505609375 0.9761466078125001 0.5110892437500001 0.9859622296874999 0.51582781875 0.994762440625 0.5087199546875001
4 0.8130146437500001 0.4693414171875 0.8121137968750001 0.4810524328125 0.8107625265625 0.492763446875 0.8116633734375001 0.5085282734375001 0.8206718453124999 0.5157350515625 0.834634978125 0.5157350515625 0.8458955687499999 0.504924884375 0.8508502281249999 0.4990693765625 0.8562553125000001 0.5004206484375 0.8576065828124999 0.507177003125 0.8598587015625 0.5134829328125 0.876524375 0.5116812390625001 0.88283030625 0.5089786968750001 0.8913883546875001 0.513032509375 0.8958925921875001 0.519338440625 0.906252334375 0.52249140625 0.918864196875 0.5360041140625 0.9364307171874999 0.53465284375 0.945439190625 0.5260947953125 0.9476913078125 0.5206897109375 0.957600628125 0.506726578125 0.959852746875 0.5004206484375 0.9621048640625001 0.4900609046875 0.9625552875000001 0.4765481953125 0.9562493578125 0.450423625 0.9539972390625 0.44636981249999996 0.94453834375 0.43646049375 0.9283230921875001 0.4301545625 0.918864196875 0.42790244375 0.9157112312500001 0.42610075 0.91165741875 0.41934439531249995 0.9035497937500001 0.41303846406250005 0.906252334375 0.3999761796875 0.8994959796875 0.3887155890625 0.8864336953124999 0.39637279062499997 0.8900370843750001 0.41303846406250005 0.8891362375 0.43105540937500003 0.894090896875 0.45177489687500005 0.9040002171875001 0.4625850640625 0.894090896875 0.47384565468749995 0.8792269171875 0.478349890625 0.865263784375 0.47294480625 0.865263784375 0.4571799796875 0.8553544656250001 0.44591938906250006 0.8463459921875 0.44321684687499996 0.8359862484375 0.44231600000000004 0.8229239640625 0.44546896562500005 0.8157171859375 0.45492786250000006 0.8130146437500001 0.4693414171875
4 0.457448778125 0.47228844218750005 0.4558357703125 0.476482259375 0.44970634374999996 0.47486925312499995 0.44615772812500004 0.476482259375 0.44615772812500004 0.4855150984375 0.44970634374999996 0.492289728125 0.45519056718749995 0.495193140625 0.46164259531249996 0.49390273437500004 0.46583641406250004 0.489386315625 0.46712681875 0.4839020921875 0.46712681875 0.47486925312499995 0.46841722499999994 0.47228844218750005 0.4709980359375 0.4687398265625 0.47228844218750005 0.463578203125 0.46841722499999994 0.457771378125 0.460352190625 0.4571261765625 0.45648097343750005 0.46196519687500004 0.457448778125 0.47228844218750005
4 0.52035605 0.4471255328125 0.518420440625 0.4539001625 0.522614259375 0.457771378125 0.5332601046875001 0.45938438593750003 0.5374539234375 0.46293300156250006 0.5377765250000001 0.46680421718750004 0.5355183140625 0.47067543437500003 0.5322923015625001 0.47132063750000003 0.5258402734375001 0.47293364374999997 0.524227265625 0.4755144546875 0.5232594625 0.4832568890625 0.5251950703125 0.48616030156249995 0.5326149015625 0.4868055046875 0.5355183140625 0.48648290312500003 0.5380991265625 0.47680486093749996 0.5426155453125 0.47712746250000004 0.54809976875 0.4755144546875 0.5503579796875 0.47293364374999997 0.5539065937500001 0.4739014484375 0.5581004125 0.47486925312499995 0.5603586218750001 0.47486925312499995 0.5629394328124999 0.47067543437500003 0.5639072374999999 0.46390080468750006 0.5639072374999999 0.4580939796875 0.5629394328124999 0.45422276406249995 0.5571326078125 0.45067414843750003 0.55100318125 0.45228715468749997 0.5497127765625 0.45228715468749997 0.54358335 0.44680293125 0.537131321875 0.4464803296875 0.531324496875 0.4464803296875 0.5245498671875 0.44615772812500004 0.52035605 0.4471255328125