4 0.23524432499999998 0.55507605 0.22693547343749998 0.5393585453124999 0.21758801718749998 0.5302589375 0.2035668328125 0.531086175 0.1978544984375 0.54349473125 0.2004510125 0.5592122328125 0.2186266234375 0.570793553125 0.2373215375 0.5583849984375 0.23524432499999998 0.55507605
4 0.2845781234375 0.58733829375 0.29496418593749996 0.5840293453125 0.2970413984375 0.56252118125 0.29600279218750003 0.5517671015625 0.29340627656249996 0.5319134125 0.272114846875 0.531086175 0.26120948125 0.535222359375 0.251342721875 0.5509398640625001 0.25497784375 0.5724480265625 0.272114846875 0.58816553125 0.2845781234375 0.58733829375
4 0.3287188890625 0.5898200046875 0.3453365921875 0.5939561906249999 0.3614349890625 0.581547634375 0.37182105 0.5542488125 0.36195429218749997 0.5410130203125 0.3468945 0.5319134125 0.339104953125 0.537704071875 0.31885213125 0.5277772265625 0.3011958234375 0.54184025625 0.29756070156250003 0.5674846046875001 0.3069081578125 0.5798931609375 0.3287188890625 0.5898200046875
4 0.41959694062499997 0.58651105625 0.43050230625 0.582374871875 0.43569533906249996 0.5749297375 0.43881115625 0.56417565625 0.43881115625 0.5459764421875 0.43569533906249996 0.5385313078125 0.42894439687499997 0.5327406484375 0.4003827234375 0.536876834375 0.3920738734375 0.553421575 0.3920738734375 0.56334841875 0.40557575625000003 0.5790659234375 0.41959694062499997 0.58651105625
4 0.45646746250000003 0.594783428125 0.4798361046875 0.6005740875 0.49126077500000004 0.5848565828125001 0.49074147031250004 0.5683118406250001 0.484509834375 0.5451492046874999 0.4798361046875 0.536049596875 0.4746430734375 0.528604465625 0.454909553125 0.536876834375 0.44400418750000004 0.5509398640625001 0.4398497625 0.5683118406250001 0.4460814 0.5848565828125001 0.45646746250000003 0.594783428125
4 0.4933379875 0.5658301296875 0.49749241250000004 0.5798931609375 0.5120329 0.5832021078125 0.520861053125 0.5790659234375 0.5234575687499999 0.5724480265625 0.525015478125 0.5666573671874999 0.5276119953125 0.547630915625 0.527092690625 0.54349473125 0.5218996609375 0.535222359375 0.5058012625 0.5335678859375 0.4964538046875 0.54349473125 0.493857290625 0.55507605 0.4933379875 0.5658301296875
4 0.607584678125 0.548458153125 0.59148628125 0.54349473125 0.5790230046875 0.5517671015625 0.57279136875 0.5517671015625 0.5603280921875 0.5294317000000001 0.5447489984375 0.5294317000000001 0.5333243296875 0.536049596875 0.528131296875 0.5600394703125 0.53176641875 0.580720396875 0.5463069078125 0.5906472421875 0.569156246875 0.5980923765624999 0.5868125531249999 0.594783428125 0.6013530406250001 0.5914744796875 0.6107004984375 0.58816553125 0.6138163171875 0.56334841875 0.607584678125 0.548458153125
4 0.67197826875 0.5575577609375 0.664188721875 0.5592122328125 0.6538026593749999 0.5542488125 0.648090325 0.548458153125 0.6496482328125001 0.5509398640625001 0.6319919265625 0.547630915625 0.6236830765625 0.5451492046874999 0.6143356203125 0.5468036796875 0.607584678125 0.5575577609375 0.611739103125 0.580720396875 0.619009346875 0.5956106625 0.6345884421875 0.5956106625 0.6501675375 0.5914744796875 0.6808064218750001 0.6047102703125 0.6969048203125 0.614637115625 0.7057329734375 0.603055796875 0.70729088125 0.580720396875 0.7062522765625 0.56334841875 0.6974241218749999 0.5501126281250001 0.68548015 0.5517671015625 0.67197826875 0.5575577609375
4 0.7332560390625 0.569966315625 0.7353332515625 0.5889927687500001 0.74623861875 0.6055375078125 0.762337015625 0.6162915890625 0.77324238125 0.60884645625 0.774800290625 0.5856838203125 0.7742809890625 0.5732752640625 0.77116516875 0.5658301296875 0.7701265625 0.56417565625 0.76285631875 0.5517671015625 0.74416140625 0.5575577609375 0.7353332515625 0.5583849984375 0.7332560390625 0.569966315625
4 0.8360780625 0.5939561906249999 0.8365973656250001 0.5848565828125001 0.8334815453125 0.56417565625 0.8220568765625 0.560866709375 0.8101129046875 0.56252118125 0.8012847515624999 0.5765842125 0.7997268421875 0.5898200046875 0.8147866328125 0.6113281671874999 0.82880781875 0.60967369375 0.8360780625 0.5939561906249999
4 0.9067032890625001 0.5956106625 0.9025488640624999 0.5741025015625 0.8973558328125 0.5683118406250001 0.8864504671875 0.570793553125 0.8843732546874999 0.580720396875 0.8859311640625 0.5898200046875 0.8890469828124999 0.5980923765624999 0.8937207109375 0.6047102703125 0.8989137421875 0.6063647453125001 0.9067032890625001 0.5956106625
4 0.9077418968750001 0.5980923765624999 0.91345423125 0.60801921875 0.9253982015625001 0.60884645625 0.929033325 0.6055375078125 0.9311105375000001 0.593128953125 0.93214914375 0.5856838203125 0.9331877499999999 0.5749297375 0.9202051718750001 0.5674846046875001 0.9129349281250001 0.569139078125 0.9077418968750001 0.575756975 0.9077418968750001 0.58733829375 0.9077418968750001 0.5980923765624999
4 0.9633073328125 0.60801921875 0.9638266359375001 0.603883034375 0.9638266359375001 0.5956106625 0.9622687265625001 0.5732752640625 0.959672209375 0.5658301296875 0.9440931156250001 0.5716207890625 0.93838078125 0.58733829375 0.9414966 0.60719198125 0.94980545 0.6212550125 0.9565563921875 0.6179460640625 0.9633073328125 0.60801921875
4 0.9835601546875001 0.593128953125 0.9809636390625001 0.5798931609375 0.9804443359375 0.5774114484374999 0.9726547890624999 0.5741025015625 0.9700582734375001 0.58733829375 0.9716161828125 0.6022285593750001 0.9726547890624999 0.6113281671874999 0.9762899109375001 0.6121554046875 0.9773285171874999 0.6105009296875 0.9825215484375001 0.6113281671874999 0.9835601546875001 0.593128953125