4 0.859124596875 0.450968715625 0.8530185421875001 0.43267165625 0.8425510203125001 0.4423583328125 0.8390618453125 0.44343462968749997 0.837317259375 0.4628079890625 0.837317259375 0.484333940625 0.8399341390625 0.5144702734375 0.8429871671875 0.5510643921875 0.8469124875 0.570437753125 0.8630499171875 0.6027266828125 0.87657046875 0.587658515625 0.8835488140625 0.570437753125 0.8918356031249999 0.570437753125 0.9088453265625 0.6027266828125 0.92018514375 0.5984214890625 0.9284719328125 0.5801244296875 0.9350141328125 0.5532169890625 0.936758721875 0.5284621453125 0.933269546875 0.49294432187500004 0.9254189046875 0.4563502046875 0.9136429406250001 0.430519059375 0.9009946859375001 0.42406127343750005 0.892707896875 0.4283664625 0.8835488140625 0.434824246875 0.8783150546874999 0.44773982187500005 0.8682836796875 0.4886391296875 0.859124596875 0.450968715625
4 0.7110237578125 0.49287341875 0.7129534843750001 0.5285888812499999 0.7269439875 0.559542284375 0.7361101765625 0.5583517734375001 0.74527636875 0.5345414625 0.7438290765625 0.504778575 0.7443115046875 0.47263465625 0.74045205625 0.46906310781249994 0.7230845375 0.4762062046875 0.7110237578125 0.49287341875
4 0.732733159375 0.447633828125 0.752995265625 0.423823521875 0.7640911828125 0.39763217812499996 0.7751870984375 0.3642977421875 0.78676544375 0.332153828125 0.7785641156249999 0.2964383609375 0.7655384749999999 0.28334268749999997 0.7476885249999999 0.2738185640625 0.735145315625 0.27500908125 0.7211548125 0.308343515625 0.7182602265625 0.3226297046875 0.7168129328124999 0.35477361875 0.7163305015625 0.3869175375 0.71970751875 0.4262045484375 0.732733159375 0.447633828125
4 0.6217740015625 0.361916715625 0.6193618468750001 0.3762028984375 0.617914553125 0.3904890859375 0.617914553125 0.43096661249999996 0.6246685875 0.4523958921875 0.6391415234375 0.4940639359375 0.64975500625 0.50239754375 0.6603684921874999 0.50239754375 0.6733941328124999 0.4940639359375 0.6738765625 0.46668208125 0.6719468390625 0.4333476453125 0.662298215625 0.40715630156250004 0.6502374375 0.3785839296875 0.62997533125 0.361916715625 0.6217740015625 0.361916715625
4 0.5952402890624999 0.5119216671875 0.592828134375 0.5321604296875 0.5937929984375 0.5571612578125 0.5971700156249999 0.58216208125 0.6029591875 0.6071629093750001 0.618396984375 0.6166870328125 0.6396239546875 0.601210328125 0.6405888140625 0.5928767203125 0.638176659375 0.56430435 0.6294929 0.5309699140624999 0.6174321218750001 0.5083501187499999 0.60923079375 0.49763548437500005 0.6005470328125 0.49882599531249994 0.5952402890624999 0.5119216671875
4 0.5489269015625 0.5321604296875 0.546514746875 0.55239919375 0.5484444734375 0.57263795625 0.5556809390625 0.5976387843750001 0.570153871875 0.6119249671875 0.57883763125 0.601210328125 0.5889686859375 0.570256925 0.5942754296875 0.5357319781250001 0.592828134375 0.49287341875 0.5884862546875 0.46787259062500003 0.5759430453125 0.43810970468750005 0.5633998359375 0.43810970468750005 0.5556809390625 0.4762062046875 0.5494093328125 0.5190647578124999 0.5489269015625 0.5321604296875
4 0.49392975625 0.5678758984375001 0.49392975625 0.5940672359375 0.506472965625 0.6107344515625 0.5238404859375 0.6000198171875 0.5359012640625 0.5654948656250001 0.5378309875 0.5404940375 0.5272175031249999 0.49525445156250003 0.5170864484375 0.50239754375 0.5108148453125 0.5119216671875 0.4968243421875 0.5440655859375 0.49392975625 0.5678758984375001
4 0.454852834375 0.5678758984375001 0.456782559375 0.5916862046875 0.4577474203125 0.6250206390625 0.46015957656250006 0.6500214671875 0.47029062968749996 0.66430765 0.4900703078125 0.6452594031250001 0.49248246250000005 0.6035913609375 0.48814058125 0.5785905375 0.480904115625 0.553589709375 0.4722203546875 0.5440655859375 0.46015957656250006 0.54882765 0.454852834375 0.5678758984375001
4 0.4066097234375 0.5452561015625 0.40033811718749995 0.5357319781250001 0.3858651859375 0.5404940375 0.37959357968749996 0.5654948656250001 0.3820057359375 0.6035913609375 0.390689496875 0.621449090625 0.4143286203125 0.6547835265625 0.44423935 0.6738317734375 0.4509933859375 0.6524024953125 0.44279205624999995 0.6178775484375 0.435073159375 0.5904956875 0.430248846875 0.570256925 0.4249421046875 0.54644661875 0.41288132656250004 0.54644661875 0.4066097234375 0.5452561015625
4 0.3236315703125 0.435728678125 0.3212194140625 0.4523958921875 0.319772121875 0.46906310781249994 0.317359965625 0.48692084375 0.3149478109375 0.509540634375 0.3149478109375 0.5500181609375 0.32411400156250003 0.5631138328125 0.337622071875 0.541684553125 0.35113014374999996 0.509540634375 0.351612575 0.46668208125 0.3409990890625 0.4345381609375 0.3279734515625 0.417870940625 0.3236315703125 0.435728678125
4 0.2888965296875 0.5678758984375001 0.286484375 0.5845431125 0.28551951249999996 0.601210328125 0.28793166718749996 0.639306828125 0.2961329953125 0.6476404359375 0.304334325 0.64644991875 0.317359965625 0.63216373125 0.3270085875 0.6047818765625 0.3294207421875 0.5762095046875 0.319289690625 0.5500181609375 0.30578161875 0.55239919375 0.2898613921875 0.56668538125 0.2888965296875 0.5678758984375001
4 0.3342450546875 0.6357352796875 0.338104503125 0.6500214671875 0.34871798906249996 0.657164559375 0.35305986875 0.633354246875 0.3492004203125 0.609543940625 0.3356923484375 0.6071629093750001 0.3342450546875 0.6357352796875
4 0.23486424375 0.43810970468750005 0.23196965781249998 0.44882434375 0.227627778125 0.46906310781249994 0.2256980515625 0.49644496718750003 0.226180484375 0.5190647578124999 0.23389938125 0.5357319781250001 0.24354800468749999 0.541684553125 0.2541614875 0.5690664140624999 0.25464391875 0.6190680640624999 0.2710465765625 0.658355075 0.2816600625 0.6369257953125 0.2874492359375 0.5928767203125 0.28600194375 0.5559707421875 0.2898613921875 0.5250173390625 0.294685703125 0.49525445156250003 0.3019221703125 0.4512053765625 0.2961329953125 0.41072784999999995 0.2797303375 0.3892985703125 0.26332767968750004 0.379774446875 0.23679396874999997 0.3952511453125 0.23582910625000003 0.4226330046875 0.23486424375 0.43810970468750005
4 0.202541359375 0.5654948656250001 0.18999815 0.6059723921875 0.1977170484375 0.65597404375 0.21363727500000002 0.671450746875 0.22811020937499998 0.6416878546875 0.23920612343749997 0.60240084375 0.23968855625000002 0.56668538125 0.2372763984375 0.539303521875 0.20591837656249998 0.5309699140624999 0.202541359375 0.5654948656250001
4 0.18324411406250002 0.338106403125 0.177937371875 0.3535831078125 0.1634644375 0.394060634375 0.16828875000000001 0.4333476453125 0.174560353125 0.4512053765625 0.1919278734375 0.44882434375 0.203023790625 0.4809682640625 0.21749672343749998 0.46787259062500003 0.2194264484375 0.43930022031249993 0.2184615859375 0.39763217812499996 0.23293451874999999 0.361916715625 0.23003993281250001 0.31429609062499997 0.215567 0.2845332046875 0.199646771875 0.276199596875 0.18999815 0.29881939218750003 0.18324411406250002 0.338106403125
4 0.1340361390625 0.382155478125 0.1330712765625 0.394060634375 0.1354834328125 0.43930022031249993 0.151403659375 0.4523958921875 0.162499575 0.4202519734375 0.1615347140625 0.3892985703125 0.1528509546875 0.37501238125 0.1398253140625 0.3654882578125 0.1340361390625 0.382155478125
4 0.058294453125 0.326201246875 0.058294453125 0.31310557499999997 0.0428566578125 0.31429609062499997 0.0221121203125 0.338106403125 0.020182396875 0.3726313546875 0.028383725 0.40834681718750004 0.0447863828125 0.4012037265625 0.05539986718749999 0.370250321875 0.058294453125 0.326201246875
4 0.11956320625000001 0.56668538125 0.1335537078125 0.54644661875 0.1345185703125 0.5190647578124999 0.1214929296875 0.4821587796875 0.1132916015625 0.4762062046875 0.1084672890625 0.504778575 0.10991458437499999 0.5559707421875 0.11956320625000001 0.56668538125
4 0.14308691875 0.5447224140625 0.148746846875 0.5437912640625 0.14497356249999999 0.5447224140625 0.14799219218749998 0.5512404562500001 0.1574254046875 0.5447224140625 0.1615760171875 0.5260994250000001 0.1581800609375 0.5112010328125 0.1528974625 0.5028206875000001 0.1483695203125 0.5037518390625 0.1423322640625 0.5139944843750001 0.147237534375 0.5437912640625 0.14308691875 0.5447224140625
4 0.15629341875 0.5819683921875 0.15985707656249998 0.61538630625 0.161198690625 0.6145586187500001 0.165349303125 0.61548976875 0.173273203125 0.611765171875 0.1759145015625 0.59966023125 0.175537175 0.5745191937499999 0.1721412171875 0.5568273546875 0.167990603125 0.546584709375 0.1574254046875 0.5521716078125001 0.15629341875 0.5819683921875
4 0.379500165625 0.40406280156249996 0.377647928125 0.4086336453125 0.3761661375 0.42417452187500004 0.38357509218749997 0.442457909375 0.3920953875 0.443372075 0.39654075781250003 0.4269170328125 0.39320672968750003 0.40406280156249996 0.3832046421875 0.39309276875 0.379500165625 0.40406280156249996
4 0.359866440625 0.38395107500000003 0.36320047031249997 0.4049769671875 0.3717207640625 0.4058911390625 0.3813524046875 0.39400693593749997 0.38468643281250003 0.3729810484375 0.3802410609375 0.3546976609375 0.37394345156250003 0.3492126453125 0.36245957500000003 0.3574401671875 0.359866440625 0.38395107500000003