4 0.9461030625 0.4896033109375 0.9467810125 0.4995001671875 0.9474589609375 0.5047396796875 0.952543578125 0.5134722015625 0.95830614375 0.5082326890625 0.9623738375 0.49891800000000003 0.964407684375 0.48843897500000005 0.967797428125 0.4750491109375 0.967797428125 0.46165924687500004 0.9627128109375 0.451762390625 0.9579671703124999 0.44885155 0.952882553125 0.45467322968749996 0.9501707578125 0.46398791875 0.9467810125 0.47854211874999997 0.9461030625 0.4896033109375
4 0.9139004906249999 0.485528134375 0.914917415625 0.4913498140625 0.917968184375 0.5053218484374999 0.9244087000000001 0.5047396796875 0.9284763921874999 0.4983358328125 0.9308492140625001 0.486692471875 0.9315271624999999 0.48028862187500004 0.9315271624999999 0.4698095984375 0.9284763921874999 0.45874840624999996 0.9233917765624999 0.45350889375000003 0.9186461343750001 0.45467322968749996 0.9159343375000001 0.46165924687500004 0.9132225421875001 0.4779599515625 0.9139004906249999 0.485528134375
4 0.8735625328125 0.455837565625 0.8732235578124999 0.462241415625 0.8708507375 0.47272043906250005 0.86712201875 0.485528134375 0.8681389421875 0.4948428234375 0.876274328125 0.5000823359375001 0.88237586875 0.4977536640625 0.888477409375 0.48261729531249997 0.8898333062500001 0.4674809265625 0.8840707406250001 0.45409106250000003 0.8739015078125 0.4523445578125 0.8735625328125 0.455837565625
4 0.832546625 0.4715561015625 0.830851753125 0.4791242875 0.830851753125 0.486110303125 0.834580471875 0.49600715937500006 0.8406820109375 0.49600715937500006 0.8501732953125 0.49426065625 0.8606815031249999 0.48727464062500003 0.8637322734374999 0.48087079062500004 0.8640712484374999 0.47272043906250005 0.861359453125 0.46049490937500004 0.85898663125 0.45758407031250004 0.8501732953125 0.45758407031250004 0.8450886796875 0.4581662390625 0.83695329375 0.46340575 0.832546625 0.4715561015625
4 0.8339025234375 0.5204582156249999 0.837970215625 0.51929388125 0.8400040625 0.5134722015625 0.8393261140625 0.502411009375 0.834241496875 0.5000823359375001 0.8278009828125 0.5134722015625 0.8339025234375 0.5204582156249999
4 0.629161959375 0.47737778437499995 0.6311958062499999 0.48028862187500004 0.6430599109374999 0.48261729531249997 0.64577170625 0.470973934375 0.6423819625 0.462241415625 0.6335686265625 0.46165924687500004 0.6284840109375 0.4680630953125 0.629161959375 0.47737778437499995
4 0.5844173328125 0.4674809265625 0.5820445109375 0.47854211874999997 0.5840783593750001 0.486110303125 0.5915357953125 0.4896033109375 0.60001015625 0.486692471875 0.6054337484375 0.48028862187500004 0.606450671875 0.4698095984375 0.602721953125 0.46340575 0.5881460515625 0.46398791875 0.5844173328125 0.4674809265625
4 0.5311983453125 0.46165924687500004 0.530859371875 0.465152253125 0.5311983453125 0.47272043906250005 0.5372998859375 0.4779599515625 0.54001168125 0.47446694218749996 0.5420455265624999 0.46398791875 0.54035065625 0.45874840624999996 0.533571165625 0.455255396875 0.5311983453125 0.46165924687500004
4 0.537977834375 0.4948428234375 0.5383168078125 0.4948428234375 0.541367578125 0.4948428234375 0.5478080921874999 0.49309632031249995 0.5484860421875 0.48843897500000005 0.5450962968749999 0.48261729531249997 0.5389947578125 0.47737778437499995 0.5349270640625 0.48145295781249997 0.534588090625 0.4878568078125 0.537977834375 0.4948428234375
4 0.46984397187500004 0.44652287656249995 0.4681490984375 0.45409106250000003 0.4701829453125 0.46049490937500004 0.476623459375 0.46049490937500004 0.47899628125 0.455255396875 0.476962434375 0.4476872140625 0.4708608953125 0.445940709375 0.46984397187500004 0.44652287656249995
4 0.4664542265625 0.47737778437499995 0.46509832968750003 0.482035128125 0.46984397187500004 0.486692471875 0.4742506390625 0.485528134375 0.4762844859375 0.4791242875 0.473572690625 0.47330260781250005 0.4681490984375 0.47330260781250005 0.4664542265625 0.47737778437499995
4 0.45357319843750005 0.44710504687499997 0.4508614015625 0.4581662390625 0.44408191406249997 0.4500158859375 0.43764139843749994 0.4494337171875 0.43526857812499997 0.46165924687500004 0.43594652656250005 0.47679561562500006 0.44340396406249993 0.47679561562500006 0.44950550468749995 0.47330260781250005 0.451878325 0.475631278125 0.4600137125 0.475631278125 0.46306448125 0.47039176562499996 0.46408140624999994 0.45641973281250003 0.46340345625 0.4447763734375 0.4545901203125 0.44186553437500004 0.45357319843750005 0.44710504687499997
4 0.412218315625 0.44826938125 0.4095065203125 0.45059805312499995 0.40815062187500006 0.46340575 0.4118793421875 0.4791242875 0.41662498281250004 0.48261729531249997 0.42272652343750006 0.4797064546875 0.4234044734375 0.4715561015625 0.42272652343750006 0.46282358281249997 0.41594703437499997 0.45059805312499995 0.412218315625 0.44826938125
4 0.3752701015625 0.4494337171875 0.37391420468750003 0.46165924687500004 0.3749311265625 0.47039176562499996 0.38001574374999997 0.48494596718749994 0.389846003125 0.4913498140625 0.4017101078125 0.48902114374999994 0.4037439546875 0.47272043906250005 0.4017101078125 0.46049490937500004 0.3935747203125 0.4511802203125 0.3834054890625 0.445940709375 0.3752701015625 0.4494337171875
4 0.3132377796875 0.4581662390625 0.3128988046875 0.462241415625 0.3122208546875 0.46864526250000005 0.310187009375 0.48319946406250003 0.31154290625000003 0.49251415156249995 0.3183223953125 0.49600715937500006 0.3227290625 0.49658932968749997 0.3295085515625 0.49658932968749997 0.336627015625 0.5012466703125 0.34577932499999997 0.501828840625 0.3464572734375 0.49251415156249995 0.3461183 0.48319946406250003 0.3444234265625 0.47446694218749996 0.33899983749999996 0.465152253125 0.33425419375 0.46165924687500004 0.336288040625 0.4511802203125 0.34205060625 0.4441942046875 0.336627015625 0.43080434062500006 0.33086445000000003 0.430222171875 0.3237459859375 0.4325508453125 0.317305471875 0.4447763734375 0.3132377796875 0.4581662390625
4 0.2688321265625 0.473884775 0.270188025 0.48087079062500004 0.271204946875 0.486110303125 0.2725608453125 0.495424990625 0.2769675125 0.501828840625 0.28340802656249997 0.501828840625 0.2874757203125 0.49600715937500006 0.28883161875 0.4901854796875 0.2901875171875 0.48727464062500003 0.29662803125 0.47621344531250004 0.2990008515625 0.4581662390625 0.29696700468750004 0.4511802203125 0.29120443906250004 0.4436120375 0.28137418125 0.4441942046875 0.275272640625 0.4500158859375 0.271204946875 0.46398791875 0.2688321265625 0.473884775
4 0.24205314531250002 0.457001903125 0.2417141703125 0.462241415625 0.24137519687500003 0.47039176562499996 0.24205314531250002 0.48436379843750005 0.24578186406250002 0.48727464062500003 0.2512054546875 0.48494596718749994 0.2579849453125 0.4779599515625 0.2613746890625 0.46922742968750003 0.2634085359375 0.457001903125 0.2627305859375 0.4436120375 0.256629046875 0.438372525 0.2515444296875 0.4412833640625 0.24307006874999998 0.4511802203125 0.24205314531250002 0.457001903125
4 0.22578237343750002 0.445940709375 0.2234095515625 0.4500158859375 0.222053653125 0.457001903125 0.222731603125 0.46398791875 0.22951109062500002 0.46864526250000005 0.2308669890625 0.4680630953125 0.2359516046875 0.46049490937500004 0.23730750312499999 0.451762390625 0.237646478125 0.4436120375 0.23256186093750003 0.4395368609375 0.2322228875 0.440119028125 0.2288331421875 0.4441942046875 0.22578237343750002 0.445940709375
4 0.1365492109375 0.48354304218750005 0.1388675453125 0.48708224062500005 0.1419586578125 0.49106383906250006 0.14556495625000002 0.4959302359375 0.1538079234375 0.5056630328125 0.16230848281250002 0.5184926296875 0.1702938578125 0.5180502296875 0.175960896875 0.5109718328125 0.1795671953125 0.504778234375 0.1824007140625 0.4954878359375 0.1842038640625 0.4861974390625 0.1847190484375 0.47513744375 0.1826583078125 0.46628944531250005 0.1803399734375 0.46053825000000004 0.17621848906249998 0.4521326515625 0.1679755234375 0.44195745468750003 0.158702184375 0.442842253125 0.1514895890625 0.44593905312500004 0.144792178125 0.44903585156250003 0.138609953125 0.45611425 0.1350036546875 0.4640774484375 0.1350036546875 0.4786766421875 0.1365492109375 0.48354304218750005
4 0.1208360546875 0.486639840625 0.1187753140625 0.4959302359375 0.12032087031250001 0.5030086359375 0.1236695765625 0.5056630328125 0.12830624375 0.506990234375 0.13835235937499998 0.506990234375 0.13783717499999998 0.49725743749999995 0.132427728125 0.48575503906249995 0.12392716875000001 0.484427840625 0.1208360546875 0.486639840625
4 0.09559196875 0.504335834375 0.0968799328125 0.506547834375 0.098940675 0.5087598328125 0.10254697343750001 0.5109718328125 0.1076988265625 0.5100870328125 0.1087291984375 0.503893434375 0.1087291984375 0.4959302359375 0.10821401093750001 0.484870240625 0.102804565625 0.4782342421875 0.097910303125 0.4764646453125 0.0945615984375 0.4791190421875 0.09301604218750001 0.484427840625 0.0937888203125 0.4946030375 0.09559196875 0.504335834375
4 0.066999178125 0.43753345625 0.061589729687500004 0.44018785625 0.0530891703125 0.446381453125 0.04433101875 0.46275024687500005 0.0404671265625 0.4795614421875 0.0404671265625 0.4928334375 0.044073425 0.506105434375 0.0515436140625 0.51672303125 0.058241025 0.5273406265625 0.06468084375000001 0.530879825 0.0767877 0.5304374265625 0.08451548125 0.5255710265625 0.0852882609375 0.5176078296875 0.0811667765625 0.5007966359375 0.0821971484375 0.49681503749999995 0.08631863125 0.49327583906249994 0.0865762234375 0.482658240625 0.08760659531250001 0.4720406453125 0.0888945578125 0.465404646875 0.0945615984375 0.45567185 0.1010014171875 0.4446118546875 0.107183640625 0.428243059375 0.10357734375000001 0.4171830640625 0.093531228125 0.4136438625 0.08503066718749999 0.4193950625 0.07781807187499999 0.42691585937500004 0.070605475 0.43532145624999996 0.066999178125 0.43753345625
4 0.0943040046875 0.4056806671875 0.0981678953125 0.4145286640625 0.10538049218750001 0.410989465625 0.11104753281249999 0.4003718671875 0.1064108640625 0.391523871875 0.0976527109375 0.3955054703125 0.095076784375 0.40169906875 0.0943040046875 0.4056806671875
4 0.0074952593750000004 0.41806786249999994 0.0080104453125 0.428243059375 0.0157382265625 0.42603105937499997 0.021405265625 0.423376659375 0.02526915625 0.42293426093750003 0.0273298984375 0.4216070625 0.0327393453125 0.4145286640625 0.033254531250000004 0.40833506562500005 0.0283602703125 0.40258386718750006 0.0211476734375 0.40214146875 0.015480634375 0.40435346875 0.0080104453125 0.410547065625 0.0074952593750000004 0.41806786249999994
4 0.0018282203125 0.43266705781250003 0.003116184375 0.447708653125 0.0041465546875 0.45522945000000004 0.00363136875 0.465404646875 0.0033737765625 0.4711558453125 0.0023434046875 0.48398544218749995 0.003116184375 0.5021238343750001 0.005434518750000001 0.504778234375 0.0072376671875000005 0.5003542359375001 0.00981359375 0.5021238343750001 0.014707856250000002 0.5149534296875 0.021662859375 0.51451103125 0.02578434375 0.506105434375 0.0286178625 0.4959302359375 0.029133046875000002 0.48708224062500005 0.0283602703125 0.4786766421875 0.027587490625 0.4693862453125 0.029648234375 0.45921104843749994 0.03196656875 0.44903585156250003 0.0337697171875 0.43797585625 0.034027309374999995 0.4242614609375 0.0304210109375 0.41983746093749996 0.0242387859375 0.4193950625 0.0196021171875 0.42204946093749995 0.00852563125 0.4251462609375 0.0018282203125 0.43266705781250003