4 0.3962336203125 0.503281709375 0.39447388437500003 0.49702976249999997 0.3918342828125 0.495987771875 0.38978125937499997 0.499634740625 0.3883148125 0.5058866875 0.38948796875 0.50953365625 0.3918342828125 0.5116176390625 0.3950604640625 0.5090126609375 0.3962336203125 0.503281709375
4 0.39447388437500003 0.52568451875 0.397700065625 0.5387094078125 0.40561887187499995 0.5465243421875 0.41119136562499997 0.5371464203125 0.4076718953125 0.5209955578125001 0.40327255937500006 0.5147436125 0.3974067765625 0.5173485906249999 0.39447388437500003 0.52568451875
4 0.42292293125 0.49859275 0.42028332968750004 0.4928617984375 0.4173504375 0.48921482968749996 0.40943163125000004 0.4928617984375 0.40561887187499995 0.5017187234375 0.40591216093750004 0.5137016203125 0.4132443890625 0.5241215312499999 0.41881688281249996 0.5215165546875 0.42145648593749996 0.50797066875 0.42292293125 0.49859275
4 0.4238027984375 0.51839058125 0.4255625328125 0.5251635234375 0.4282021359375 0.5298524828125 0.434654496875 0.5329784562500001 0.4396404125 0.5272475062499999 0.4428665921875 0.5147436125 0.4457994828125 0.5058866875 0.4428665921875 0.49442478437500004 0.43905383281250004 0.49338279375000005 0.4361209421875 0.48765184375 0.4361209421875 0.4866098515625 0.4267356890625 0.495987771875 0.4243893765625 0.5048446953125 0.4238027984375 0.51839058125
4 0.4452129046875 0.4824418875 0.4446263265625 0.49650876874999994 0.44755921875000004 0.49859275 0.4513719765625 0.49702976249999997 0.4534250015625 0.49546677656250004 0.455478025 0.4907778171875 0.458410915625 0.4866098515625 0.45958407343749996 0.48452586875000003 0.4613438078125 0.47931591406249996 0.46310354218749994 0.46785401093749995 0.4589974953125 0.46577002968750003 0.4510786875 0.4730639671875 0.4452129046875 0.4824418875
4 0.46574314531249994 0.492340803125 0.46398340937500004 0.50067673125 0.46339683125000003 0.50953365625 0.4636901203125 0.515785603125 0.464863278125 0.519432571875 0.47014248125 0.526726509375 0.47454181875 0.5303734796875 0.478647865625 0.526726509375 0.4815807578125 0.5173485906249999 0.48246062500000003 0.50953365625 0.48216733593749994 0.501197728125 0.48187404687499996 0.4928617984375 0.4777679984375 0.48608885625 0.47688813124999996 0.48504686562500005 0.4733686625 0.48608885625 0.46574314531249994 0.492340803125
4 0.51149625 0.5064076828124999 0.5065103343749999 0.4902568203125 0.5047506 0.48452586875000003 0.49859152812499996 0.48869383437499997 0.49477876875 0.50067673125 0.49331232343750003 0.5074496734375 0.4936056125 0.515785603125 0.495365346875 0.5225585453125 0.4982982390625 0.5288104921875 0.5029908640625 0.536625425 0.5062170453125 0.5376674171875 0.5135492734375 0.53610443125 0.5158955859375001 0.53610443125 0.517655321875 0.5251635234375 0.5173620328124999 0.51839058125 0.515309009375 0.51109664375 0.51149625 0.5064076828124999
4 0.5411184515625 0.51995356875 0.5370124046875 0.5100546515625 0.5361325375 0.50797066875 0.5349593796875001 0.5022397187500001 0.5343728015625 0.49546677656250004 0.5317332 0.4912988125 0.5285070203125 0.48921482968749996 0.5255741281249999 0.4881728390625 0.5214680796875 0.48921482968749996 0.518828478125 0.495987771875 0.5182419 0.503281709375 0.5208815015625 0.5116176390625 0.5226412375 0.5173485906249999 0.5255741281249999 0.524642528125 0.5317332 0.53141546875 0.5361325375 0.535583434375 0.537892271875 0.5376674171875 0.5399452953125 0.539230403125 0.5422916078125 0.5340204468749999 0.5428781875 0.524642528125 0.5411184515625 0.51995356875
4 0.5713272328125 0.50953365625 0.570447365625 0.5090126609375 0.568101053125 0.49755075781249997 0.566048028125 0.48765184375 0.5584225109375 0.4881728390625 0.5540231734375001 0.492340803125 0.5543164625 0.5022397187500001 0.55519633125 0.5090126609375 0.5557829078125 0.515785603125 0.5584225109375 0.5225585453125 0.5595956671875 0.5298524828125 0.56428829375 0.53454144375 0.5701540765625001 0.5376674171875 0.572793678125 0.5376674171875 0.5757265703125001 0.535583434375 0.5748467015625 0.5215165546875 0.572793678125 0.5137016203125 0.5713272328125 0.50953365625
4 0.614734025 0.5220375500000001 0.614147446875 0.51682759375 0.6170803375 0.508491665625 0.621479675 0.50067673125 0.62265283125 0.495987771875 0.62265283125 0.48921482968749996 0.6205998078125 0.48400487343750004 0.6182534937499999 0.4808789 0.6150273140625 0.47931591406249996 0.61150784375 0.47514795000000004 0.60593535 0.47931591406249996 0.60241588125 0.48556786093750004 0.5991896999999999 0.4902568203125 0.594497075 0.49702976249999997 0.5874581359375 0.510575646875 0.5874581359375 0.5147436125 0.587751425 0.5236005359375 0.5892178703125001 0.5293314875 0.5936172078124999 0.535583434375 0.5971366765624999 0.5413143859375 0.6018293031249999 0.54756633125 0.6088682421875 0.5496503140625 0.6144407359375 0.55069230625 0.6164937593750001 0.542877371875 0.617666915625 0.5340204468749999 0.614734025 0.5220375500000001
4 0.633211240625 0.5329784562500001 0.6352642640624999 0.5387094078125 0.637903865625 0.5465243421875 0.642303203125 0.5512133015625 0.6464092515625001 0.5527762875 0.6499287203125 0.5449613546875 0.6513951671875 0.535583434375 0.6490488531249999 0.5272475062499999 0.6458226734375 0.5236005359375 0.6393703125 0.51995356875 0.6335045296875 0.51995356875 0.632038084375 0.5251635234375 0.633211240625 0.5329784562500001
4 0.5780728828125 0.5340204468749999 0.5745534140624999 0.53610443125 0.574260125 0.5433983687499999 0.5810057734375 0.5470453359375 0.5839386656250001 0.5470453359375 0.58452524375 0.5444403578125 0.580712484375 0.53610443125 0.5780728828125 0.5340204468749999