0 0.509375 0.525 0.7515625 0.94375
5 0.5180175828125 0.502501440625 0.5271826515625 0.48332359843750006 0.512185284375 0.47081630625 0.49218872812500003 0.474985403125 0.48385683593750006 0.48749269531249995 0.491355553125 0.49916618125 0.507186096875 0.50583673125 0.5180175828125 0.502501440625
5 0.91796875 0.32890625 0.08984375 0.10703125
5 0.8912863312500001 0.40577839375 0.8991666468749999 0.431458334375 0.9137825421875 0.431626784375 0.9179484890625 0.42162094375 0.9121160625 0.40327694062499997 0.8912863312500001 0.40577839375
5 0.907950115625 0.474985403125 0.90545065 0.45247227187499994 0.8971187578125001 0.446635528125 0.882121325 0.45664136875 0.87624998125 0.462708334375 0.882121325 0.4766530484375 0.9021178171875001 0.48165595312500004 0.907950115625 0.474985403125
5 0.4746917671875 0.7468105734375 0.49385508125 0.751813478125 0.502186975 0.7293003765625 0.4905223125 0.702618115625 0.47719129687499995 0.708454890625 0.4705258203125 0.724297409375 0.4746917671875 0.7468105734375
5 0.3955387875 0.49666469687500003 0.378875003125 0.510839634375 0.377291646875 0.5304166671874999 0.4063702109375 0.531685121875 0.408869803125 0.510005828125 0.3955387875 0.49666469687500003
5 0.4930219046875 0.29237894062500003 0.47302535 0.2907113265625 0.45969433593750003 0.3098891375 0.4513624421875 0.3190611546875 0.46969258125 0.3374051890625 0.502291646875 0.33250000156250004 0.5255162984374999 0.32406410625 0.528015828125 0.3073877171875 0.51135204375 0.299049521875 0.4930219046875 0.29237894062500003
5 0.88984375 0.58125 0.190625 0.34296875
5 0.7088179343750001 0.32906699375000004 0.7021523953125001 0.2973818453125 0.669658065625 0.3007171359375 0.672990771875 0.310722959375 0.6738240125 0.3415742859375 0.7088179343750001 0.32906699375000004
5 0.5863390765625 0.4941632453125 0.58874998125 0.5231250015625 0.6180004203125 0.5125072796875 0.616333940625 0.494997084375 0.5971705625 0.48332359843750006 0.5863390765625 0.4941632453125
5 0.471358996875 0.6267405562499999 0.4896891359375 0.6175685546875 0.48885595937500004 0.5950554218749999 0.486666646875 0.5825000015625 0.47552494375 0.5650379015625 0.45802798281249996 0.5692069984375 0.45636156562499997 0.5975568734375 0.471358996875 0.6267405562499999
5 0.73130759375 0.7501458640625 0.7496377328125 0.7643207703125 0.7596361046875 0.74180766875 0.7404727265625 0.74180766875 0.73130759375 0.7501458640625
5 0.877948953125 0.845333740625 0.8746161203125 0.8278235453124999 0.860451928125 0.830325028125 0.8337898984375001 0.8620101312499999 0.8354562515625 0.880354196875 0.8529532765625 0.8886923921875001 0.8671174687500001 0.8753512296875 0.877948953125 0.845333740625