3 0.11796875 0.58203125 0.2359375 0.2578125
3 0.45390625 0.56875 0.2921875 0.2578125
3 0.8234375 0.5796875 0.3359375 0.2453125
4 0.26953125 0.57578125 0.078125 0.1109375
4 0.6265625 0.6359375 0.0640625 0.0625
5 0.7399973796875 0.328024709375 0.73687296875 0.3546027171875 0.7415594671875 0.3827441125 0.766555240625 0.4077586734375 0.7837398640625 0.38430750156250004 0.7837398640625 0.3499124953125 0.768117565625 0.328024709375 0.7399973796875 0.328024709375
5 0.8805980671875 0.8674017453125 0.86810018125 0.8861626359375 0.8727869171875 0.9049235265625001 0.8968749640624999 0.9261718765625 0.9321517 0.9080504218750001 0.9321517 0.8861626359375 0.904031515625 0.8611480765625 0.8805980671875 0.8674017453125
5 0.4869160734375 0.31082720625000004 0.490040484375 0.3499124953125 0.5121093390625 0.3558593765625 0.5165984640625 0.326461321875 0.496289428125 0.29362964375 0.4869160734375 0.31082720625000004
5 0.9462116734375 0.357729553125 0.9652343390624999 0.3792968765625 0.9868297453125001 0.36398316249999996 0.9774562703124999 0.3358417671875 0.9493360859375001 0.328024709375 0.9462116734375 0.357729553125
5 0.2666416875 0.3905611703125 0.290075134375 0.39368800625 0.28851292968750003 0.3546027171875 0.27289063125 0.37180022031250004 0.2666416875 0.3905611703125
5 0.59140625 0.15625 0.053125 0.12109375