3 0.11796875 0.58203125 0.2359375 0.2578125
3 0.45390625 0.56875 0.2921875 0.2578125
3 0.8234375 0.5796875 0.3359375 0.2453125
4 0.26953125 0.57578125 0.078125 0.1109375
4 0.6265625 0.6359375 0.0640625 0.0625
5 0.590625 0.16171875 0.07109375 0.15078125
5 0.92109375 0.30859375 0.02890625 0.0453125
5 0.96640625 0.35703125 0.01875 0.03828125
5 0.50234375 0.33828125 0.03828125 0.0578125
5 0.7609375 0.36875 0.0453125 0.071875
5 0.5 0.41328125 0.0421875 0.0484375
5 0.23125 0.1984375 0.0328125 0.040625
5 0.1515625 0.21171875 0.02421875 0.0390625
5 0.22890625 0.2484375 0.028125 0.03125
5 0.69921875 0.08125 0.03125 0.06796875
5 0.90078125 0.90234375 0.04375 0.06171875