3 0.50703125 0.5359375 0.9546875 0.2578125
5 0.490625 0.765625 0.178125 0.109375
5 0.10390625 0.7328125 0.0703125 0.09375
5 0.6609375 0.7125 0.0640625 0.046875
5 0.471875 0.33359375 0.03984375 0.08515625
5 0.621875 0.44765625 0.0484375 0.0890625
5 0.7953125 0.73828125 0.0203125 0.03046875
5 0.74609375 0.36015625 0.05703125 0.06328125
5 0.0546875 0.35859375 0.0234375 0.0328125
5 0.16875 0.3625 0.03671875 0.05546875
5 0.54609375 0.88515625 0.021875 0.0359375
5 0.63828125 0.83359375 0.034375 0.03359375
5 0.3125 0.80703125 0.03359375 0.05859375