5 0.24921875 0.61328125 0.09453125 0.05
5 0.47578125 0.33515625 0.06875 0.0609375
5 0.215625 0.4015625 0.0796875 0.09453125
5 0.190625 0.28125 0.0765625 0.065625
5 0.3078125 0.153125 0.0609375 0.059375
5 0.28984375 0.0328125 0.103125 0.053125
5 0.18984375 0.06796875 0.059375 0.0421875
5 0.11796875 0.06484375 0.040625 0.0390625
5 0.0359375 0.08203125 0.0484375 0.0546875
5 0.103125 0.10703125 0.0421875 0.0453125
5 0.103125 0.1703125 0.09609375 0.0625
5 0.0484375 0.29375 0.0734375 0.059375
5 0.13828125 0.4578125 0.05703125 0.059375
5 0.11953125 0.7640625 0.05390625 0.0546875
5 0.2515625 0.8015625 0.0578125 0.0546875
5 0.215625 0.89140625 0.0640625 0.075
5 0.32578125 0.31796875 0.08125 0.0609375
5 0.4765625 0.3328125 0.06171875 0.05078125
5 0.446875 0.36484375 0.0734375 0.0609375
5 0.021875 0.7890625 0.0359375 0.0734375
5 0.1234375 0.88203125 0.07734375 0.06484375
5 0.0390625 0.4640625 0.0421875 0.0375
5 0.0265625 0.52578125 0.0328125 0.03984375
5 0.12890625 0.5546875 0.03828125 0.03515625
5 0.11171875 0.390625 0.03828125 0.046875
5 0.18125 0.20859375 0.04921875 0.0453125
5 0.16953125 0.12109375 0.02890625 0.03359375