4 0.2089328984375 0.472591096875 0.19598748906250002 0.47740799375 0.1905684796875 0.48008404843749997 0.1845473578125 0.48650657812500003 0.1872568625 0.5030981109375 0.19598748906250002 0.5100558515625 0.20622339374999998 0.5186192234375 0.21736246874999998 0.5127319046875 0.2272973171875 0.5014924796875 0.221878309375 0.47740799375 0.2089328984375 0.472591096875
4 0.2730578375 0.48971784218750003 0.26824094062500003 0.4683094125 0.2507796890625 0.46777420156250005 0.24505962499999998 0.470985465625 0.2327163265625 0.491858684375 0.23843639218749998 0.517013590625 0.23813533593749997 0.5282530171875 0.24927440937499998 0.5410980750000001 0.2628219328125 0.5250417515625 0.2706493890625 0.509520640625 0.2730578375 0.48971784218750003
4 0.29443281718750003 0.5223656984375 0.3004539390625 0.505774165625 0.2995507703125 0.48222489218750003 0.28329374375 0.4704502546875 0.2760683984375 0.46991504375000004 0.2718536125 0.48222489218750003 0.2709504453125 0.507379796875 0.27365995 0.5309290703125 0.2866053609375 0.5336051234375 0.29443281718750003 0.5223656984375
4 0.3179151890625 0.49988684531249994 0.315506740625 0.48650657812500003 0.307077171875 0.484365734375 0.3028623875 0.49292910624999997 0.3004539390625 0.5116614828125 0.3055718921875 0.5186192234375 0.31249618125 0.5175488015624999 0.315506740625 0.514872746875 0.3179151890625 0.49988684531249994
4 0.41184467812500003 0.48115446874999995 0.41214573281250005 0.4945347390625 0.419070021875 0.49721079375 0.4253922 0.484365734375 0.418768965625 0.4720558875 0.41545734999999995 0.470985465625 0.41184467812500003 0.48115446874999995
4 0.46452948593750004 0.4640277265625 0.457906253125 0.472591096875 0.45278830000000003 0.48650657812500003 0.45188513124999996 0.495605159375 0.45971258906249995 0.5052389546875 0.47115271875 0.5068445859375 0.48229179218749996 0.5014924796875 0.485904465625 0.4859713671875 0.48078651250000004 0.46777420156250005 0.4720558875 0.46349251562499993 0.46452948593750004 0.4640277265625
4 0.493430865625 0.5020276890625001 0.5084836703125 0.517013590625 0.5111931734375 0.520760065625 0.5214290796875 0.5282530171875 0.5346755453125 0.532534703125 0.5394924421875 0.5303938593749999 0.552136796875 0.520760065625 0.570200159375 0.49292910624999997 0.5695980484375001 0.4720558875 0.5632758703125 0.45814040624999997 0.5443093390625 0.44208408437499996 0.52835336875 0.4303094484375 0.5193216875 0.42977423750000004 0.5069783890624999 0.44476013906249995 0.4943340359375 0.46242209375 0.48951713906250005 0.470985465625 0.493430865625 0.5020276890625001
4 0.5220311921875 0.5576896078125 0.533772378125 0.56197129375 0.5364818828125 0.5389572312500001 0.5274502015625 0.5303938593749999 0.5208269671875 0.5389572312500001 0.5220311921875 0.5576896078125
4 0.6204765203125 0.46349251562499993 0.608133221875 0.46991504375000004 0.6024131578125 0.472591096875 0.5981983734375 0.4720558875 0.5831455703125 0.4704502546875 0.5753181125 0.47740799375 0.5674906562500001 0.5030981109375 0.5816402890625 0.5250417515625 0.599703653125 0.5223656984375 0.6102406140625 0.5336051234375 0.6204765203125 0.5416332859375 0.6310134828125 0.5346755453125 0.6373356578125 0.5298586484375 0.6517863484374999 0.5250417515625 0.655700078125 0.509520640625 0.6514852921875 0.49292910624999997 0.6436578359375 0.47794320625 0.6373356578125 0.472591096875 0.6295082015625 0.46777420156250005 0.6204765203125 0.46349251562499993
4 0.675268721875 0.50095726875 0.666237040625 0.49667558125 0.6590116953125 0.50470374375 0.66081803125 0.526647384375 0.6650328156249999 0.532534703125 0.673161328125 0.536281178125 0.67948350625 0.526647384375 0.6797845609375 0.5063093750000001 0.675268721875 0.50095726875
4 0.7065785499999999 0.50470374375 0.7053743265625 0.491323475 0.694536309375 0.4907882640625 0.6903215234375 0.491858684375 0.6843004015624999 0.49506995 0.683096178125 0.5014924796875 0.683096178125 0.511126271875 0.683096178125 0.51968964375 0.683397234375 0.526647384375 0.6861067390625 0.5319994921875 0.694837365625 0.534140334375 0.70808383125 0.5373516 0.7125996703124999 0.536281178125 0.715309175 0.5298586484375 0.711395446875 0.5143375375 0.7107933359375 0.5132671156249999 0.7065785499999999 0.50470374375
4 0.7844578578125 0.5450631484375 0.7773219484375 0.5516249046875 0.7770758828125001 0.565623315625 0.7829814640625 0.5756846734375001 0.7918398328125 0.576559575 0.80192853125 0.5730599703125 0.8147239546874999 0.57087271875 0.8181688765624999 0.56912291875 0.8201374031249999 0.5612488109375 0.8115250984375001 0.5511874531250001 0.801190334375 0.5459380484375 0.7930701625000001 0.5455005984375 0.7844578578125 0.5450631484375
4 0.7473019187500001 0.5310647375 0.7394278109375 0.5336894390625 0.7381974828125 0.5463755 0.75099290625 0.5520623546875 0.759851275 0.5520623546875 0.7664950515625 0.5446256984375 0.7618198015625001 0.5332519890625 0.75099290625 0.5293149359375 0.7473019187500001 0.5310647375