4 0.8154526421874999 0.48650657812500003 0.8094315203125 0.48008404843749997 0.8040125109374999 0.47740799375 0.7910671015624999 0.472591096875 0.778121690625 0.47740799375 0.7727026828125 0.5014924796875 0.78263753125 0.5127319046875 0.79377660625 0.5186192234375 0.8040125109374999 0.5100558515625 0.8127431375 0.5030981109375 0.8154526421874999 0.48650657812500003
4 0.754940375 0.470985465625 0.7492203109375 0.46777420156250005 0.7317590593750001 0.4683094125 0.7269421625 0.48971784218750003 0.7293506109375001 0.509520640625 0.7371780671875 0.5250417515625 0.750725590625 0.5410980750000001 0.7618646640625 0.5282530171875 0.7615636078125 0.517013590625 0.7672836734375 0.491858684375 0.754940375 0.470985465625
4 0.6995460609374999 0.505774165625 0.7055671828125 0.5223656984375 0.7133946390625 0.5336051234375 0.72634005 0.5309290703125 0.7290495546875 0.507379796875 0.7281463875 0.48222489218750003 0.7239316015624999 0.46991504375000004 0.71670625625 0.4704502546875 0.7004492296875 0.48222489218750003 0.6995460609374999 0.505774165625
4 0.684493259375 0.514872746875 0.68750381875 0.5175488015624999 0.6944281078125 0.5186192234375 0.6995460609374999 0.5116614828125 0.6971376125 0.49292910624999997 0.6929228281250001 0.484365734375 0.684493259375 0.48650657812500003 0.6820848109375001 0.49988684531249994 0.684493259375 0.514872746875
4 0.5878542671875 0.4945347390625 0.588155321875 0.48115446874999995 0.58454265 0.470985465625 0.581231034375 0.4720558875 0.5746078 0.484365734375 0.580929978125 0.49721079375 0.5878542671875 0.4945347390625
4 0.54811486875 0.495605159375 0.5472117 0.48650657812500003 0.542093746875 0.472591096875 0.5354705140625 0.4640277265625 0.5279441125 0.46349251562499993 0.5192134875 0.46777420156250005 0.514095534375 0.4859713671875 0.5177082078125 0.5014924796875 0.52884728125 0.5068445859375 0.5402874109375 0.5052389546875 0.54811486875 0.495605159375
4 0.5104828609375 0.470985465625 0.5056659640625 0.46242209375 0.4930216109375 0.44476013906249995 0.4806783125 0.42977423750000004 0.47164663124999995 0.4303094484375 0.4556906609375 0.44208408437499996 0.4367241296875 0.45814040624999997 0.4304019515625 0.4720558875 0.429799840625 0.49292910624999997 0.447863203125 0.520760065625 0.46050755781249997 0.5303938593749999 0.46532445468750006 0.532534703125 0.47857092031250004 0.5282530171875 0.48880682656249996 0.520760065625 0.4915163296875 0.517013590625 0.5065691343750001 0.5020276890625001 0.5104828609375 0.470985465625
4 0.4725497984375 0.5303938593749999 0.46351811718749997 0.5389572312500001 0.466227621875 0.56197129375 0.4779688078125 0.5576896078125 0.4791730328125 0.5389572312500001 0.4725497984375 0.5303938593749999
4 0.3975868421875 0.472591096875 0.391866778125 0.46991504375000004 0.3795234796875 0.46349251562499993 0.3704917984375 0.46777420156250005 0.3626643421875 0.472591096875 0.3563421640625 0.47794320625 0.3485147078125 0.49292910624999997 0.34429992187499997 0.509520640625 0.3482136515625 0.5250417515625 0.3626643421875 0.5298586484375 0.36898651718750003 0.5346755453125 0.3795234796875 0.5416332859375 0.38975938593750004 0.5336051234375 0.400296346875 0.5223656984375 0.4183597109375 0.5250417515625 0.43250934374999994 0.5030981109375 0.42468188749999997 0.47740799375 0.41685442968749997 0.4704502546875 0.40180162656249996 0.4720558875 0.3975868421875 0.472591096875
4 0.3202154390625 0.5063093750000001 0.32051649375 0.526647384375 0.326838671875 0.536281178125 0.334967184375 0.532534703125 0.33918196875 0.526647384375 0.3409883046875 0.50470374375 0.333762959375 0.49667558125 0.32473127812499997 0.50095726875 0.3202154390625 0.5063093750000001
4 0.2892066640625 0.5132671156249999 0.288604553125 0.5143375375 0.284690825 0.5298586484375 0.28740032968749996 0.536281178125 0.29191616875 0.5373516 0.305162634375 0.534140334375 0.3138932609375 0.5319994921875 0.316602765625 0.526647384375 0.316903821875 0.51968964375 0.316903821875 0.511126271875 0.316903821875 0.5014924796875 0.3156995984375 0.49506995 0.30967847656249997 0.491858684375 0.305463690625 0.4907882640625 0.2946256734375 0.491323475 0.29342145 0.50470374375 0.2892066640625 0.5132671156249999
4 0.18183112343750002 0.56912291875 0.1852760453125 0.57087271875 0.19807146874999998 0.5730599703125 0.20816016718750002 0.576559575 0.2170185359375 0.5756846734375001 0.2229241171875 0.565623315625 0.22267805156249998 0.5516249046875 0.21554214218749998 0.5450631484375 0.2069298375 0.5455005984375 0.198809665625 0.5459380484375 0.1884749015625 0.5511874531250001 0.179862596875 0.5612488109375 0.18183112343750002 0.56912291875
4 0.24900709375000002 0.5293149359375 0.2381801984375 0.5332519890625 0.23350494843749997 0.5446256984375 0.240148725 0.5520623546875 0.24900709375000002 0.5520623546875 0.2618025171875 0.5463755 0.2605721890625 0.5336894390625 0.25269808125000004 0.5310647375 0.24900709375000002 0.5293149359375