4 0.611699921875 0.3824376921875 0.60703845625 0.374971446875 0.602376990625 0.3646016609375 0.5967832328125 0.36999395156250003 0.5970163046875 0.386170815625 0.6051738703125 0.40110330781250003 0.6130983609375 0.3998589328125 0.611699921875 0.3824376921875
4 0.567182925 0.374971446875 0.566017559375 0.368334784375 0.5573938468749999 0.3778749875 0.56135609375 0.3894891484375 0.570679025 0.3911483140625 0.5697467328125 0.3828524859375 0.567182925 0.374971446875
4 0.526628175 0.386170815625 0.5273273953125 0.3948814359375 0.5361841796875 0.3977849765625 0.5429433046875001 0.386170815625 0.5422440843749999 0.3728974890625 0.537116471875 0.3608685375 0.5294250546875 0.36128333125 0.524530515625 0.3758010296875 0.526628175 0.386170815625
4 0.4396918421875 0.40525122187499996 0.44435330781250004 0.429723915625 0.458570778125 0.42557600156250003 0.4690590765625 0.4118878828125 0.479780446875 0.396125809375 0.4879380125 0.3923926859375 0.5063508 0.379534153125 0.5023885546875 0.36169812343749996 0.49026874375 0.35215791875 0.4783820078125 0.3488395875 0.47232210312499995 0.35008396249999996 0.46299917187500006 0.35298750156250003 0.453676240625 0.36543124531250004 0.44948092187500005 0.359624165625 0.44365408906250003 0.349669171875 0.4275720328125 0.3488395875 0.42594052031249996 0.37455665625 0.431767353125 0.3836820671875 0.44109028281249996 0.38741519062499996 0.44458638281249996 0.3899039390625 0.4396918421875 0.40525122187499996
4 0.388415721875 0.369579159375 0.3898141625 0.3836820671875 0.395174846875 0.3923926859375 0.4110238296875 0.39902935 0.4161514421875 0.380778528125 0.412189196875 0.36252770624999997 0.4072946578125 0.358379790625 0.3949417734375 0.35298750156250003 0.388415721875 0.369579159375
4 0.3532216578125 0.37663061249999996 0.3592815625 0.38907435625 0.3662737609375 0.38451165 0.3679052734375 0.36501645312500003 0.36837142031250003 0.352572709375 0.35415395156249996 0.355061459375 0.3532216578125 0.37663061249999996
4 0.370702153125 0.35381708437500003 0.36767220156249997 0.37206790624999997 0.3704690796875 0.3824376921875 0.38049123125 0.39031873125 0.3905133828125 0.3716531171875 0.3898141625 0.35464666718750004 0.384453478125 0.3475952140625 0.3739651796875 0.34552125624999996 0.370702153125 0.35381708437500003
4 0.21545253125000002 0.3483674953125 0.22497427656250002 0.34797341249999997 0.2322816625 0.3448207671875 0.24291058593749998 0.34245628125 0.25243233125 0.3353628265625 0.24888935625 0.326298965625 0.2367103796875 0.3247226421875 0.22408853281250002 0.3274812078125 0.21390247968749998 0.3353628265625 0.21545253125000002 0.3483674953125
4 0.1288710875 0.40275065625 0.1350712921875 0.4078737078125 0.1450359078125 0.4031447375 0.1463645234375 0.3881696625 0.140607190625 0.37949988281249997 0.130199703125 0.3822584515625 0.12709959843750002 0.3917163921875 0.1288710875 0.40275065625
4 0.1100490328125 0.380288046875 0.1113776484375 0.385411096875 0.1131491359375 0.3901400671875 0.11713498281250001 0.3968394421875 0.1248852390625 0.39132231093750003 0.1279853421875 0.37516499375 0.12333518750000001 0.36964786250000004 0.11735641875 0.3680715375 0.11159908437499999 0.3739827515625 0.1100490328125 0.380288046875
4 0.11800471562499999 0.36418091874999997 0.1247195625 0.359102103125 0.13495970625 0.3414756296875 0.1359604515625 0.3300647359375 0.132024053125 0.32332872031250004 0.1175011015625 0.3223553828125 0.11145773750000001 0.33012298281249997 0.106421603125 0.33878684375 0.10356779218750001 0.3519320125 0.10843605781250001 0.364778428125 0.11615813281250001 0.366272196875 0.11800471562499999 0.36418091874999997
4 0.1432984515625 0.32940125625 0.13251999375 0.3439531203125 0.124714903125 0.3538748453125 0.1232282203125 0.3664423625 0.1284316125 0.3856243640625 0.145528478125 0.3816556734375 0.152590225 0.3657809125 0.163740353125 0.34726036250000003 0.171173771875 0.324109671875 0.16002364375 0.3181566359375 0.145900146875 0.32477111875000003 0.1432984515625 0.32940125625